10 493
10 524
10 1335
10 1011
10 436
10 509
10 1009
10 635
10 981
10 340
10 1143
10 125
10 1003
10 1348
10 982
10 1099
10 1258
10 343
10 1004
10 1010
10 437
10 628
10 949
10 758
10 971
10 1230
10 378
10 243
10 240
10 583
10 302
10 480
10 215
10 691
10 974
10 399
10 868
10 438
10 1269
10 608
10 481
10 29
10 789
10 571
10 519
10 82
10 178
10 606
10 505
10 430
10 171
10 303
10 1318
10 980
10 944
10 90
10 62
10 1156
10 506
10 407
10 1312
10 560
10 1124
10 518
10 203
10 182
10 586
10 197
10 592
10 176
10 1150
10 958
10 664
10 1105
10 1315
10 1286
10 328
10 988
10 77
10 1098
10 497
10 1159
10 570
10 490
10 546
10 168
10 774
10 258
10 671
10 1139
10 69
10 103
10 1227
10 776
10 624
10 339
10 695
10 1103
10 612
10 10
10 994
10 333
10 242
10 621
10 617
10 1046
10 668
10 405
10 616
10 582
10 148
10 834
10 483
10 550
10 1027
10 1158
10 566
10 308
10 1226
10 1393
10 575
10 1147
10 721
10 549
10 978
10 269
10 95
10 260
10 61
10 1319
10 1077
10 1214
10 1216
10 697
10 158
10 217
10 226
10 474
10 1237
10 475
10 604
10 364
10 85
10 927
10 1101
10 68
10 809
10 167
10 142
10 661
10 251
10 169
10 245
10 352
10 656
10 650
10 836
10 306
10 559
10 101
10 651
10 666
10 636
10 591
10 305
10 1256
10 1374
10 1274
10 183
10 1185
10 5
10 337
10 568
10 154
10 880
10 1114
10 1207
10 652
10 969
10 1336
10 1378
10 408
10 807
10 348
10 355
10 967
10 598
10 23
10 632
10 131
10 254
10 622
10 1297
10 1199
10 517
10 1201
10 1314
10 238
10 961
10 1282
10 1355
10 463
10 972
10 8
10 276
10 22
10 631
10 353
10 135
10 268
10 102
10 462
10 1161
10 595
10 1078
10 784
10 516
10 798
10 925
10 338
10 366
10 1142
10 795
10 280
10 332
10 646
10 1211
10 48
10 963
10 1085
10 253
10 1347
10 50
10 1006
10 816
10 1313
10 477
10 347
10 1249
10 1140
10 1254
10 960
10 19
10 175
10 993
10 578
10 1391
10 1236
10 959
10 896
10 435
10 973
10 274
10 98
10 358
10 910
10 442
10 665
10 66
10 534
10 1195
10 728
10 1243
10 413
10 109
10 876
10 584
10 623
10 33
10 160
10 174
10 1183
10 952
10 424
10 602
10 1177
10 1381
10 552
10 707
10 979
10 1386
10 485
10 466
10 510
10 948
10 1155
10 1107
10 966
10 1136
10 55
10 878
10 1326
10 1252
10 786
10 1102
10 983
10 1007
10 853
10 398
10 1346
10 823
10 375
10 319
10 692
10 1157
10 362
10 282
10 762
10 38
10 1057
10 611
10 1288
10 13
10 1076
10 121
10 1264
10 45
10 350
10 1268
10 1344
10 817
10 277
10 41
10 431
10 647
10 447
10 900
10 1191
10 500
10 145
10 381
10 498
10 1292
10 1380
10 51
10 73
10 365
10 1367
10 610
10 354
10 1349
10 1074
10 114
10 1263
10 1354
10 1065
10 1311
10 472
10 335
10 36
10 687
10 603
10 330
10 156
10 283
10 531
10 1008
10 810
10 1353
10 74
10 164
10 123
10 80
10 214
10 1291
10 514
10 1109
10 37
10 1225
10 300
10 1327
10 143
10 1244
10 34
10 185
10 140
10 990
10 1153
10 21
10 946
10 193
10 909
10 861
10 860
10 1223
10 1364
10 882
10 609
10 821
10 294
10 1072
10 394
10 314
10 1323
10 848
10 1360
10 163
10 1084
10 715
10 1037
10 270
10 962
10 1062
10 1019
10 1283
10 120
10 618
10 590
10 190
10 1270
10 108
10 395
10 883
10 525
10 1021
10 555
10 619
10 411
10 39
10 213
10 53
10 808
10 482
10 803
10 264
10 846
10 117
10 234
10 542
10 884
10 1187
10 393
10 170
10 1340
10 256
10 920
10 244
10 1298
10 1042
10 989
10 615
10 1043
10 173
10 543
10 450
10 6
10 495
10 1192
10 968
10 40
10 770
10 421
10 838
10 219
10 71
10 12
10 461
10 70
10 1266
10 222
10 965
10 512
10 871
10 1317
10 710
10 998
10 791
10 96
10 410
10 1228
10 726
10 1138
10 401
10 11
10 31
10 1305
10 1251
10 1267
10 996
10 717
10 1205
10 567
10 1219
10 88
10 97
10 1015
10 812
10 446
10 585
10 605
10 620
10 1369
10 426
10 1204
10 975
10 1261
10 564
10 1255
10 267
10 1190
10 745
10 72
10 768
10 1397
10 865
10 1171
10 1149
10 1253
10 655
10 386
10 1385
10 346
10 885
10 451
10 827
10 192
10 153
10 1372
10 913
10 1039
10 569
10 772
10 119
10 60
10 877
10 272
10 414
10 607
10 1331
10 370
10 357
10 670
10 511
10 1279
10 26
10 526
10 1217
10 1352
10 649
10 672
10 299
10 1285
10 63
10 396
10 389
10 765
10 719
10 194
10 528
10 553
10 56
10 383
10 829
10 548
10 1276
10 1250
10 1383
10 1111
10 1265
10 458
10 275
10 1049
10 700
10 208
10 828
10 139
10 1351
10 970
10 342
10 1129
10 744
10 527
10 228
10 938
10 224
10 907
10 180
10 999
10 1079
10 161
10 593
10 1295
10 1238
10 751
10 263
10 581
10 397
10 141
10 1093
10 492
10 144
10 840
10 1200
10 236
10 27
10 992
10 694
10 521
10 843
10 796
10 289
10 384
10 331
10 841
10 241
10 293
10 76
10 1028
10 345
10 1180
10 906
10 1162
10 1262
10 1104
10 1221
10 295
10 1359
10 669
10 106
10 301
10 86
10 456
10 977
10 329
10 874
10 761
10 1362
10 415
10 1299
10 4
10 554
10 908
10 427
10 1146
10 1125
10 1135
10 1071
10 725
10 334
10 540
10 1322
10 1247
10 533
10 310
10 690
10 1342
10 942
10 535
10 893
10 1115
10 35
10 159
10 104
10 87
10 1302
10 138
10 771
10 905
10 387
10 778
10 716
10 1345
10 1094
10 1306
10 889
10 1073
10 576
10 1209
10 166
10 1198
10 642
10 835
10 986
10 654
10 1145
10 588
10 704
10 754
10 75
10 539
10 368
10 515
10 1294
10 248
10 298
10 522
10 891
10 18
10 235
10 507
10 494
10 727
10 351
10 747
10 273
10 1083
10 1328
10 261
10 1392
10 1373
10 1395
10 814
10 561
10 1284
10 124
10 459
10 255
10 1
10 127
10 854
10 696
10 714
10 116
10 207
10 487
10 787
10 513
10 1377
10 179
10 327
10 112
10 425
10 1026
10 775
10 79
10 1210
10 1025
10 199
10 1166
10 400
10 464
10 502
10 537
10 133
10 479
10 934
10 422
10 1063
10 881
10 134
10 954
10 297
10 819
10 659
10 57
10 1151
10 842
10 391
10 107
10 30
10 406
10 648
10 110
10 733
10 409
10 749
10 231
10 43
10 1090
10 1382
10 1293
10 1069
10 250
10 1030
10 1100
10 1239
10 759
10 372
10 763
10 850
10 752
10 196
10 181
10 1321
10 281
10 641
10 3
10 360
10 1154
10 945
10 678
10 1123
10 589
10 204
10 246
10 221
10 866
10 1086
10 693
10 151
10 862
10 439
10 1121
10 748
10 720
10 888
10 402
10 191
10 230
10 737
10 1325
10 601
10 847
10 594
10 529
10 491
10 324
10 806
10 449
10 558
10 551
10 941
10 831
10 675
10 799
10 736
10 288
10 206
10 49
10 122
10 943
10 557
10 429
10 1301
10 440
10 465
10 457
10 855
10 830
10 1379
10 1278
10 633
10 939
10 177
10 947
10 304
10 291
10 128
10 766
10 916
10 800
10 997
10 1234
10 9
10 1232
10 504
10 573
10 216
10 547
10 873
10 698
10 445
10 640
10 137
10 702
10 363
10 1339
10 1208
10 184
10 901
10 729
10 879
10 587
10 32
10 1215
10 780
10 637
10 1022
10 572
10 285
10 689
10 1246
10 266
10 955
10 433
10 750
10 377
10 1012
10 478
10 536
10 460
10 895
10 1368
10 1178
10 1188
10 926
10 887
10 1173
10 935
10 976
10 859
10 443
10 1277
10 663
10 1182
10 1287
10 1303
10 741
10 1189
10 218
10 1361
10 781
10 1165
10 932
10 911
10 1175
10 105
10 596
10 1172
10 1196
10 630
10 851
10 84
10 1080
10 325
10 412
10 1034
10 1061
10 788
10 91
10 818
10 680
10 312
10 508
10 898
10 1384
10 89
10 1310
10 1273
10 322
10 1141
10 870
10 629
10 1118
10 1176
10 904
10 24
10 149
10 826
10 1133
10 313
10 265
10 287
10 93
10 849
10 326
10 645
10 1020
10 673
10 857
10 239
10 262
10 1067
10 1005
10 1050
10 419
10 723
10 189
10 369
10 1257
10 773
10 639
10 132
10 544
10 501
10 599
10 1366
10 711
10 1341
10 755
10 917
10 839
10 316
10 1260
10 676
10 205
10 793
10 1031
10 804
10 1068
10 844
10 657
10 638
10 1089
10 1060
10 1002
10 574
10 1055
10 1045
10 915
10 380
10 708
10 488
10 1033
10 47
10 1029
10 188
10 1130
10 643
10 220
10 126
10 562
10 1389
10 1197
10 212
10 1148
10 1370
10 833
10 1018
10 545
10 538
10 845
10 1202
10 863
10 1056
10 1329
10 17
10 428
10 1108
10 785
10 1390
10 271
10 210
10 1052
10 532
10 162
10 964
10 1081
10 1058
10 1167
10 1023
10 1388
10 157
10 1044
10 792
10 1014
10 987
10 805
10 467
10 662
10 580
10 344
10 1259
10 681
10 1160
10 931
10 311
10 385
10 1001
10 556
10 404
10 1170
10 922
10 953
10 223
10 730
10 65
10 1212
10 1179
10 679
10 813
10 912
10 315
10 1040
10 1048
10 54
10 858
10 1106
10 1275
10 1075
10 731
10 1338
10 658
10 930
10 432
10 376
10 520
10 626
10 683
10 653
10 503
10 644
10 434
10 367
10 111
10 746
10 349
10 249
10 58
10 453
10 416
10 25
10 1164
10 783
10 1371
10 67
10 864
10 1308
10 341
10 1399
10 379
10 418
10 892
10 172
10 1356
10 225
10 1163
10 470
10 597
10 1248
10 1186
10 769
10 1300
10 115
10 323
10 1375
10 1350
10 1242
10 1064
10 713
10 625
10 875
10 667
10 279
10 454
10 712
10 468
10 790
10 100
10 1117
10 923
10 195
10 1054
10 1070
10 1241
10 1333
10 336
10 1233
10 444
10 1013
10 237
10 811
10 914
10 985
10 523
10 1272
10 1047
10 1144
10 252
10 1120
10 1387
10 600
10 1218
10 441
10 486
10 919
10 1032
10 706
10 660
10 1365
10 563
10 1126
10 984
10 1066
10 1324
10 1394
10 257
10 890
10 684
10 373
10 1363
10 484
10 286
10 1337
10 991
10 129
10 83
10 1110
10 924
10 52
10 1271
10 81
10 321
10 822
10 852
10 824
10 198
10 28
10 1128
10 1304
10 709
10 951
10 777
10 1016
10 1396
10 232
10 530
10 1181
10 929
10 7
10 957
10 309
10 753
10 764
10 259
10 1398
10 227
10 1245
10 473
10 1357
10 165
10 732
10 64
10 152
10 1051
10 1119
10 903
10 1307
10 1231
10 1095
10 724
10 797
10 739
10 867
10 2
10 136
10 738
10 392
10 742
10 1281
10 1376
10 1222
10 837
10 318
10 92
10 1096
10 886
10 634
10 455
10 1316
10 417
10 307
10 674
10 211
10 856
10 686
10 469
10 44
10 1400
10 390
10 356
10 1203
10 186
10 296
10 1193
10 802
10 16
10 1041
10 1097
10 320
10 147
10 382
10 292
10 565
10 187
10 361
10 1131
10 209
10 1017
10 1024
10 627
10 1091
10 743
10 1038
10 1296
10 448
10 1169
10 150
10 1000
10 782
10 685
10 936
10 577
10 820
10 735
10 1053
10 1087
10 541
10 1122
10 722
10 452
10 950
10 1332
10 1330
10 1343
10 613
10 290
10 388
10 1213
10 1220
10 940
10 579
10 767
10 420
10 899
10 894
10 937
10 113
10 902
10 869
10 757
10 1035
10 1127
10 78
10 956
10 1092
10 130
10 688
10 1082
10 94
10 801
10 1059
10 499
10 779
10 1184
10 403
10 1132
10 1168
10 1113
10 872
10 1134
10 1320
10 1229
10 1224
10 928
10 247
10 46
10 703
10 614
10 760
10 146
10 200
10 734
10 897
10 59
10 1289
10 1290
10 374
10 815
10 155
10 1036
10 496
10 233
10 701
10 699
10 99
10 229
10 1116
10 284
10 278
10 756
10 317
10 1235
10 201
10 476
10 1309
10 359
10 1206
10 15
10 832
10 794
10 718
10 677
10 1174
10 1280
10 42
10 1152
10 918
10 1088
10 371
10 1334
10 1112
10 740
10 202
10 1358
10 705
10 921
10 14
10 423
10 118
10 1240
10 933
10 682
10 489
10 1137
10 20
10 825
10 1194
