12 650
12 592
12 215
12 203
12 258
12 1124
12 671
12 896
12 242
12 340
12 1266
12 608
12 543
12 176
12 598
12 1227
12 39
12 774
12 426
12 631
12 795
12 624
12 514
12 803
12 971
12 51
12 226
12 61
12 131
12 431
12 880
12 516
12 721
12 578
12 333
12 1159
12 438
12 994
12 860
12 60
12 1062
12 175
12 1286
12 1074
12 678
12 632
12 1009
12 925
12 1142
12 269
12 1269
12 698
12 1331
12 798
12 490
12 287
12 676
12 807
12 519
12 141
12 762
12 1270
12 749
12 474
12 378
12 40
12 588
12 409
12 1352
12 76
12 38
12 197
12 652
12 277
12 1292
12 791
12 1265
12 29
12 391
12 1155
12 1219
12 243
12 1244
12 772
12 1076
12 217
12 1349
12 781
12 988
12 960
12 214
12 1339
12 1161
12 1323
12 727
12 965
12 697
12 1006
12 550
12 986
12 999
12 337
12 41
12 430
12 758
12 1267
12 154
12 206
12 665
12 506
12 1099
12 1114
12 1353
12 95
12 1318
12 642
12 809
12 990
12 498
12 178
12 927
12 358
12 174
12 748
12 1335
12 636
12 911
12 52
12 222
12 1011
12 1141
12 120
12 861
12 606
12 308
12 5
12 1272
12 1225
12 19
12 339
12 589
12 672
12 571
12 1177
12 704
12 493
12 770
12 876
12 967
12 717
12 1306
12 23
12 973
12 1305
12 511
12 357
12 1347
12 945
12 989
12 213
12 398
12 1314
12 687
12 1243
12 1355
12 314
12 1084
12 593
12 868
12 338
12 74
12 602
12 1207
12 591
12 1195
12 813
12 814
12 407
12 483
12 335
12 1090
12 535
12 1107
12 700
12 910
12 193
12 216
12 48
12 978
12 240
12 1037
12 583
12 1105
12 1069
12 21
12 239
12 331
12 836
12 148
12 595
12 1328
12 728
12 384
12 526
12 443
12 938
12 755
12 1143
12 1165
12 235
12 972
12 963
12 276
12 413
12 509
12 485
12 77
12 604
12 10
12 492
12 559
12 987
12 1258
12 534
12 544
12 1283
12 411
12 612
12 1187
12 264
12 568
12 289
12 719
12 435
12 961
12 566
12 348
12 250
12 160
12 582
12 1348
12 1342
12 425
12 182
12 584
12 399
12 823
12 944
12 408
12 1336
12 1093
12 1311
12 1340
12 248
12 71
12 985
12 475
12 848
12 62
12 1294
12 362
12 567
12 981
12 816
12 472
12 974
12 352
12 375
12 790
12 137
12 1246
12 1004
12 821
12 638
12 505
12 661
12 312
12 461
12 1115
12 1021
12 695
12 783
12 346
12 280
12 1156
12 90
12 445
12 879
12 920
12 50
12 1175
12 1154
12 268
12 655
12 900
12 923
12 260
12 106
12 702
12 477
12 771
12 219
12 210
12 924
12 1139
12 288
12 56
12 694
12 4
12 112
12 590
12 433
12 238
12 72
12 1277
12 1230
12 569
12 368
12 1077
12 66
12 1216
12 1101
12 1256
12 306
12 1001
12 1288
12 841
12 599
12 1312
12 1210
12 212
12 1158
12 80
12 1197
12 241
12 1315
12 549
12 513
12 1192
12 1360
12 142
12 510
12 726
12 291
12 98
12 305
12 245
12 980
12 1078
12 1275
12 26
12 161
12 635
12 199
12 570
12 18
12 979
12 145
12 882
12 799
12 1007
12 952
12 75
12 254
12 1329
12 984
12 508
12 1313
12 231
12 784
12 780
12 1019
12 708
12 301
12 643
12 234
12 664
12 1109
12 808
12 1066
12 1162
12 354
12 310
12 998
12 171
12 97
12 946
12 68
12 715
12 1188
12 1351
12 366
12 1378
12 751
12 1008
12 983
12 158
12 997
12 1367
12 812
12 977
12 1140
12 527
12 125
12 1064
12 164
12 796
12 1317
12 1239
12 597
12 297
12 1397
12 666
12 1285
12 138
12 1
12 497
12 322
12 1089
12 1149
12 1291
12 343
12 224
12 468
12 539
12 609
12 838
12 256
12 1228
12 319
12 140
12 512
12 885
12 1085
12 908
12 1302
12 389
12 1171
12 27
12 37
12 1254
12 1111
12 842
12 646
12 846
12 810
12 442
12 36
12 647
12 993
12 586
12 45
12 1249
12 714
12 1293
12 1346
12 600
12 768
12 482
12 948
12 763
12 192
12 1201
12 1183
12 877
12 775
12 1157
12 633
12 1223
12 1130
12 194
12 1151
12 55
12 1211
12 270
12 949
12 654
12 266
12 1039
12 470
12 1218
12 605
12 69
12 711
12 1386
12 916
12 1094
12 156
12 692
12 710
12 545
12 1278
12 744
12 558
12 651
12 525
12 107
12 575
12 1182
12 332
12 481
12 546
12 342
12 683
12 57
12 179
12 393
12 827
12 196
12 31
12 386
12 1071
12 1233
12 931
12 1300
12 1005
12 874
12 1362
12 207
12 904
12 723
12 395
12 515
12 696
12 347
12 1327
12 169
12 839
12 326
12 1354
12 13
12 32
12 133
12 1200
12 1282
12 1176
12 520
12 1297
12 204
12 1326
12 521
12 383
12 450
12 465
12 1364
12 458
12 65
12 364
12 533
12 934
12 451
12 1042
12 1276
12 1214
12 1003
12 831
12 847
12 151
12 43
12 1046
12 345
12 334
12 863
12 1247
12 932
12 400
12 970
12 427
12 754
12 253
12 1147
12 909
12 440
12 528
12 901
12 1393
12 221
12 884
12 1010
12 1106
12 1081
12 759
12 707
12 564
12 251
12 303
12 524
12 741
12 356
12 6
12 183
12 658
12 410
12 127
12 845
12 947
12 261
12 1373
12 1359
12 96
12 594
12 725
12 91
12 720
12 834
12 857
12 746
12 377
12 765
12 3
12 168
12 966
12 424
12 670
12 776
12 12
12 1232
12 1221
12 1083
12 1023
12 943
12 273
12 295
12 372
12 1333
12 1268
12 298
12 177
12 1226
12 341
12 478
12 1179
12 618
12 560
12 205
12 173
12 628
12 330
12 324
12 170
12 267
12 232
12 610
12 656
12 669
12 733
12 926
12 1303
12 686
12 551
12 1259
12 447
12 116
12 712
12 246
12 929
12 1217
12 747
12 1185
12 172
12 279
12 67
12 792
12 1014
12 114
12 434
12 953
12 1015
12 387
12 441
12 299
12 230
12 300
12 1020
12 817
12 1325
12 653
12 992
12 968
12 495
12 453
12 1319
12 1361
12 1261
12 819
12 1380
12 1086
12 33
12 102
12 1144
12 484
12 467
12 603
12 553
12 415
12 1264
12 793
12 109
12 1383
12 850
12 121
12 596
12 826
12 1043
12 1287
12 79
12 878
12 716
12 806
12 421
12 1065
12 225
12 394
12 1263
12 962
12 480
12 789
12 1274
12 479
12 1251
12 1237
12 1344
12 899
12 159
12 1341
12 1126
12 86
12 517
12 208
12 446
12 1301
12 252
12 381
12 529
12 283
12 680
12 325
12 73
12 282
12 1377
12 674
12 954
12 1153
12 531
12 982
12 113
12 919
12 101
12 764
12 494
12 532
12 752
12 668
12 629
12 466
12 236
12 487
12 1236
12 404
12 1117
12 659
12 418
12 53
12 883
12 1079
12 189
12 537
12 188
12 1238
12 416
12 503
12 124
12 1345
12 34
12 501
12 11
12 1025
12 22
12 1190
12 893
12 1215
12 119
12 840
12 693
12 257
12 1255
12 105
12 70
12 380
12 991
12 122
12 397
12 363
12 1027
12 369
12 555
12 87
12 184
12 913
12 835
12 540
12 547
12 522
12 191
12 907
12 1372
12 617
12 955
12 906
12 190
12 750
12 135
12 126
12 321
12 663
12 350
12 1133
12 227
12 786
12 1012
12 939
12 402
12 1022
12 1337
12 336
12 1356
12 1322
12 561
12 129
12 103
12 1399
12 833
12 685
12 1123
12 1104
12 917
12 1392
12 815
12 1186
12 85
12 1262
12 1209
12 1391
12 117
12 739
12 1128
12 969
12 1080
12 462
12 1167
12 1135
12 1058
12 1060
12 1381
12 851
12 1248
12 1070
12 729
12 1163
12 507
12 709
12 753
12 88
12 679
12 881
12 1284
12 167
12 1252
12 223
12 854
12 1208
12 576
12 891
12 8
12 1024
12 1136
12 1050
12 469
12 935
12 309
12 871
12 844
12 419
12 800
12 1343
12 828
12 1129
12 905
12 849
12 271
12 47
12 374
12 1166
12 587
12 640
12 1332
12 163
12 500
12 139
12 1212
12 123
12 457
12 1384
12 829
12 1103
12 390
12 1289
12 414
12 611
12 449
12 367
12 78
12 1098
12 104
12 736
12 1000
12 491
12 1030
12 82
12 360
12 370
12 641
12 657
12 1299
12 1150
12 601
12 1054
12 153
12 1138
12 1310
12 1072
12 1257
12 1102
12 1357
12 681
12 1350
12 1073
12 293
12 328
12 1205
12 1119
12 412
12 797
12 1198
12 895
12 1028
12 292
12 867
12 866
12 1363
12 1398
12 623
12 1063
12 1250
12 805
12 1148
12 63
12 951
12 1382
12 502
12 263
12 627
12 1095
12 915
12 637
12 902
12 518
12 713
12 157
12 1033
12 1045
12 648
12 237
12 1068
12 296
12 285
12 1173
12 581
12 843
12 1108
12 504
12 1049
12 1370
12 996
12 1125
12 903
12 722
12 64
12 761
12 365
12 607
12 1029
12 1092
12 229
12 1204
12 1368
12 25
12 1164
12 201
12 290
12 9
12 249
12 1338
12 757
12 311
12 100
12 818
12 619
12 556
12 200
12 1388
12 180
12 1120
12 941
12 864
12 115
12 220
12 58
12 894
12 1145
12 554
12 639
12 673
12 460
12 830
12 275
12 1379
12 1220
12 660
12 49
12 930
12 675
12 1234
12 1369
12 274
12 355
12 351
12 1118
12 1374
12 1375
12 1191
12 964
12 54
12 782
12 436
12 1178
12 523
12 1032
12 286
12 1067
12 1146
12 401
12 615
12 464
12 811
12 1172
12 209
12 1222
12 327
12 376
12 439
12 1055
12 284
12 437
12 93
12 1253
12 1048
12 548
12 1031
12 562
12 452
12 690
12 166
12 585
12 1196
12 856
12 689
12 1040
12 1320
12 1400
12 766
12 769
12 42
12 730
12 30
12 323
12 853
12 787
12 552
12 1366
12 737
12 1113
12 1396
12 889
12 1121
12 198
12 634
12 444
12 1170
12 1395
12 1034
12 379
12 432
12 1051
12 1026
12 888
12 1271
12 1131
12 724
12 463
12 15
12 1041
12 898
12 1091
12 959
12 862
12 162
12 459
12 89
12 265
12 35
12 255
12 1385
12 542
12 81
12 1110
12 349
12 572
12 134
12 887
12 1231
12 454
12 44
12 855
12 1371
12 218
12 873
12 1132
12 822
12 1321
12 1057
12 745
12 1280
12 788
12 1075
12 976
12 422
12 316
12 353
12 382
12 1324
12 958
12 272
12 373
12 108
12 302
12 144
12 1390
12 428
12 1018
12 304
12 626
12 420
12 886
12 143
12 785
12 706
12 922
12 181
12 1044
12 406
12 621
12 688
12 1387
12 735
12 318
12 1038
12 662
12 1242
12 557
12 496
12 1016
12 865
12 1365
12 385
12 392
12 473
12 742
12 563
12 1304
12 136
12 616
12 1061
12 779
12 942
12 622
12 294
12 859
12 1273
12 872
12 760
12 1100
12 852
12 1053
12 1330
12 956
12 233
12 914
12 937
12 195
12 732
12 691
12 936
12 14
12 1203
12 801
12 1017
12 701
12 417
12 429
12 975
12 1229
12 165
12 928
12 1308
12 228
12 1389
12 111
12 315
12 699
12 794
12 147
12 17
12 1202
12 644
12 1056
12 1181
12 329
12 128
12 1169
12 703
12 307
12 530
12 1213
12 1260
12 1189
12 1376
12 1122
12 890
12 824
12 957
12 536
12 677
12 456
12 320
12 940
12 778
12 912
12 313
12 396
12 361
12 858
12 950
12 132
12 580
12 1307
12 870
12 1184
12 577
12 1168
12 152
12 1298
12 1334
12 1290
12 1206
12 186
12 247
12 1199
12 1082
12 667
12 92
12 211
12 1127
12 1013
12 1193
12 1087
12 149
12 84
12 1112
12 1047
12 743
12 1036
12 281
12 1059
12 869
12 24
12 837
12 2
12 476
12 187
12 565
12 802
12 94
12 777
12 1035
12 146
12 573
12 740
12 455
12 486
12 28
12 1241
12 155
12 897
12 1116
12 875
12 804
12 918
12 1002
12 731
12 1279
12 1245
12 630
12 625
12 1295
12 7
12 403
12 1224
12 574
12 1281
12 767
12 734
12 359
12 150
12 448
12 1160
12 16
12 892
12 832
12 684
12 130
12 344
12 773
12 538
12 278
12 645
12 388
12 499
12 1235
12 244
12 1152
12 1309
12 1134
12 649
12 705
12 579
12 921
12 620
12 1358
12 1180
12 1296
12 1316
12 738
12 613
12 262
12 820
12 423
12 756
12 488
12 1394
12 1052
12 682
12 933
12 110
12 614
12 99
12 1088
12 371
12 185
12 202
12 59
12 1240
12 46
12 118
12 83
12 20
12 541
12 405
12 1097
12 825
12 489
12 1137
12 1096
12 259
12 317
12 718
12 1174
12 1194
