13 52
13 496
13 701
13 1332
13 14
13 815
13 781
13 1334
13 685
13 1163
13 903
13 200
13 790
13 783
13 78
13 1064
13 711
13 1290
13 709
13 746
13 1165
13 593
13 924
13 899
13 1092
13 287
13 520
13 1066
13 1328
13 708
13 643
13 676
13 813
13 1289
13 1272
13 600
13 814
13 284
13 894
13 409
13 468
13 453
13 441
13 201
13 918
13 791
13 919
13 997
13 1339
13 1197
13 216
13 1213
13 42
13 124
13 1331
13 686
13 634
13 374
13 1089
13 1265
13 433
13 1095
13 1356
13 544
13 1338
13 747
13 1329
13 205
13 782
13 426
13 1170
13 703
13 797
13 1169
13 1280
13 597
13 1094
13 1144
13 689
13 984
13 1352
13 1000
13 698
13 333
13 567
13 213
13 1292
13 985
13 627
13 779
13 699
13 748
13 427
13 683
13 323
13 801
13 1320
13 693
13 915
13 719
13 401
13 682
13 1188
13 86
13 1351
13 390
13 32
13 526
13 290
13 713
13 725
13 511
13 1349
13 1112
13 1212
13 288
13 189
13 232
13 214
13 235
13 1164
13 987
13 1222
13 368
13 757
13 229
13 38
13 431
13 1141
13 911
13 872
13 1390
13 673
13 535
13 880
13 440
13 1233
13 252
13 291
13 51
13 199
13 1162
13 1333
13 380
13 1337
13 917
13 700
13 1330
13 1270
13 920
13 1309
13 404
13 650
13 278
13 780
13 141
13 755
13 638
13 1259
13 1006
13 564
13 901
13 1051
13 749
13 1131
13 336
13 1350
13 434
13 1275
13 445
13 916
13 1271
13 1341
13 1005
13 540
13 516
13 948
13 1115
13 704
13 928
13 470
13 956
13 1218
13 1231
13 792
13 1154
13 876
13 994
13 1130
13 674
13 694
13 1001
13 921
13 277
13 681
13 131
13 1219
13 1266
13 1
13 986
13 576
13 1243
13 1297
13 991
13 346
13 508
13 60
13 230
13 1091
13 226
13 521
13 465
13 312
13 197
13 1036
13 222
13 319
13 97
13 1375
13 1220
13 696
13 1373
13 1161
13 692
13 1126
13 15
13 1238
13 794
13 589
13 413
13 64
13 772
13 164
13 1336
13 1229
13 1300
13 210
13 206
13 1118
13 1119
13 803
13 712
13 174
13 678
13 671
13 1076
13 467
13 1116
13 233
13 798
13 1070
13 469
13 435
13 902
13 172
13 221
13 270
13 1232
13 403
13 1342
13 588
13 40
13 510
13 1074
13 484
13 248
13 662
13 1132
13 452
13 225
13 970
13 680
13 356
13 326
13 879
13 896
13 1248
13 967
13 545
13 759
13 65
13 315
13 258
13 926
13 1361
13 1377
13 362
13 592
13 793
13 961
13 1209
13 1379
13 310
13 373
13 625
13 1081
13 331
13 933
13 1283
13 990
13 839
13 1306
13 17
13 297
13 176
13 165
13 379
13 26
13 943
13 947
13 976
13 637
13 1110
13 679
13 129
13 672
13 347
13 717
13 243
13 1062
13 578
13 753
13 1224
13 377
13 860
13 1082
13 750
13 1106
13 702
13 384
13 1277
13 1186
13 402
13 966
13 1326
13 94
13 1395
13 1245
13 101
13 391
13 1255
13 264
13 1244
13 710
13 539
13 774
13 989
13 444
13 195
13 75
13 886
13 1347
13 242
13 925
13 188
13 1267
13 504
13 236
13 1008
13 80
13 722
13 57
13 695
13 1037
13 677
13 1207
13 1123
13 706
13 1355
13 743
13 27
13 419
13 1368
13 1090
13 525
13 973
13 77
13 1371
13 869
13 1397
13 1288
13 874
13 653
13 574
13 335
13 1032
13 193
13 572
13 30
13 70
13 307
13 1113
13 632
13 279
13 547
13 1228
13 76
13 929
13 873
13 1223
13 255
13 296
13 81
13 530
13 1050
13 667
13 95
13 318
13 106
13 1192
13 19
13 1159
13 23
13 877
13 44
13 1171
13 629
13 31
13 1366
13 417
13 289
13 1177
13 224
13 1343
13 204
13 67
13 562
13 716
13 1056
13 37
13 806
13 126
13 114
13 115
13 1195
13 1184
13 729
13 1048
13 74
13 665
13 1053
13 848
13 556
13 688
13 324
13 179
13 227
13 1282
13 775
13 895
13 827
13 1105
13 515
13 1291
13 964
13 191
13 971
13 163
13 137
13 1024
13 212
13 1311
13 12
13 415
13 1129
13 2
13 812
13 334
13 175
13 1310
13 1117
13 715
13 1191
13 1198
13 1012
13 658
13 367
13 203
13 142
13 1071
13 1058
13 202
13 239
13 116
13 769
13 633
13 292
13 100
13 1149
13 1323
13 1268
13 1302
13 1260
13 1253
13 1380
13 257
13 1166
13 55
13 56
13 18
13 598
13 406
13 1269
13 687
13 1227
13 357
13 993
13 938
13 71
13 39
13 1263
13 4
13 1120
13 764
13 1299
13 217
13 1124
13 1045
13 795
13 732
13 219
13 897
13 675
13 425
13 25
13 1344
13 1246
13 1293
13 763
13 846
13 341
13 1182
13 53
13 418
13 566
13 1287
13 1208
13 410
13 1114
13 1242
13 261
13 494
13 843
13 1054
13 416
13 372
13 268
13 807
13 739
13 513
13 127
13 345
13 1353
13 366
13 29
13 554
13 642
13 1151
13 957
13 1278
13 988
13 238
13 378
13 88
13 784
13 559
13 1348
13 208
13 1065
13 1239
13 1145
13 1173
13 1187
13 314
13 250
13 611
13 595
13 1305
13 1179
13 728
13 47
13 942
13 655
13 826
13 550
13 519
13 487
13 1367
13 330
13 953
13 105
13 1075
13 1357
13 641
13 1093
13 528
13 327
13 241
13 538
13 1200
13 1281
13 660
13 854
13 375
13 670
13 856
13 845
13 565
13 1396
13 992
13 1273
13 838
13 652
13 360
13 359
13 1133
13 63
13 118
13 443
13 87
13 830
13 646
13 888
13 215
13 461
13 337
13 428
13 870
13 1303
13 120
13 1028
13 1362
13 863
13 537
13 411
13 1109
13 811
13 9
13 608
13 104
13 305
13 978
13 332
13 1044
13 412
13 177
13 1258
13 329
13 389
13 139
13 580
13 1206
13 941
13 446
13 1374
13 1067
13 171
13 1107
13 159
13 140
13 727
13 265
13 816
13 1256
13 573
13 945
13 1080
13 134
13 568
13 408
13 723
13 940
13 1346
13 1157
13 891
13 821
13 1250
13 1127
13 923
13 737
13 267
13 166
13 145
13 758
13 276
13 850
13 342
13 656
13 13
13 960
13 765
13 631
13 726
13 861
13 857
13 209
13 606
13 599
13 246
13 308
13 294
13 844
13 1175
13 721
13 421
13 84
13 273
13 96
13 207
13 1193
13 799
13 35
13 371
13 1069
13 808
13 1324
13 930
13 20
13 474
13 787
13 196
13 999
13 36
13 486
13 247
13 1121
13 908
13 73
13 7
13 1359
13 495
13 1152
13 1257
13 864
13 563
13 1391
13 569
13 1286
13 1276
13 93
13 358
13 1153
13 473
13 50
13 575
13 61
13 823
13 1203
13 387
13 161
13 669
13 1210
13 833
13 762
13 570
13 1038
13 187
13 311
13 707
13 66
13 805
13 720
13 340
13 654
13 190
13 824
13 135
13 1009
13 963
13 1020
13 760
13 705
13 951
13 54
13 512
13 847
13 1340
13 456
13 1294
13 448
13 1155
13 283
13 1264
13 965
13 932
13 587
13 1111
13 744
13 107
13 1327
13 1122
13 90
13 397
13 438
13 651
13 1307
13 1358
13 34
13 251
13 1285
13 558
13 591
13 1322
13 979
13 253
13 423
13 785
13 983
13 151
13 352
13 730
13 1042
13 1128
13 968
13 351
13 914
13 1084
13 173
13 28
13 885
13 136
13 500
13 192
13 455
13 85
13 1040
13 810
13 5
13 636
13 396
13 383
13 955
13 1254
13 1384
13 1392
13 851
13 523
13 198
13 256
13 624
13 1204
13 889
13 1394
13 1077
13 300
13 254
13 822
13 754
13 382
13 533
13 355
13 194
13 301
13 771
13 218
13 157
13 1304
13 818
13 451
13 492
13 741
13 975
13 322
13 113
13 1211
13 282
13 972
13 457
13 604
13 666
13 33
13 1031
13 767
13 260
13 788
13 1398
13 306
13 154
13 168
13 1237
13 740
13 842
13 998
13 522
13 661
13 266
13 1078
13 299
13 1137
13 1039
13 490
13 802
13 234
13 1318
13 1217
13 882
13 1389
13 369
13 1335
13 1023
13 364
13 449
13 867
13 464
13 1158
13 350
13 543
13 663
13 1172
13 442
13 167
13 714
13 498
13 644
13 16
13 72
13 890
13 439
13 761
13 497
13 376
13 1214
13 1400
13 831
13 472
13 937
13 1181
13 1041
13 1183
13 121
13 1072
13 596
13 514
13 635
13 1034
13 43
13 475
13 1301
13 460
13 245
13 317
13 952
13 503
13 541
13 1061
13 363
13 1230
13 68
13 927
13 1167
13 21
13 610
13 395
13 837
13 1399
13 348
13 3
13 400
13 859
13 1365
13 605
13 907
13 349
13 981
13 41
13 733
13 1363
13 849
13 1221
13 1360
13 1386
13 1370
13 295
13 626
13 639
13 1189
13 770
13 271
13 1014
13 551
13 1168
13 690
13 354
13 1059
13 553
13 1279
13 117
13 231
13 922
13 1321
13 659
13 477
13 1196
13 286
13 954
13 742
13 934
13 561
13 858
13 1325
13 1252
13 505
13 1249
13 298
13 819
13 935
13 532
13 1313
13 944
13 1315
13 618
13 893
13 697
13 517
13 269
13 133
13 1202
13 949
13 240
13 1043
13 339
13 304
13 820
13 24
13 734
13 664
13 1317
13 388
13 594
13 1143
13 98
13 122
13 835
13 1387
13 887
13 1021
13 1296
13 980
13 146
13 1236
13 766
13 974
13 184
13 884
13 601
13 1225
13 48
13 454
13 1060
13 458
13 883
13 1180
13 370
13 501
13 1025
13 1135
13 138
13 1176
13 58
13 1382
13 607
13 103
13 394
13 321
13 1016
13 829
13 1364
13 529
13 836
13 800
13 1146
13 123
13 1185
13 527
13 108
13 110
13 996
13 407
13 272
13 1099
13 316
13 302
13 180
13 904
13 483
13 1033
13 420
13 789
13 99
13 1235
13 555
13 1247
13 584
13 1140
13 1383
13 182
13 1055
13 1002
13 969
13 1073
13 89
13 1284
13 392
13 447
13 10
13 459
13 211
13 736
13 220
13 1178
13 609
13 852
13 1345
13 45
13 150
13 1241
13 293
13 1011
13 462
13 1148
13 365
13 1007
13 178
13 309
13 1205
13 1201
13 977
13 1138
13 398
13 1216
13 482
13 1385
13 1234
13 1030
13 841
13 630
13 534
13 1240
13 1381
13 910
13 128
13 1085
13 657
13 590
13 786
13 585
13 1376
13 170
13 828
13 1319
13 809
13 905
13 162
13 1101
13 343
13 155
13 612
13 1087
13 900
13 112
13 1274
13 152
13 931
13 1251
13 160
13 1026
13 169
13 49
13 62
13 946
13 752
13 1262
13 645
13 338
13 623
13 249
13 313
13 1378
13 502
13 866
13 1261
13 724
13 1046
13 430
13 1314
13 1156
13 111
13 1068
13 507
13 909
13 69
13 668
13 583
13 840
13 499
13 6
13 325
13 263
13 912
13 148
13 1142
13 1136
13 109
13 437
13 865
13 1393
13 640
13 1160
13 1083
13 906
13 414
13 1139
13 1010
13 493
13 485
13 147
13 613
13 536
13 144
13 1047
13 542
13 275
13 479
13 1019
13 962
13 628
13 936
13 156
13 481
13 183
13 79
13 1104
13 1015
13 577
13 102
13 959
13 868
13 1312
13 1029
13 92
13 1004
13 125
13 1190
13 878
13 11
13 1108
13 648
13 1226
13 237
13 939
13 228
13 796
13 1215
13 59
13 1102
13 853
13 548
13 1018
13 1027
13 1354
13 1372
13 546
13 735
13 432
13 1086
13 1147
13 777
13 119
13 549
13 1100
13 274
13 281
13 950
13 1134
13 1063
13 8
13 617
13 832
13 614
13 303
13 1003
13 531
13 153
13 436
13 581
13 181
13 91
13 602
13 1079
13 386
13 223
13 579
13 424
13 751
13 603
13 1035
13 1049
13 571
13 871
13 132
13 834
13 1088
13 285
13 450
13 647
13 1125
13 1013
13 804
13 524
13 491
13 1103
13 478
13 552
13 361
13 393
13 422
13 1295
13 466
13 149
13 518
13 768
13 381
13 825
13 353
13 130
13 560
13 1369
13 186
13 1199
13 280
13 1194
13 875
13 158
13 615
13 463
13 881
13 22
13 476
13 1022
13 913
13 862
13 586
13 506
13 1017
13 480
13 328
13 898
13 143
13 509
13 1388
13 582
13 1298
13 691
13 776
13 399
13 488
13 1098
13 557
13 185
13 616
13 259
13 773
13 82
13 1308
13 1150
13 892
13 1052
13 620
13 385
13 622
13 738
13 344
13 731
13 855
13 1057
13 817
13 489
13 649
13 1316
13 756
13 429
13 1097
13 982
13 958
13 320
13 745
13 778
13 621
13 262
13 684
13 244
13 619
13 83
13 1096
13 718
13 1174
13 405
13 46
