19 590
19 581
19 482
19 313
19 1013
19 316
19 231
19 184
19 280
19 892
19 36
19 909
19 862
19 868
19 594
19 768
19 11
19 1017
19 8
19 286
19 153
19 102
19 1018
19 640
19 1215
19 751
19 728
19 893
19 295
19 1030
19 285
19 1360
19 503
19 472
19 670
19 160
19 60
19 107
19 130
19 849
19 745
19 1308
19 27
19 925
19 1086
19 1362
19 583
19 543
19 534
19 445
19 557
19 729
19 69
19 1369
19 1311
19 714
19 1079
19 823
19 658
19 1210
19 1383
19 451
19 939
19 898
19 148
19 1083
19 980
19 687
19 1049
19 1108
19 834
19 495
19 442
19 609
19 170
19 828
19 410
19 824
19 663
19 881
19 582
19 68
19 1376
19 1063
19 93
19 841
19 214
19 181
19 610
19 1033
19 1269
19 586
19 720
19 461
19 726
19 983
19 159
19 914
19 34
19 395
19 490
19 421
19 391
19 1242
19 1228
19 706
19 1225
19 1
19 121
19 75
19 251
19 875
19 756
19 549
19 1372
19 1074
19 109
19 1077
19 320
19 878
19 981
19 6
19 724
19 1207
19 1377
19 758
19 1384
19 367
19 514
19 584
19 1317
19 1364
19 731
19 281
19 1265
19 896
19 1085
19 1124
19 1099
19 819
19 337
19 1294
19 194
19 10
19 652
19 1046
19 515
19 469
19 1158
19 444
19 414
19 46
19 237
19 1227
19 38
19 871
19 183
19 1397
19 415
19 518
19 158
19 385
19 1216
19 1140
19 944
19 293
19 362
19 223
19 934
19 458
19 666
19 876
19 798
19 817
19 1068
19 35
19 1183
19 639
19 418
19 479
19 321
19 248
19 411
19 969
19 753
19 122
19 855
19 491
19 1142
19 486
19 494
19 961
19 245
19 833
19 1138
19 429
19 1026
19 342
19 671
19 227
19 650
19 450
19 1153
19 681
19 41
19 1314
19 143
19 1342
19 1211
19 499
19 1037
19 322
19 283
19 12
19 883
19 1261
19 642
19 328
19 1057
19 777
19 498
19 394
19 369
19 587
19 1312
19 1302
19 172
19 1380
19 26
19 1388
19 156
19 752
19 134
19 119
19 1075
19 660
19 1093
19 960
19 327
19 1105
19 509
19 467
19 368
19 49
19 1014
19 300
19 128
19 744
19 860
19 632
19 1078
19 1304
19 1192
19 889
19 62
19 542
19 952
19 13
19 955
19 19
19 770
19 1370
19 843
19 204
19 1155
19 358
19 1252
19 517
19 908
19 400
19 932
19 154
19 521
19 178
19 1015
19 506
19 1087
19 1262
19 651
19 152
19 234
19 927
19 1187
19 874
19 577
19 350
19 273
19 665
19 1029
19 809
19 637
19 1111
19 207
19 778
19 319
19 265
19 537
19 799
19 137
19 43
19 241
19 1039
19 57
19 220
19 829
19 1239
19 459
19 1007
19 716
19 900
19 221
19 895
19 315
19 260
19 22
19 235
19 1260
19 1012
19 249
19 217
19 668
19 619
19 851
19 1041
19 599
19 916
19 723
19 305
19 749
19 1323
19 810
19 906
19 917
19 303
19 370
19 1301
19 145
19 67
19 1295
19 1367
19 1019
19 963
19 951
19 169
19 526
19 308
19 226
19 1186
19 56
19 882
19 821
19 215
19 297
19 79
19 456
19 186
19 264
19 910
19 945
19 1337
19 398
19 187
19 50
19 497
19 1109
19 618
19 552
19 1391
19 633
19 880
19 772
19 1196
19 383
19 402
19 1243
19 39
19 440
19 1103
19 258
19 1058
19 1133
19 1090
19 704
19 1246
19 596
19 266
19 988
19 1084
19 1266
19 840
19 182
19 532
19 979
19 1287
19 439
19 1361
19 803
19 655
19 802
19 953
19 866
19 1023
19 516
19 818
19 474
19 730
19 365
19 717
19 615
19 242
19 1009
19 977
19 649
19 559
19 412
19 1251
19 578
19 1305
19 602
19 727
19 950
19 1331
19 37
19 345
19 28
19 1016
19 149
19 190
19 1333
19 339
19 380
19 527
19 748
19 1219
19 138
19 1005
19 1136
19 449
19 523
19 1293
19 419
19 1062
19 733
19 771
19 1347
19 1021
19 1128
19 1346
19 489
19 1277
19 1365
19 203
19 117
19 1310
19 196
19 360
19 820
19 246
19 346
19 1146
19 1237
19 861
19 357
19 366
19 349
19 1264
19 1160
19 236
19 356
19 397
19 147
19 477
19 1214
19 739
19 422
19 132
19 831
19 269
19 1359
19 331
19 999
19 21
19 92
19 511
19 344
19 161
19 386
19 335
19 487
19 1190
19 455
19 291
19 288
19 1286
19 483
19 1069
19 61
19 1247
19 1389
19 1217
19 931
19 1031
19 1284
19 1313
19 835
19 1011
19 179
19 1393
19 747
19 826
19 544
19 1226
19 847
19 1008
19 561
19 738
19 647
19 1047
19 125
19 332
19 551
19 1340
19 573
19 384
19 612
19 73
19 1123
19 1201
19 846
19 762
19 700
19 556
19 150
19 1025
19 715
19 195
19 140
19 425
19 416
19 1275
19 95
19 457
19 325
19 176
19 193
19 314
19 502
19 832
19 568
19 710
19 1392
19 746
19 465
19 1303
19 570
19 579
19 408
19 1177
19 606
19 592
19 1248
19 741
19 1345
19 1148
19 363
19 786
19 424
19 1255
19 1267
19 441
19 656
19 228
19 863
19 1054
19 5
19 1055
19 680
19 334
19 219
19 678
19 654
19 1386
19 539
19 301
19 959
19 838
19 923
19 585
19 877
19 1071
19 844
19 1122
19 540
19 904
19 388
19 210
19 864
19 1285
19 905
19 45
19 47
19 1171
19 393
19 1028
19 428
19 1080
19 378
19 1322
19 435
19 112
19 338
19 438
19 545
19 796
19 505
19 839
19 1032
19 460
19 946
19 318
19 903
19 1189
19 580
19 299
19 355
19 1110
19 971
19 569
19 702
19 550
19 96
19 519
19 103
19 501
19 292
19 607
19 672
19 512
19 48
19 588
19 98
19 965
19 484
19 40
19 926
19 1221
19 443
19 1193
19 816
19 224
19 82
19 884
19 404
19 448
19 719
19 336
19 72
19 664
19 554
19 417
19 611
19 222
19 29
19 732
19 87
19 1318
19 1276
19 626
19 447
19 935
19 390
19 1236
19 71
19 192
19 191
19 1291
19 684
19 197
19 304
19 563
19 256
19 1020
19 605
19 598
19 974
19 485
19 478
19 525
19 760
19 1043
19 913
19 907
19 919
19 463
19 1185
19 1259
19 86
19 698
19 765
19 1161
19 268
19 188
19 372
19 996
19 600
19 1299
19 1130
19 253
19 774
19 468
19 381
19 298
19 1396
19 1060
19 476
19 621
19 1052
19 679
19 1129
19 492
19 630
19 792
19 814
19 209
19 531
19 493
19 957
19 575
19 396
19 1379
19 254
19 91
19 431
19 230
19 1230
19 44
19 33
19 1182
19 406
19 1335
19 968
19 938
19 998
19 1176
19 1336
19 213
19 333
19 90
19 1341
19 1327
19 376
19 1282
19 775
19 836
19 510
19 793
19 206
19 1399
19 1254
19 1150
19 754
19 500
19 842
19 1181
19 399
19 657
19 51
19 804
19 1382
19 1349
19 131
19 100
19 848
19 954
19 560
19 990
19 676
19 1135
19 635
19 677
19 1081
19 1151
19 1348
19 667
19 347
19 1003
19 669
19 622
19 885
19 601
19 276
19 978
19 513
19 1001
19 1073
19 271
19 171
19 530
19 379
19 1169
19 352
19 1114
19 1288
19 648
19 571
19 115
19 1139
19 958
19 813
19 167
19 535
19 70
19 1125
19 827
19 361
19 567
19 1076
19 801
19 243
19 1154
19 1321
19 475
19 1223
19 311
19 202
19 920
19 63
19 850
19 23
19 504
19 1281
19 940
19 528
19 168
19 825
19 608
19 480
19 994
19 348
19 1065
19 432
19 507
19 867
19 757
19 1141
19 1120
19 124
19 413
19 1175
19 1027
19 1353
19 1218
19 392
19 1197
19 975
19 623
19 873
19 473
19 294
19 275
19 173
19 1283
19 111
19 55
19 97
19 697
19 359
19 1045
19 427
19 15
19 572
19 807
19 89
19 409
19 902
19 1363
19 16
19 645
19 808
19 289
19 1298
19 212
19 481
19 1106
19 141
19 972
19 845
19 54
19 712
19 454
19 997
19 114
19 1006
19 795
19 641
19 1381
19 989
19 853
19 1188
19 617
19 1118
19 1306
19 703
19 199
19 1088
19 595
19 624
19 992
19 901
19 562
19 1355
19 177
19 76
19 659
19 1300
19 628
19 1121
19 306
19 377
19 30
19 1042
19 1131
19 930
19 780
19 911
19 32
19 1134
19 240
19 1258
19 164
19 597
19 811
19 106
19 180
19 673
19 1263
19 593
19 232
19 929
19 85
19 31
19 520
19 1119
19 1245
19 707
19 1156
19 261
19 1234
19 80
19 296
19 364
19 1378
19 1375
19 1206
19 1368
19 120
19 661
19 58
19 948
19 508
19 761
19 126
19 470
19 267
19 1253
19 1374
19 1385
19 1387
19 1159
19 250
19 854
19 1208
19 1238
19 436
19 1198
19 533
19 887
19 244
19 453
19 1272
19 373
19 166
19 133
19 553
19 99
19 982
19 1279
19 736
19 108
19 943
19 324
19 555
19 238
19 1126
19 151
19 1339
19 466
19 966
19 1147
19 233
19 462
19 788
19 937
19 690
19 1162
19 389
19 1149
19 1209
19 763
19 713
19 755
19 548
19 1200
19 101
19 1390
19 566
19 1195
19 1330
19 947
19 263
19 631
19 1004
19 1373
19 1117
19 65
19 354
19 374
19 1034
19 139
19 175
19 326
19 1250
19 653
19 1315
19 750
19 1398
19 1244
19 1107
19 216
19 1174
19 674
19 1319
19 1089
19 142
19 1202
19 262
19 198
19 688
19 1010
19 638
19 870
19 157
19 1115
19 1050
19 546
19 1257
19 1320
19 781
19 718
19 857
19 852
19 784
19 986
19 123
19 252
19 1400
19 1048
19 705
19 1354
19 1070
19 1179
19 116
19 973
19 591
19 287
19 800
19 589
19 627
19 524
19 20
19 1274
19 734
19 309
19 629
19 310
19 991
19 675
19 64
19 538
19 1356
19 722
19 1061
19 1098
19 401
19 127
19 830
19 437
19 1249
19 1273
19 211
19 962
19 1102
19 711
19 420
19 625
19 872
19 162
19 1297
19 1256
19 1232
19 53
19 1224
19 1292
19 1357
19 643
19 375
19 1278
19 257
19 488
19 247
19 201
19 307
19 694
19 94
19 330
19 822
19 1233
19 1366
19 407
19 1270
19 879
19 1170
19 1040
19 522
19 302
19 1184
19 683
19 135
19 1002
19 1220
19 270
19 340
19 783
19 1329
19 4
19 564
19 789
19 1203
19 1191
19 1044
19 1072
19 17
19 721
19 574
19 1371
19 725
19 1056
19 105
19 790
19 967
19 1094
19 426
19 329
19 277
19 547
19 239
19 1053
19 174
19 341
19 812
19 921
19 644
19 351
19 691
19 787
19 891
19 24
19 1343
19 113
19 603
19 225
19 1051
19 709
19 805
19 403
19 856
19 1036
19 791
19 776
19 987
19 278
19 66
19 785
19 613
19 1268
19 636
19 25
19 284
19 558
19 1132
19 77
19 1101
19 205
19 949
19 865
19 104
19 1104
19 616
19 922
19 110
19 229
19 1172
19 769
19 764
19 452
19 290
19 434
19 759
19 18
19 1280
19 1145
19 894
19 1324
19 1157
19 708
19 890
19 1241
19 1173
19 343
19 1165
19 797
19 604
19 496
19 742
19 9
19 735
19 737
19 899
19 279
19 1064
19 208
19 74
19 3
19 915
19 1035
19 1178
19 146
19 646
19 692
19 1066
19 1067
19 837
19 928
19 888
19 699
19 371
19 985
19 924
19 433
19 464
19 323
19 1163
19 984
19 1332
19 446
19 1352
19 964
19 387
19 1152
19 1205
19 766
19 1325
19 1344
19 272
19 782
19 1024
19 1199
19 1204
19 1022
19 936
19 576
19 136
19 941
19 81
19 1229
19 7
19 1271
19 14
19 163
19 956
19 165
19 1144
19 189
19 1000
19 52
19 1143
19 1059
19 1095
19 78
19 1395
19 1231
19 897
19 282
19 144
19 993
19 83
19 693
19 806
19 88
19 255
19 1127
19 1100
19 779
19 1351
19 274
19 1328
19 743
19 740
19 686
19 1326
19 696
19 858
19 695
19 129
19 185
19 767
19 155
19 1113
19 536
19 42
19 200
19 918
19 886
19 1167
19 430
19 1164
19 933
19 662
19 970
19 685
19 1235
19 614
19 1168
19 1092
19 312
19 1213
19 541
19 701
19 1338
19 84
19 1212
19 1222
19 1394
19 859
19 2
19 1307
19 353
19 634
19 1334
19 1091
19 1038
19 1350
19 815
19 317
19 689
19 942
19 1309
19 620
19 1116
19 1296
19 794
19 1112
19 1166
19 869
19 259
19 1289
19 218
19 1082
19 529
19 1240
19 1358
19 773
19 1137
19 1180
19 382
19 912
19 1290
19 1316
19 565
19 976
19 423
19 682
19 118
19 1097
19 59
19 1096
19 1194
19 405
