21 340
21 1159
21 413
21 1011
21 949
21 502
21 1230
21 1161
21 333
21 1258
21 438
21 1256
21 302
21 566
21 343
21 1335
21 1297
21 193
21 524
21 1009
21 689
21 203
21 242
21 1114
21 101
21 1291
21 1395
21 80
21 378
21 1270
21 606
21 40
21 1191
21 661
21 1004
21 431
21 1348
21 346
21 598
21 77
21 592
21 1328
21 174
21 1124
21 550
21 576
21 401
21 347
21 593
21 562
21 1269
21 583
21 68
21 1347
21 1331
21 791
21 55
21 171
21 628
21 814
21 827
21 243
21 646
21 114
21 474
21 1101
21 39
21 426
21 1156
21 1344
21 51
21 558
21 1149
21 481
21 32
21 154
21 548
21 38
21 975
21 665
21 571
21 504
21 575
21 1244
21 97
21 176
21 1003
21 436
21 164
21 671
21 1143
21 994
21 329
21 966
21 497
21 168
21 63
21 591
21 197
21 698
21 608
21 807
21 258
21 1252
21 29
21 695
21 1237
21 84
21 421
21 131
21 62
21 1227
21 493
21 1236
21 71
21 166
21 1007
21 615
21 1010
21 1350
21 774
21 567
21 838
21 535
21 978
21 1157
21 519
21 1212
21 407
21 377
21 123
21 1286
21 505
21 1306
21 944
21 74
21 635
21 56
21 357
21 81
21 552
21 19
21 1155
21 175
21 178
21 1219
21 510
21 656
21 475
21 1147
21 411
21 268
21 339
21 1352
21 896
21 1006
21 215
21 95
21 617
21 1299
21 10
21 409
21 1226
21 1141
21 623
21 240
21 1275
21 276
21 770
21 1282
21 710
21 1266
21 965
21 103
21 781
21 1000
21 483
21 1223
21 490
21 662
21 1076
21 1391
21 874
21 962
21 998
21 303
21 1154
21 948
21 1302
21 564
21 50
21 578
21 484
21 1386
21 1199
21 408
21 275
21 53
21 52
21 1204
21 1272
21 120
21 17
21 60
21 618
21 277
21 920
21 882
21 287
21 568
21 876
21 43
21 508
21 719
21 1205
21 651
21 700
21 1195
21 366
21 960
21 1381
21 1263
21 61
21 702
21 1264
21 650
21 1336
21 604
21 589
21 163
21 559
21 1238
21 226
21 297
21 1288
21 269
21 1356
21 516
21 142
21 860
21 96
21 758
21 1274
21 971
21 967
21 775
21 1139
21 352
21 85
21 701
21 1327
21 236
21 219
21 125
21 57
21 406
21 124
21 348
21 232
21 67
21 676
21 1065
21 717
21 716
21 1319
21 267
21 631
21 116
21 238
21 983
21 86
21 1209
21 1257
21 1216
21 217
21 254
21 973
21 1312
21 1315
21 389
21 588
21 835
21 708
21 1165
21 1121
21 1225
21 73
21 324
21 260
21 655
21 1115
21 1346
21 976
21 707
21 72
21 977
21 687
21 880
21 1273
21 813
21 654
21 169
21 441
21 1243
21 437
21 1265
21 1326
21 338
21 839
21 1019
21 383
21 538
21 427
21 1107
21 314
21 806
21 255
21 1211
21 1200
21 1099
21 48
21 771
21 749
21 216
21 546
21 283
21 1183
21 721
21 294
21 462
21 536
21 517
21 767
21 1268
21 156
21 54
21 167
21 213
21 337
21 1368
21 927
21 812
21 300
21 1318
21 515
21 1196
21 943
21 446
21 1285
21 22
21 938
21 1012
21 397
21 1150
21 961
21 64
21 1355
21 480
21 803
21 373
21 867
21 492
21 214
21 234
21 65
21 78
21 1353
21 88
21 636
21 670
21 453
21 460
21 204
21 501
21 1177
21 375
21 263
21 360
21 430
21 584
21 1028
21 98
21 1140
21 308
21 66
21 1339
21 1072
21 442
21 449
21 355
21 205
21 574
21 387
21 45
21 342
21 723
21 1255
21 312
21 30
21 353
21 1182
21 1248
21 151
21 1185
21 1027
21 196
21 1020
21 595
21 727
21 1254
21 901
21 208
21 990
21 1311
21 1374
21 1173
21 621
21 560
21 140
21 358
21 1201
21 306
21 452
21 192
21 24
21 257
21 611
21 816
21 941
21 261
21 870
21 1292
21 1372
21 996
21 331
21 332
21 554
21 414
21 325
21 569
21 76
21 1247
21 1105
21 980
21 822
21 657
21 783
21 1341
21 37
21 1021
21 974
21 470
21 1377
21 762
21 1144
21 264
21 528
21 1051
21 565
21 947
21 1267
21 997
21 235
21 4
21 622
21 108
21 790
21 1283
21 642
21 963
21 668
21 1278
21 165
21 715
21 1249
21 861
21 809
21 447
21 908
21 199
21 477
21 1330
21 222
21 570
21 1259
21 1001
21 981
21 597
21 616
21 652
21 1367
21 115
21 1351
21 1333
21 335
21 274
21 1233
21 7
21 1158
21 435
21 206
21 851
21 1279
21 916
21 404
21 526
21 326
21 988
21 1371
21 23
21 384
21 932
21 82
21 543
21 1078
21 290
21 1394
21 362
21 1080
21 1373
21 659
21 1128
21 1198
21 1214
21 485
21 509
21 572
21 41
21 525
21 531
21 145
21 334
21 899
21 692
21 686
21 183
21 993
21 691
21 364
21 984
21 12
21 1277
21 1217
21 1338
21 798
21 1171
21 660
21 942
21 991
21 1314
21 645
21 884
21 1082
21 270
21 34
21 1208
21 417
21 104
21 1349
21 590
21 500
21 90
21 866
21 759
21 291
21 763
21 1102
21 271
21 784
21 1074
21 433
21 511
21 521
21 539
21 272
21 986
21 1250
21 1197
21 632
21 1062
21 1232
21 666
21 620
21 1109
21 380
21 821
21 907
21 1187
21 182
21 664
21 461
21 410
21 16
21 1110
21 848
21 363
21 27
21 31
21 1317
21 518
21 823
21 458
21 1106
21 663
21 1218
21 369
21 293
21 836
21 555
21 748
21 726
21 245
21 49
21 1100
21 305
21 1077
21 161
21 1066
21 818
21 563
21 810
21 70
21 330
21 1098
21 443
21 1025
21 614
21 979
21 547
21 553
21 1186
21 582
21 1366
21 5
21 556
21 289
21 1069
21 494
21 159
21 190
21 141
21 328
21 162
21 323
21 1296
21 58
21 351
21 126
21 881
21 319
21 865
21 846
21 200
21 711
21 605
21 540
21 1103
21 487
21 374
21 1313
21 218
21 495
21 1024
21 1045
21 1039
21 160
21 952
21 1061
21 1324
21 910
21 1175
21 188
21 787
21 1345
21 744
21 761
21 296
21 1178
21 741
21 877
21 295
21 403
21 1220
21 1303
21 639
21 1242
21 1085
21 914
21 549
21 106
21 1064
21 69
21 1151
21 624
21 1382
21 402
21 669
21 780
21 137
21 94
21 87
21 345
21 148
21 1037
21 1005
21 1281
21 1365
21 999
21 398
21 1179
21 365
21 871
21 379
21 1142
21 1071
21 1397
21 370
21 694
21 629
21 135
21 456
21 109
21 830
21 911
21 1261
21 189
21 394
21 585
21 987
21 1246
21 1162
21 105
21 1359
21 1014
21 789
21 714
21 1192
21 1081
21 1298
21 224
21 391
21 457
21 844
21 795
21 241
21 139
21 75
21 158
21 463
21 885
21 1301
21 1207
21 248
21 107
21 750
21 697
21 586
21 239
21 1118
21 1253
21 298
21 894
21 954
21 129
21 152
21 1369
21 1094
21 177
21 180
21 520
21 772
21 1228
21 739
21 1310
21 35
21 251
21 533
21 1153
21 252
21 926
21 779
21 1329
21 79
21 1043
21 473
21 498
21 693
21 1070
21 883
21 1129
21 1284
21 845
21 1131
21 479
21 959
21 399
21 336
21 1056
21 1210
21 917
21 1073
21 940
21 1354
21 985
21 356
21 696
21 1184
21 299
21 755
21 683
21 600
21 110
21 972
21 341
21 1231
21 1132
21 3
21 919
21 191
21 720
21 537
21 21
21 1023
21 1189
21 841
21 179
21 1117
21 1300
21 117
21 445
21 1119
21 210
21 467
21 1290
21 1229
21 992
21 13
21 685
21 964
21 690
21 672
21 1112
21 1287
21 544
21 1026
21 440
21 466
21 729
21 354
21 667
21 1215
21 658
21 747
21 195
21 418
21 1040
21 9
21 819
21 207
21 1390
21 170
21 266
21 1188
21 930
21 680
21 542
21 36
21 1380
21 212
21 1305
21 915
21 472
21 386
21 970
21 773
21 393
21 1090
21 1361
21 913
21 1190
21 47
21 842
21 288
21 301
21 1323
21 1016
21 982
21 1222
21 1163
21 18
21 428
21 873
21 863
21 368
21 681
21 292
21 315
21 1203
21 514
21 630
21 737
21 1008
21 909
21 119
21 760
21 138
21 1375
21 968
21 1075
21 221
21 157
21 273
21 185
21 496
21 1123
21 1213
21 754
21 173
21 625
21 250
21 929
21 904
21 925
21 512
21 603
21 1370
21 1058
21 675
21 854
21 678
21 1050
21 225
21 304
21 891
21 327
21 833
21 482
21 1
21 2
21 187
21 253
21 946
21 627
21 826
21 989
21 725
21 1034
21 900
21 201
21 953
21 1113
21 805
21 840
21 506
21 100
21 934
21 545
21 1294
21 1320
21 1042
21 1084
21 1383
21 577
21 1276
21 872
21 1322
21 1393
21 1095
21 634
21 612
21 227
21 26
21 1241
21 653
21 869
21 478
21 527
21 768
21 849
21 776
21 951
21 1289
21 282
21 902
21 231
21 113
21 599
21 903
21 310
21 395
21 1170
21 888
21 956
21 1379
21 786
21 522
21 1169
21 1130
21 530
21 1093
21 112
21 928
21 465
21 868
21 619
21 1337
21 837
21 349
21 33
21 799
21 1083
21 610
21 513
21 1251
21 11
21 1032
21 955
21 8
21 895
21 133
21 699
21 643
21 918
21 587
21 1148
21 829
21 322
21 1089
21 1340
21 808
21 703
21 950
21 228
21 1041
21 412
21 155
21 469
21 601
21 311
21 1002
21 728
21 1146
21 1022
21 704
21 792
21 372
21 256
21 613
21 1221
21 459
21 1092
21 444
21 602
21 381
21 633
21 534
21 764
21 1293
21 307
21 1172
21 800
21 765
21 1033
21 679
21 6
21 499
21 1122
21 753
21 1181
21 1046
21 1193
21 831
21 580
21 922
21 793
21 143
21 1015
21 122
21 923
21 488
21 945
21 209
21 400
21 843
21 1138
21 801
21 924
21 89
21 396
21 709
21 15
21 523
21 1260
21 194
21 1018
21 637
21 1304
21 796
21 1059
21 782
21 153
21 1126
21 1307
21 1031
21 969
21 722
21 284
21 828
21 434
21 376
21 673
21 1363
21 1044
21 788
21 769
21 1357
21 706
21 1295
21 931
21 850
21 1145
21 278
21 1332
21 246
21 746
21 127
21 1378
21 733
21 641
21 1362
21 1067
21 388
21 448
21 1030
21 149
21 541
21 1063
21 688
21 1180
21 743
21 1036
21 1239
21 321
21 596
21 1160
21 847
21 44
21 230
21 573
21 1104
21 1176
21 451
21 732
21 1116
21 25
21 132
21 815
21 1342
21 121
21 626
21 1091
21 14
21 350
21 468
21 1135
21 1325
21 1316
21 172
21 713
21 150
21 344
21 889
21 802
21 507
21 220
21 1384
21 425
21 879
21 1152
21 186
21 1245
21 491
21 1224
21 1120
21 316
21 817
21 1136
21 415
21 757
21 674
21 1055
21 416
21 249
21 887
21 1166
21 638
21 1343
21 1364
21 229
21 1280
21 712
21 785
21 59
21 134
21 28
21 581
21 905
21 890
21 382
21 1133
21 1079
21 857
21 280
21 1053
21 1392
21 424
21 1086
21 359
21 99
21 937
21 1360
21 450
21 279
21 730
21 811
21 128
21 503
21 419
21 834
21 1017
21 439
21 561
21 647
21 1309
21 486
21 1202
21 609
21 1164
21 1029
21 1038
21 318
21 1111
21 144
21 455
21 464
21 309
21 1047
21 1321
21 751
21 1271
21 1235
21 1389
21 184
21 777
21 259
21 91
21 1048
21 281
21 1308
21 607
21 102
21 912
21 893
21 454
21 594
21 766
21 42
21 958
21 529
21 1399
21 853
21 886
21 579
21 367
21 1398
21 532
21 957
21 1060
21 778
21 856
21 640
21 93
21 682
21 1206
21 1396
21 1108
21 1167
21 286
21 939
21 740
21 390
21 1385
21 824
21 223
21 724
21 820
21 551
21 935
21 742
21 118
21 1054
21 794
21 1262
21 405
21 1125
21 237
21 921
21 897
21 136
21 317
21 111
21 557
21 1388
21 1127
21 476
21 858
21 181
21 265
21 1068
21 432
21 285
21 1134
21 1013
21 1087
21 146
21 734
21 361
21 233
21 677
21 262
21 859
21 385
21 1049
21 852
21 797
21 864
21 898
21 648
21 423
21 247
21 752
21 392
21 705
21 1334
21 906
21 1400
21 371
21 83
21 1234
21 736
21 20
21 211
21 147
21 804
21 644
21 878
21 1376
21 198
21 92
21 731
21 1052
21 422
21 738
21 244
21 936
21 1240
21 862
21 745
21 855
21 1088
21 832
21 420
21 1057
21 1035
21 1168
21 1358
21 933
21 130
21 429
21 735
21 756
21 684
21 320
21 1097
21 313
21 1387
21 875
21 202
21 892
21 1137
21 825
21 649
21 1096
21 1194
21 718
21 489
21 46
21 1174
