24 1362
24 148
24 726
24 582
24 1311
24 1361
24 1226
24 1079
24 840
24 1210
24 442
24 75
24 1026
24 102
24 47
24 60
24 584
24 1302
24 590
24 663
24 729
24 342
24 916
24 980
24 6
24 583
24 833
24 1364
24 5
24 823
24 109
24 668
24 728
24 362
24 1360
24 961
24 490
24 1025
24 303
24 170
24 749
24 1049
24 1246
24 586
24 952
24 1225
24 817
24 1099
24 1085
24 1124
24 183
24 365
24 366
24 517
24 828
24 62
24 1261
24 1372
24 300
24 841
24 977
24 881
24 1383
24 610
24 866
24 39
24 1039
24 821
24 1266
24 1013
24 720
24 1294
24 871
24 960
24 1
24 13
24 927
24 1359
24 955
24 819
24 391
24 315
24 383
24 666
24 50
24 818
24 671
24 651
24 744
24 145
24 1264
24 758
24 1192
24 1041
24 723
24 1030
24 642
24 485
24 543
24 846
24 461
24 337
24 69
24 1014
24 862
24 660
24 650
24 1265
24 509
24 826
24 34
24 95
24 160
24 550
24 159
24 1138
24 107
24 1033
24 305
24 849
24 192
24 710
24 1008
24 762
24 896
24 770
24 1237
24 184
24 11
24 472
24 451
24 397
24 835
24 1376
24 357
24 1068
24 925
24 358
24 884
24 932
24 1369
24 258
24 1046
24 181
24 1012
24 226
24 411
24 280
24 581
24 1227
24 458
24 334
24 1377
24 268
24 954
24 26
24 1019
24 269
24 445
24 482
24 1023
24 369
24 1015
24 549
24 1043
24 1216
24 10
24 395
24 12
24 1017
24 934
24 951
24 883
24 1201
24 71
24 333
24 1155
24 1154
24 8
24 346
24 799
24 479
24 49
24 497
24 400
24 768
24 1142
24 1251
24 119
24 944
24 733
24 316
24 194
24 570
24 868
24 153
24 248
24 338
24 498
24 765
24 1217
24 727
24 1177
24 283
24 909
24 861
24 559
24 1317
24 235
24 1228
24 1304
24 1262
24 889
24 1108
24 408
24 611
24 874
24 1340
24 680
24 1267
24 31
24 1397
24 1071
24 57
24 798
24 1355
24 487
24 838
24 410
24 827
24 1312
24 260
24 786
24 563
24 898
24 1028
24 27
24 526
24 1029
24 380
24 19
24 655
24 327
24 714
24 221
24 687
24 435
24 939
24 1086
24 1391
24 545
24 467
24 895
24 652
24 1239
24 328
24 1063
24 824
24 418
24 632
24 72
24 474
24 414
24 449
24 399
24 1027
24 1183
24 273
24 457
24 1021
24 495
24 1074
24 1386
24 761
24 731
24 319
24 285
24 43
24 514
24 552
24 439
24 223
24 61
24 1105
24 537
24 1037
24 633
24 1347
24 1367
24 516
24 68
24 1207
24 36
24 863
24 297
24 356
24 851
24 1016
24 1269
24 204
24 551
24 647
24 1333
24 515
24 1185
24 412
24 1342
24 207
24 180
24 741
24 1078
24 1129
24 664
24 234
24 1076
24 1260
24 1215
24 37
24 484
24 355
24 421
24 281
24 971
24 1252
24 592
24 1140
24 1323
24 943
24 1123
24 331
24 459
24 122
24 1287
24 528
24 599
24 900
24 117
24 893
24 29
24 730
24 965
24 1283
24 702
24 241
24 419
24 242
24 385
24 1243
24 1121
24 681
24 339
24 704
24 1254
24 525
24 1384
24 641
24 1069
24 521
24 150
24 751
24 398
24 527
24 1133
24 352
24 568
24 959
24 384
24 914
24 1083
24 477
24 112
24 176
24 601
24 1399
24 1190
24 55
24 249
24 981
24 1346
24 854
24 930
24 322
24 1130
24 308
24 534
24 577
24 456
24 314
24 1018
24 1301
24 286
24 1193
24 1007
24 256
24 606
24 51
24 1382
24 98
24 460
24 672
24 979
24 103
24 134
24 45
24 154
24 831
24 1128
24 48
24 236
24 22
24 190
24 1077
24 1031
24 299
24 90
24 215
24 463
24 196
24 578
24 368
24 953
24 1122
24 228
24 394
24 752
24 347
24 1255
24 1047
24 637
24 1119
24 217
24 378
24 1073
24 231
24 665
24 908
24 504
24 756
24 38
24 203
24 542
24 1370
24 913
24 450
24 910
24 1186
24 93
24 1275
24 661
24 1062
24 219
24 156
24 246
24 178
24 654
24 938
24 251
24 983
24 291
24 56
24 917
24 415
24 609
24 1230
24 197
24 21
24 816
24 594
24 1214
24 245
24 23
24 15
24 716
24 179
24 778
24 293
24 1187
24 214
24 1020
24 1211
24 325
24 829
24 963
24 224
24 569
24 1175
24 1093
24 1171
24 1282
24 1109
24 575
24 494
24 1158
24 295
24 92
24 803
24 123
24 91
24 512
24 348
24 1308
24 1392
24 386
24 1005
24 1313
24 640
24 73
24 1136
24 264
24 1327
24 978
24 777
24 313
24 974
24 809
24 511
24 349
24 1146
24 1248
24 839
24 364
24 335
24 999
24 505
24 658
24 199
24 855
24 1363
24 844
24 125
24 1045
24 1276
24 1120
24 191
24 885
24 901
24 149
24 860
24 206
24 1009
24 1219
24 739
24 623
24 573
24 1250
24 1125
24 1058
24 298
24 306
24 847
24 877
24 1075
24 447
24 1314
24 657
24 670
24 1034
24 867
24 618
24 1295
24 1139
24 1337
24 1365
24 738
24 360
24 612
24 1084
24 836
24 653
24 929
24 304
24 1396
24 763
24 1242
24 518
24 1293
24 80
24 158
24 376
24 975
24 843
24 393
24 265
24 615
24 820
24 1331
24 1135
24 402
24 350
24 444
24 428
24 1285
24 919
24 1263
24 1236
24 121
24 486
24 367
24 1322
24 254
24 40
24 1286
24 1182
24 41
24 560
24 945
24 101
24 332
24 988
24 562
24 679
24 169
24 67
24 424
24 1090
24 539
24 422
24 261
24 96
24 16
24 754
24 1223
24 745
24 557
24 120
24 1003
24 79
24 667
24 108
24 1032
24 1011
24 857
24 656
24 698
24 377
24 475
24 267
24 876
24 114
24 1278
24 920
24 1148
24 926
24 948
24 519
24 413
24 128
24 1256
24 1288
24 596
24 220
24 587
24 772
24 571
24 492
24 345
24 503
24 1277
24 404
24 931
24 1087
24 732
24 425
24 1221
24 1054
24 1010
24 70
24 1114
24 500
24 607
24 143
24 227
24 648
24 1060
24 506
24 903
24 1291
24 82
24 706
24 628
24 1258
24 771
24 1153
24 669
24 659
24 76
24 531
24 195
24 152
24 1389
24 140
24 1080
24 35
24 493
24 875
24 935
24 1118
24 301
24 321
24 1050
24 116
24 639
24 1300
24 748
24 1176
24 440
24 969
24 834
24 1208
24 1209
24 454
24 329
24 390
24 182
24 326
24 115
24 760
24 1110
24 789
24 406
24 86
24 796
24 1115
24 923
24 1081
24 1381
24 443
24 1042
24 842
24 131
24 1131
24 845
24 389
24 193
24 370
24 1353
24 133
24 882
24 887
24 1247
24 222
24 336
24 499
24 171
24 266
24 1189
24 700
24 1349
24 167
24 966
24 240
24 864
24 63
24 491
24 1197
24 481
24 1368
24 1200
24 746
24 130
24 462
24 1299
24 1259
24 810
24 950
24 1336
24 1284
24 572
24 432
24 1388
24 1238
24 388
24 161
24 470
24 848
24 30
24 87
24 850
24 540
24 1233
24 561
24 469
24 1202
24 237
24 600
24 478
24 363
24 566
24 1141
24 588
24 814
24 1196
24 476
24 289
24 630
24 1048
24 1070
24 579
24 520
24 905
24 585
24 793
24 645
24 870
24 1249
24 998
24 302
24 210
24 340
24 626
24 455
24 907
24 1057
24 379
24 135
24 381
24 343
24 188
24 1132
24 994
24 294
24 437
24 605
24 417
24 1111
24 1341
24 996
24 396
24 438
24 324
24 737
24 318
24 1321
24 54
24 1001
24 1004
24 989
24 97
24 747
24 973
24 712
24 513
24 523
24 554
24 530
24 483
24 1387
24 288
24 271
24 292
24 593
24 1149
24 1191
24 310
24 1107
24 937
24 1335
24 186
24 138
24 177
24 1270
24 1398
24 684
24 89
24 544
24 865
24 774
24 558
24 201
24 678
24 556
24 892
24 801
24 990
24 621
24 1161
24 330
24 157
24 407
24 1173
24 629
24 392
24 1348
24 808
24 53
24 1253
24 972
24 1055
24 608
24 784
24 646
24 1310
24 166
24 33
24 287
24 1156
24 676
24 446
24 1061
24 473
24 564
24 100
24 111
24 813
24 802
24 1330
24 436
24 1281
24 750
24 1195
24 257
24 753
24 1273
24 225
24 276
24 1117
24 431
24 1306
24 775
24 1303
24 1188
24 1179
24 139
24 822
24 891
24 880
24 1159
24 173
24 168
24 1371
24 837
24 213
24 878
24 1220
24 1339
24 1385
24 940
24 902
24 1305
24 1088
24 1127
24 175
24 1375
24 32
24 1280
24 906
24 602
24 1366
24 243
24 546
24 65
24 957
24 717
24 1204
24 448
24 873
24 690
24 780
24 697
24 142
24 1400
24 635
24 1172
24 591
24 1244
24 250
24 707
24 465
24 675
24 1357
24 480
24 4
24 441
24 852
24 212
24 1052
24 769
24 1393
24 574
24 508
24 832
24 1106
24 373
24 126
24 567
24 272
24 174
24 1065
24 164
24 1126
24 1232
24 510
24 230
24 24
24 853
24 1151
24 468
24 187
24 1315
24 1067
24 81
24 767
24 589
24 890
24 597
24 46
24 792
24 580
24 1103
24 677
24 1297
24 1395
24 1162
24 535
24 351
24 375
24 911
24 856
24 1318
24 736
24 788
24 94
24 1257
24 724
24 1206
24 361
24 401
24 547
24 147
24 946
24 172
24 106
24 311
24 781
24 1044
24 1378
24 58
24 949
24 253
24 105
24 270
24 1098
24 1320
24 263
24 1272
24 85
24 783
24 9
24 28
24 1006
24 532
24 888
24 232
24 1181
24 595
24 1218
24 703
24 296
24 967
24 64
24 208
24 830
24 538
24 734
24 17
24 962
24 151
24 1324
24 787
24 284
24 1056
24 631
24 452
24 277
24 766
24 88
24 502
24 1356
24 1373
24 800
24 104
24 673
24 691
24 507
24 1198
24 1024
24 466
24 74
24 66
24 1380
24 189
24 344
24 807
24 1298
24 1354
24 785
24 956
24 387
24 501
24 1178
24 1101
24 719
24 982
24 44
24 713
24 625
24 1184
24 205
24 229
24 755
24 307
24 735
24 619
24 683
24 252
24 555
24 132
24 553
24 715
24 354
24 947
24 359
24 1234
24 533
24 434
24 617
24 216
24 694
24 209
24 624
24 1203
24 427
24 127
24 1390
24 409
24 1053
24 1051
24 1036
24 627
24 699
24 165
24 1241
24 341
24 964
24 548
24 598
24 3
24 904
24 791
24 674
24 1325
24 1094
24 524
24 522
24 320
24 275
24 872
24 1022
24 374
24 722
24 709
24 922
24 795
24 416
24 309
24 1345
24 1268
24 622
24 705
24 1160
24 141
24 1374
24 137
24 1145
24 238
24 894
24 757
24 198
24 426
24 453
24 1199
24 1040
24 776
24 372
24 18
24 782
24 1279
24 725
24 764
24 1134
24 936
24 247
24 124
24 636
24 858
24 790
24 743
24 812
24 1147
24 1205
24 1231
24 1332
24 985
24 279
24 643
24 992
24 7
24 1329
24 997
24 688
24 915
24 113
24 144
24 1066
24 1319
24 1072
24 1274
24 993
24 644
24 1292
24 899
24 1002
24 1064
24 638
24 604
24 958
24 991
24 984
24 1224
24 986
24 1152
24 928
24 84
24 692
24 274
24 662
24 155
24 804
24 420
24 869
24 759
24 1165
24 1000
24 211
24 1059
24 255
24 941
24 897
24 1245
24 1035
24 1100
24 1169
24 1144
24 649
24 918
24 239
24 1235
24 290
24 1104
24 1352
24 1150
24 742
24 968
24 233
24 25
24 711
24 244
24 464
24 353
24 616
24 603
24 1229
24 1212
24 488
24 740
24 987
24 576
24 146
24 825
24 1343
24 1326
24 1157
24 433
24 403
24 924
24 1344
24 1089
24 278
24 323
24 721
24 701
24 282
24 1271
24 886
24 14
24 1163
24 136
24 811
24 1328
24 99
24 686
24 52
24 110
24 779
24 1095
24 1143
24 1379
24 129
24 693
24 78
24 496
24 1170
24 1116
24 933
24 1113
24 200
24 429
24 613
24 20
24 921
24 1296
24 797
24 695
24 879
24 1082
24 262
24 696
24 77
24 312
24 1351
24 1092
24 1240
24 162
24 859
24 685
24 1038
24 202
24 970
24 259
24 371
24 163
24 565
24 976
24 1289
24 708
24 382
24 1222
24 430
24 1394
24 185
24 634
24 1112
24 805
24 689
24 1213
24 489
24 1338
24 42
24 218
24 1309
24 1167
24 942
24 1091
24 1137
24 2
24 536
24 1307
24 1334
24 1358
24 1102
24 1168
24 1174
24 1350
24 541
24 912
24 773
24 1164
24 806
24 59
24 529
24 614
24 317
24 83
24 620
24 1180
24 1166
24 718
24 682
24 794
24 815
24 1316
24 423
24 1097
24 1096
24 1290
24 118
24 1194
24 405
