27 1060
27 512
27 1340
27 513
27 752
27 256
27 593
27 1171
27 1120
27 672
27 592
27 650
27 761
27 749
27 826
27 514
27 1067
27 1015
27 1039
27 1119
27 954
27 224
27 1062
27 931
27 1050
27 1124
27 1076
27 1399
27 863
27 226
27 671
27 1031
27 545
27 279
27 1355
27 1069
27 1360
27 728
27 999
27 1126
27 1054
27 1397
27 173
27 362
27 1392
27 953
27 1048
27 680
27 919
27 1210
27 612
27 885
27 331
27 926
27 929
27 1362
27 928
27 1074
27 648
27 854
27 736
27 1115
27 1363
27 1021
27 842
27 222
27 847
27 1130
27 709
27 1276
27 601
27 1239
27 952
27 1311
27 225
27 632
27 1034
27 419
27 631
27 5
27 896
27 261
27 561
27 1042
27 133
27 938
27 1201
27 39
27 1135
27 803
27 857
27 763
27 248
27 846
27 400
27 712
27 898
27 1014
27 1133
27 844
27 1037
27 750
27 23
27 744
27 13
27 551
27 823
27 739
27 468
27 769
27 936
27 901
27 895
27 1129
27 1225
27 765
27 145
27 1353
27 1359
27 1285
27 793
27 840
27 925
27 951
27 525
27 1118
27 762
27 229
27 567
27 289
27 821
27 528
27 1188
27 544
27 1176
27 21
27 112
27 727
27 1190
27 647
27 326
27 891
27 755
27 234
27 29
27 76
27 347
27 391
27 72
27 250
27 642
27 973
27 1044
27 1246
27 841
27 1303
27 232
27 357
27 798
27 189
27 1046
27 923
27 246
27 1008
27 713
27 945
27 194
27 1132
27 737
27 819
27 780
27 853
27 95
27 301
27 644
27 384
27 203
27 345
27 179
27 291
27 1266
27 27
27 192
27 516
27 19
27 119
27 547
27 442
27 1333
27 723
27 120
27 520
27 1043
27 199
27 729
27 686
27 800
27 930
27 308
27 600
27 1070
27 937
27 963
27 772
27 947
27 215
27 1162
27 230
27 626
27 1231
27 71
27 75
27 411
27 1339
27 333
27 197
27 10
27 733
27 599
27 140
27 191
27 987
27 198
27 176
27 1058
27 319
27 786
27 935
27 354
27 965
27 1218
27 239
27 1278
27 1033
27 990
27 1192
27 398
27 830
27 1331
27 605
27 1117
27 1337
27 845
27 831
27 1197
27 425
27 1182
27 306
27 1234
27 4
27 1292
27 948
27 785
27 1172
27 195
27 741
27 1035
27 69
27 747
27 1090
27 641
27 801
27 148
27 676
27 795
27 848
27 217
27 392
27 633
27 1265
27 910
27 663
27 839
27 450
27 242
27 1227
27 960
27 850
27 60
27 1294
27 638
27 610
27 432
27 1025
27 920
27 523
27 877
27 56
27 829
27 913
27 346
27 955
27 305
27 1267
27 1329
27 1293
27 1123
27 956
27 31
27 86
27 864
27 470
27 1302
27 443
27 1223
27 1400
27 206
27 766
27 852
27 569
27 1142
27 1071
27 911
27 431
27 335
27 543
27 288
27 659
27 808
27 1368
27 934
27 454
27 652
27 784
27 732
27 287
27 1367
27 874
27 1361
27 985
27 465
27 106
27 122
27 1306
27 690
27 415
27 905
27 1357
27 1079
27 207
27 629
27 1049
27 700
27 758
27 1105
27 597
27 932
27 297
27 235
27 1177
27 494
27 1396
27 634
27 1269
27 1214
27 887
27 683
27 521
27 725
27 609
27 393
27 1277
27 1107
27 964
27 175
27 1127
27 221
27 412
27 1387
27 277
27 710
27 1125
27 1179
27 1254
27 1262
27 714
27 687
27 664
27 1251
27 900
27 679
27 1154
27 1301
27 533
27 45
27 1322
27 381
27 559
27 458
27 611
27 74
27 980
27 816
27 796
27 435
27 1310
27 18
27 1077
27 943
27 526
27 490
27 534
27 212
27 160
27 1349
27 1111
27 681
27 812
27 774
27 1055
27 421
27 47
27 336
27 273
27 861
27 678
27 888
27 196
27 383
27 781
27 675
27 241
27 862
27 1356
27 1378
27 312
27 1038
27 258
27 1186
27 8
27 1155
27 550
27 1364
27 461
27 251
27 584
27 984
27 116
27 386
27 1248
27 438
27 527
27 961
27 1342
27 1187
27 828
27 627
27 814
27 271
27 1283
27 1022
27 856
27 1300
27 1383
27 879
27 1145
27 1382
27 1140
27 531
27 827
27 171
27 1175
27 227
27 434
27 748
27 730
27 348
27 1064
27 618
27 413
27 269
27 390
27 754
27 178
27 268
27 1373
27 144
27 1109
27 338
27 104
27 988
27 482
27 1173
27 654
27 260
27 356
27 666
27 408
27 264
27 204
27 50
27 704
27 889
27 89
27 1320
27 505
27 1068
27 147
27 1029
27 358
27 568
27 883
27 1012
27 606
27 1327
27 380
27 1305
27 307
27 109
27 978
27 48
27 183
27 61
27 327
27 1398
27 121
27 6
27 170
27 1045
27 418
27 41
27 337
27 1024
27 299
27 897
27 915
27 1282
27 653
27 52
27 492
27 127
27 284
27 30
27 463
27 843
27 851
27 791
27 556
27 916
27 462
27 55
27 70
27 894
27 1053
27 558
27 1136
27 655
27 977
27 1141
27 1001
27 782
27 389
27 51
27 1321
27 836
27 972
27 986
27 300
27 794
27 1139
27 1317
27 1386
27 424
27 1232
27 1138
27 598
27 1122
27 91
27 474
27 233
27 1261
27 1027
27 451
27 223
27 1146
27 989
27 26
27 131
27 607
27 971
27 467
27 368
27 880
27 658
27 799
27 944
27 813
27 73
27 508
27 1235
27 818
27 586
27 441
27 188
27 927
27 886
27 583
27 102
27 370
27 427
27 775
27 341
27 1211
27 1393
27 1030
27 1
27 402
27 582
27 378
27 1259
27 154
27 1028
27 1243
27 660
27 485
27 572
27 367
27 1258
27 332
27 838
27 746
27 1384
27 205
27 1244
27 445
27 62
27 1091
27 366
27 674
27 375
27 760
27 311
27 495
27 833
27 809
27 698
27 96
27 751
27 484
27 369
27 1016
27 776
27 243
27 1026
27 555
27 570
27 446
27 1370
27 58
27 280
27 608
27 703
27 669
27 90
27 1202
27 1272
27 177
27 352
27 998
27 1270
27 890
27 759
27 15
27 1084
27 884
27 460
27 665
27 1020
27 1023
27 1233
27 447
27 1092
27 643
27 1083
27 1230
27 515
27 395
27 668
27 546
27 822
27 640
27 105
27 783
27 1391
27 858
27 522
27 519
27 257
27 1114
27 1007
27 1249
27 310
27 1228
27 511
27 469
27 657
27 314
27 707
27 498
27 245
27 426
27 1163
27 1377
27 1121
27 591
27 577
27 1343
27 720
27 673
27 922
27 1093
27 1005
27 596
27 464
27 180
27 40
27 477
27 967
27 174
27 1314
27 1075
27 272
27 142
27 717
27 688
27 38
27 735
27 231
27 107
27 32
27 428
27 1352
27 1208
27 1193
27 1247
27 128
27 1209
27 1094
27 53
27 420
27 1341
27 136
27 473
27 37
27 788
27 539
27 497
27 1336
27 1250
27 1332
27 1085
27 1059
27 141
27 549
27 711
27 912
27 797
27 1010
27 1200
27 1131
27 247
27 771
27 1299
27 868
27 87
27 254
27 685
27 36
27 855
27 1226
27 993
27 3
27 594
27 1325
27 578
27 114
27 1206
27 867
27 726
27 433
27 924
27 1178
27 43
27 743
27 182
27 770
27 93
27 1099
27 214
27 138
27 764
27 1216
27 266
27 1149
27 80
27 1221
27 475
27 364
27 540
27 503
27 322
27 298
27 802
27 694
27 1153
27 349
27 334
27 1066
27 571
27 65
27 1106
27 824
27 817
27 1065
27 457
27 1253
27 1286
27 340
27 115
27 696
27 982
27 1191
27 1189
27 1080
27 1051
27 721
27 787
27 1351
27 994
27 1108
27 957
27 542
27 637
27 270
27 365
27 309
27 161
27 617
27 1338
27 98
27 510
27 134
27 1257
27 404
27 697
27 581
27 394
27 181
27 835
27 1095
27 228
27 303
27 517
27 859
27 1354
27 487
27 917
27 440
27 996
27 439
27 146
27 397
27 532
27 722
27 941
27 377
27 1004
27 1041
27 339
27 860
27 9
27 1006
27 1204
27 1318
27 997
27 25
27 1019
27 661
27 1312
27 286
27 125
27 422
27 1309
27 414
27 1323
27 563
27 1304
27 702
27 407
27 1220
27 1215
27 1161
27 57
27 318
27 159
27 139
27 373
27 97
27 14
27 1255
27 969
27 1128
27 1238
27 504
27 126
27 939
27 295
27 1110
27 757
27 49
27 351
27 981
27 1372
27 68
27 1256
27 296
27 382
27 588
27 834
27 692
27 472
27 731
27 22
27 1073
27 193
27 1078
27 866
27 1086
27 1081
27 478
27 66
27 117
27 137
27 282
27 1366
27 88
27 1389
27 742
27 1156
27 1236
27 979
27 360
27 399
27 219
27 970
27 313
27 42
27 1284
27 444
27 1011
27 1165
27 483
27 1237
27 54
27 372
27 324
27 63
27 293
27 807
27 210
27 101
27 903
27 184
27 361
27 590
27 328
27 1348
27 493
27 708
27 1013
27 946
27 768
27 1271
27 449
27 1347
27 1369
27 693
27 878
27 1324
27 902
27 624
27 452
27 974
27 535
27 1036
27 34
27 456
27 153
27 213
27 1313
27 316
27 907
27 699
27 1116
27 904
27 1158
27 1198
27 1307
27 263
27 870
27 201
27 1018
27 537
27 200
27 343
27 1381
27 157
27 789
27 67
27 792
27 646
27 208
27 168
27 976
27 740
27 815
27 1009
27 909
27 169
27 267
27 479
27 564
27 1185
27 670
27 966
27 715
27 240
27 94
27 363
27 849
27 276
27 1159
27 1104
27 1365
27 587
27 1112
27 1287
27 1089
27 509
27 355
27 1263
27 7
27 406
27 1213
27 893
27 506
27 491
27 12
27 500
27 359
27 283
27 156
27 1219
27 158
27 417
27 602
27 790
27 1217
27 719
27 1017
27 779
27 1183
27 706
27 459
27 33
27 604
27 881
27 777
27 1275
27 496
27 580
27 64
27 959
27 501
27 294
27 281
27 1151
27 164
27 871
27 1280
27 124
27 481
27 388
27 1268
27 560
27 1164
27 734
27 918
27 255
27 983
27 1063
27 155
27 79
27 820
27 1308
27 92
27 1328
27 410
27 778
27 876
27 166
27 562
27 379
27 1385
27 575
27 342
27 1260
27 453
27 553
27 11
27 595
27 1375
27 1264
27 129
27 1195
27 906
27 1291
27 315
27 899
27 615
27 1148
27 1032
27 635
27 123
27 1229
27 1289
27 628
27 249
27 1315
27 285
27 1000
27 949
27 1390
27 167
27 1056
27 209
27 1376
27 1358
27 151
27 385
27 975
27 1281
27 566
27 265
27 135
27 872
27 304
27 616
27 103
27 44
27 1252
27 149
27 1395
27 350
27 252
27 940
27 962
27 636
27 656
27 1288
27 651
27 1224
27 130
27 81
27 716
27 325
27 573
27 1330
27 218
27 409
27 108
27 585
27 35
27 1212
27 1057
27 992
27 837
27 507
27 991
27 908
27 1207
27 163
27 865
27 1167
27 1371
27 17
27 292
27 1319
27 1380
27 150
27 1003
27 1241
27 1335
27 552
27 1101
27 1297
27 557
27 329
27 1274
27 1134
27 321
27 216
27 85
27 950
27 165
27 82
27 873
27 921
27 869
27 724
27 1350
27 111
27 387
27 1103
27 810
27 236
27 1147
27 238
27 502
27 429
27 172
27 190
27 486
27 1098
27 323
27 423
27 767
27 630
27 430
27 371
27 396
27 548
27 1047
27 621
27 1144
27 882
27 518
27 1334
27 253
27 376
27 162
27 132
27 623
27 220
27 401
27 530
27 1326
27 667
27 290
27 78
27 1157
27 622
27 437
27 16
27 1100
27 576
27 554
27 152
27 1082
27 100
27 1072
27 811
27 662
27 1203
27 187
27 330
27 695
27 875
27 589
27 1052
27 274
27 1374
27 1196
27 579
27 244
27 1170
27 1002
27 1273
27 455
27 499
27 1245
27 619
27 639
27 374
27 143
27 466
27 20
27 756
27 684
27 77
27 603
27 110
27 302
27 186
27 1150
27 524
27 1205
27 1181
27 476
27 1184
27 436
27 773
27 480
27 529
27 689
27 1295
27 677
27 416
27 1160
27 1379
27 682
27 448
27 753
27 536
27 1298
27 28
27 1143
27 403
27 1346
27 613
27 565
27 1061
27 1088
27 320
27 1166
27 914
27 538
27 1222
27 1087
27 2
27 1290
27 892
27 705
27 237
27 278
27 1137
27 275
27 574
27 625
27 806
27 738
27 1242
27 353
27 933
27 211
27 1113
27 1168
27 99
27 701
27 344
27 1169
27 691
27 805
27 1152
27 745
27 1388
27 84
27 832
27 1102
27 24
27 1344
27 202
27 1040
27 942
27 825
27 645
27 1345
27 541
27 118
27 968
27 614
27 1199
27 620
27 1240
27 1279
27 113
27 46
27 649
27 804
27 958
27 1394
27 1180
27 489
27 1174
27 1316
27 488
27 1296
27 259
27 185
27 59
27 1096
27 1097
27 317
27 262
27 83
27 1194
27 718
27 405
