28 248
28 545
28 1054
28 468
28 367
28 445
28 680
28 945
28 362
28 301
28 1246
28 356
28 1210
28 233
28 1362
28 224
28 728
28 226
28 1060
28 593
28 194
28 863
28 752
28 246
28 512
28 39
28 676
28 762
28 671
28 632
28 1294
28 336
28 1197
28 451
28 1050
28 1360
28 1074
28 963
28 839
28 384
28 1076
28 650
28 470
28 1383
28 755
28 467
28 901
28 919
28 703
28 1171
28 951
28 700
28 672
28 516
28 592
28 561
28 250
28 654
28 1339
28 60
28 931
28 331
28 503
28 1267
28 681
28 633
28 781
28 203
28 227
28 1029
28 551
28 514
28 896
28 1397
28 289
28 801
28 749
28 1120
28 1090
28 1192
28 349
28 341
28 1266
28 1399
28 831
28 543
28 1370
28 652
28 1333
28 965
28 1384
28 1186
28 495
28 1248
28 925
28 411
28 814
28 1126
28 1079
28 1043
28 930
28 1331
28 322
28 498
28 1062
28 798
28 879
28 121
28 785
28 264
28 415
28 961
28 1285
28 425
28 895
28 754
28 704
28 469
28 195
28 1311
28 1119
28 920
28 1368
28 395
28 319
28 730
28 27
28 850
28 1124
28 241
28 368
28 663
28 141
28 1055
28 1008
28 235
28 1048
28 1389
28 206
28 744
28 1031
28 1084
28 1329
28 223
28 1342
28 581
28 709
28 833
28 1130
28 391
28 207
28 19
28 637
28 528
28 1392
28 611
28 544
28 847
28 803
28 1123
28 271
28 1067
28 861
28 231
28 648
28 288
28 923
28 889
28 1305
28 222
28 1262
28 1058
28 584
28 232
28 1
28 321
28 987
28 390
28 830
28 729
28 1353
28 444
28 13
28 612
28 772
28 1272
28 461
28 567
28 977
28 843
28 221
28 750
28 400
28 251
28 929
28 1190
28 687
28 383
28 291
28 359
28 1265
28 862
28 1310
28 1276
28 952
28 609
28 854
28 1086
28 953
28 442
28 1259
28 747
28 1382
28 1129
28 160
28 435
28 1138
28 821
28 1269
28 1337
28 145
28 47
28 898
28 642
28 5
28 93
28 173
28 559
28 1105
28 204
28 599
28 1049
28 1133
28 980
28 115
28 1033
28 419
28 594
28 95
28 1359
28 477
28 345
28 714
28 600
28 916
28 748
28 513
28 1023
28 644
28 1083
28 191
28 523
28 418
28 880
28 1077
28 1182
28 1021
28 926
28 556
28 1233
28 539
28 1188
28 739
28 1361
28 327
28 450
28 1225
28 1015
28 36
28 1317
28 1176
28 494
28 454
28 427
28 127
28 761
28 404
28 408
28 398
28 534
28 647
28 21
28 1039
28 660
28 712
28 1069
28 52
28 279
28 1135
28 1303
28 458
28 1201
28 851
28 107
28 242
28 775
28 943
28 826
28 1063
28 284
28 521
28 273
28 618
28 1179
28 299
28 932
28 1044
28 261
28 841
28 482
28 819
28 1037
28 6
28 14
28 1046
28 111
28 997
28 587
28 823
28 525
28 1373
28 102
28 1041
28 56
28 640
28 154
28 41
28 1363
28 1014
28 15
28 1327
28 287
28 23
28 10
28 540
28 75
28 1193
28 641
28 813
28 1118
28 954
28 256
28 443
28 1367
28 840
28 771
28 133
28 736
28 723
28 955
28 842
28 999
28 795
28 1293
28 527
28 935
28 947
28 300
28 1376
28 678
28 120
28 130
28 72
28 1051
28 1234
28 297
28 998
28 1108
28 1340
28 422
28 347
28 1141
28 1377
28 580
28 713
28 381
28 1270
28 964
28 549
28 1314
28 1301
28 878
28 780
28 159
28 1302
28 664
28 758
28 1254
28 1045
28 239
28 410
28 179
28 170
28 658
28 215
28 214
28 1306
28 985
28 1109
28 515
28 1162
28 607
28 855
28 659
28 537
28 217
28 68
28 57
28 1117
28 827
28 1208
28 934
28 1140
28 249
28 492
28 990
28 380
28 1111
28 698
28 733
28 706
28 378
28 147
28 314
28 793
28 86
28 653
28 1239
28 402
28 230
28 358
28 305
28 140
28 631
28 984
28 1073
28 960
28 413
28 333
28 472
28 1007
28 586
28 8
28 1219
28 1390
28 1218
28 106
28 824
28 981
28 280
28 199
28 610
28 474
28 1034
28 496
28 148
28 910
28 70
28 335
28 29
28 848
28 116
28 802
28 1343
28 1026
28 774
28 225
28 30
28 1028
28 51
28 379
28 535
28 31
28 4
28 393
28 134
28 490
28 783
28 864
28 836
28 532
28 924
28 1187
28 868
28 1006
28 198
28 601
28 765
28 112
28 1277
28 828
28 917
28 457
28 339
28 743
28 117
28 313
28 1071
28 944
28 1211
28 669
28 665
28 948
28 957
28 791
28 846
28 784
28 928
28 326
28 731
28 577
28 1375
28 1366
28 369
28 1125
28 719
28 337
28 429
28 357
28 73
28 526
28 938
28 161
28 67
28 1231
28 674
28 578
28 1148
28 853
28 872
28 884
28 229
28 1355
28 583
28 727
28 760
28 212
28 1206
28 1175
28 438
28 891
28 860
28 1012
28 711
28 307
28 1085
28 26
28 351
28 906
28 777
28 1053
28 119
28 1280
28 178
28 627
28 978
28 782
28 590
28 905
28 105
28 1115
28 417
28 1292
28 12
28 312
28 1081
28 266
28 1227
28 735
28 243
28 1080
28 38
28 389
28 668
28 708
28 903
28 510
28 62
28 128
28 683
28 732
28 234
28 582
28 688
28 176
28 286
28 913
28 753
28 257
28 717
28 131
28 449
28 1304
28 554
28 426
28 421
28 1154
28 936
28 507
28 32
28 1214
28 1261
28 626
28 295
28 386
28 188
28 533
28 76
28 1217
28 91
28 1349
28 1283
28 1142
28 1228
28 829
28 1235
28 18
28 900
28 530
28 122
28 940
28 374
28 893
28 465
28 725
28 428
28 1005
28 71
28 873
28 1251
28 812
28 768
28 440
28 520
28 597
28 49
28 606
28 1042
28 473
28 746
28 157
28 937
28 852
28 1070
28 1068
28 1064
28 318
28 137
28 911
28 69
28 184
28 258
28 90
28 441
28 763
28 346
28 1386
28 372
28 1336
28 281
28 770
28 1232
28 832
28 197
28 988
28 1365
28 1320
28 1243
28 550
28 598
28 1087
28 475
28 670
28 1030
28 1163
28 460
28 638
28 260
28 1020
28 786
28 666
28 885
28 1025
28 1357
28 973
28 189
28 579
28 180
28 547
28 1223
28 150
28 228
28 142
28 432
28 377
28 1009
28 542
28 818
28 596
28 50
28 1312
28 1110
28 1065
28 677
28 941
28 366
28 1158
28 1286
28 196
28 986
28 907
28 894
28 48
28 192
28 1216
28 602
28 394
28 834
28 1078
28 1341
28 396
28 431
28 1221
28 741
28 702
28 1011
28 324
28 605
28 478
28 153
28 1161
28 175
28 109
28 591
28 270
28 236
28 1364
28 464
28 808
28 483
28 298
28 956
28 1001
28 45
28 983
28 720
28 1088
28 787
28 65
28 1330
28 1378
28 1183
28 34
28 308
28 3
28 1092
28 1013
28 505
28 686
28 1016
28 643
28 675
28 183
28 354
28 385
28 332
28 1091
28 92
28 124
28 104
28 181
28 491
28 1075
28 1202
28 370
28 922
28 502
28 1332
28 392
28 570
28 479
28 751
28 1153
28 484
28 1146
28 927
28 679
28 433
28 420
28 1393
28 1056
28 639
28 487
28 334
28 769
28 876
28 967
28 96
28 292
28 788
28 269
28 796
28 388
28 1107
28 33
28 1308
28 849
28 1391
28 1322
28 511
28 759
28 497
28 1099
28 61
28 1000
28 1131
28 1207
28 1024
28 1032
28 43
28 424
28 1321
28 54
28 309
28 499
28 1282
28 1387
28 1299
28 182
28 412
28 921
28 74
28 501
28 1036
28 506
28 1309
28 557
28 1356
28 247
28 816
28 563
28 634
28 40
28 918
28 845
28 453
28 866
28 452
28 738
28 792
28 726
28 376
28 971
28 1300
28 1112
28 508
28 348
28 1047
28 857
28 1396
28 220
28 1258
28 939
28 1278
28 1095
28 874
28 799
28 558
28 98
28 338
28 306
28 126
28 710
28 164
28 1275
28 87
28 1255
28 989
28 37
28 1094
28 790
28 28
28 1018
28 1189
28 316
28 55
28 1338
28 867
28 245
28 365
28 915
28 268
28 136
28 361
28 877
28 629
28 1224
28 585
28 757
28 278
28 293
28 1244
28 979
28 1215
28 897
28 797
28 350
28 325
28 1289
28 1271
28 310
28 193
28 447
28 1089
28 737
28 485
28 158
28 904
28 809
28 724
28 673
28 504
28 835
28 434
28 1253
28 568
28 1132
28 657
28 655
28 373
28 459
28 1238
28 844
28 1400
28 1230
28 171
28 1220
28 1369
28 375
28 817
28 364
28 1351
28 883
28 285
28 1093
28 573
28 1121
28 1354
28 734
28 684
28 17
28 1151
28 1136
28 22
28 1229
28 1165
28 1372
28 875
28 1149
28 409
28 519
28 1139
28 974
28 456
28 11
28 103
28 800
28 462
28 360
28 20
28 323
28 716
28 355
28 493
28 1106
28 1318
28 172
28 608
28 1185
28 277
28 486
28 476
28 1122
28 162
28 1236
28 555
28 1191
28 205
28 1017
28 572
28 617
28 871
28 446
28 794
28 94
28 1237
28 630
28 16
28 779
28 177
28 213
28 311
28 149
28 1127
28 1145
28 254
28 776
28 705
28 190
28 320
28 635
28 294
28 439
28 201
28 531
28 1323
28 276
28 1328
28 869
28 909
28 969
28 994
28 1352
28 569
28 1027
28 139
28 892
28 143
28 101
28 200
28 283
28 950
28 694
28 1155
28 1287
28 1398
28 667
28 1204
28 1380
28 966
28 588
28 1172
28 397
28 414
28 902
28 1222
28 210
28 352
28 742
28 690
28 1196
28 174
28 595
28 35
28 1019
28 1245
28 1257
28 697
28 1260
28 838
28 1348
28 1379
28 722
28 342
28 167
28 1256
28 363
28 1284
28 1200
28 500
28 538
28 1173
28 1057
28 1177
28 887
28 778
28 296
28 1249
28 407
28 522
28 517
28 1247
28 856
28 25
28 1388
28 97
28 1035
28 303
28 146
28 340
28 1281
28 1114
28 238
28 564
28 265
28 908
28 1066
28 615
28 63
28 138
28 562
28 1159
28 509
28 114
28 685
28 169
28 546
28 163
28 382
28 571
28 89
28 1288
28 1198
28 53
28 1160
28 715
28 463
28 815
28 202
28 108
28 756
28 267
28 682
28 455
28 1295
28 401
28 1184
28 42
28 209
28 216
28 1128
28 237
28 1038
28 155
28 151
28 129
28 1156
28 1164
28 822
28 996
28 1209
28 78
28 208
28 328
28 263
28 721
28 80
28 1385
28 972
28 253
28 1010
28 661
28 899
28 1268
28 1250
28 882
28 1170
28 881
28 125
28 1059
28 993
28 1347
28 132
28 696
28 1003
28 1291
28 968
28 1297
28 949
28 699
28 692
28 745
28 810
28 959
28 371
28 399
28 766
28 1252
28 1290
28 604
28 1334
28 656
28 315
28 64
28 1116
28 1335
28 693
28 1052
28 888
28 707
28 1213
28 58
28 272
28 1181
28 166
28 1072
28 85
28 1315
28 1152
28 886
28 156
28 624
28 789
28 1103
28 553
28 144
28 1226
28 240
28 1313
28 619
28 870
28 1022
28 1263
28 1134
28 890
28 99
28 651
28 914
28 1264
28 807
28 1101
28 9
28 820
28 992
28 1113
28 219
28 406
28 946
28 689
28 1241
28 1346
28 187
28 1004
28 552
28 88
28 764
28 466
28 1240
28 1374
28 255
28 566
28 110
28 329
28 970
28 1324
28 416
28 575
28 44
28 1203
28 81
28 304
28 623
28 448
28 1212
28 662
28 982
28 113
28 613
28 79
28 1395
28 290
28 625
28 330
28 1358
28 282
28 1307
28 152
28 343
28 437
28 7
28 403
28 165
28 636
28 135
28 1169
28 1137
28 2
28 628
28 186
28 1326
28 616
28 168
28 430
28 66
28 858
28 548
28 1273
28 576
28 1104
28 991
28 524
28 975
28 1381
28 589
28 1242
28 1371
28 1150
28 480
28 77
28 701
28 1325
28 423
28 811
28 252
28 1061
28 1195
28 387
28 1178
28 518
28 1144
28 481
28 646
28 24
28 436
28 695
28 275
28 912
28 621
28 645
28 804
28 962
28 649
28 1319
28 767
28 740
28 1274
28 302
28 1002
28 46
28 1102
28 218
28 1157
28 123
28 489
28 560
28 100
28 1100
28 825
28 837
28 82
28 344
28 574
28 622
28 1350
28 1279
28 1147
28 1082
28 1344
28 691
28 1167
28 529
28 1174
28 805
28 244
28 859
28 1298
28 1040
28 958
28 1143
28 976
28 865
28 118
28 1166
28 1098
28 1345
28 806
28 84
28 1205
28 1199
28 488
28 614
28 211
28 565
28 603
28 536
28 942
28 541
28 933
28 1168
28 274
28 773
28 718
28 620
28 353
28 317
28 59
28 1180
28 259
28 262
28 83
28 1394
28 1296
28 1316
28 1194
28 185
28 1097
28 1096
28 405
