29 420
29 514
29 612
29 601
29 672
29 465
29 561
29 1393
29 225
29 226
29 1343
29 793
29 513
29 638
29 222
29 256
29 146
29 712
29 279
29 526
29 752
29 1218
29 631
29 803
29 675
29 289
29 736
29 1276
29 797
29 599
29 176
29 900
29 671
29 545
29 1107
29 816
29 1234
29 1188
29 230
29 288
29 1062
29 972
29 1387
29 709
29 700
29 1162
29 812
29 308
29 946
29 999
29 808
29 433
29 335
29 674
29 464
29 757
29 147
29 301
29 25
29 673
29 683
29 1239
29 522
29 1225
29 450
29 758
29 1300
29 1267
29 1251
29 520
29 632
29 1353
29 796
29 774
29 512
29 776
29 1093
29 569
29 772
29 250
29 112
29 291
29 235
29 1392
29 519
29 311
29 924
29 189
29 800
29 177
29 516
29 133
29 434
29 1046
29 795
29 1399
29 175
29 432
29 923
29 798
29 694
29 650
29 89
29 1042
29 354
29 922
29 1077
29 1210
29 1340
29 1104
29 1095
29 310
29 282
29 971
29 696
29 1124
29 161
29 988
29 1292
29 648
29 212
29 626
29 334
29 678
29 989
29 647
29 864
29 69
29 996
29 215
29 1398
29 605
29 76
29 392
29 533
29 21
29 879
29 1115
29 755
29 229
29 711
29 106
29 1142
29 644
29 973
29 505
29 398
29 1362
29 173
29 1303
29 786
29 1074
29 1277
29 1378
29 992
29 1342
29 1201
29 713
29 1311
29 733
29 1363
29 1094
29 633
29 902
29 1337
29 857
29 269
29 1005
29 521
29 1227
29 610
29 145
29 1355
29 979
29 759
29 1336
29 799
29 41
29 544
29 754
29 901
29 627
29 126
29 809
29 345
29 597
29 1364
29 751
29 679
29 203
29 947
29 309
29 242
29 970
29 688
29 624
29 666
29 224
29 18
29 993
29 384
29 333
29 1284
29 1228
29 1176
29 1216
29 261
29 178
29 424
29 39
29 690
29 1318
29 747
29 1278
29 412
29 1090
29 1247
29 954
29 655
29 246
29 439
29 600
29 326
29 578
29 415
29 1214
29 435
29 182
29 929
29 338
29 998
29 664
29 381
29 191
29 592
29 1135
29 358
29 119
29 1105
29 927
29 852
29 570
29 1329
29 629
29 245
29 23
29 1190
29 1001
29 1034
29 766
29 431
29 154
29 880
29 763
29 744
29 528
29 934
29 1130
29 483
29 386
29 1163
29 211
29 239
29 1035
29 931
29 782
29 749
29 1089
29 823
29 1182
29 697
29 280
29 198
29 511
29 1269
29 71
29 609
29 960
29 926
29 60
29 531
29 192
29 925
29 1243
29 341
29 948
29 27
29 523
29 197
29 525
29 72
29 608
29 8
29 686
29 990
29 969
29 607
29 487
29 643
29 1397
29 1091
29 393
29 1179
29 1215
29 1155
29 1064
29 196
29 1367
29 784
29 963
29 534
29 1164
29 917
29 490
29 911
29 571
29 319
29 547
29 468
29 1111
29 1349
29 636
29 792
29 1211
29 122
29 1151
29 1360
29 680
29 936
29 258
29 139
29 482
29 1037
29 791
29 5
29 588
29 728
29 550
29 994
29 826
29 1244
29 1060
29 394
29 264
29 894
29 527
29 1125
29 1254
29 22
29 234
29 148
29 206
29 634
29 1136
29 780
29 207
29 1187
29 372
29 383
29 494
29 920
29 986
29 1339
29 1352
29 1114
29 885
29 895
29 370
29 1106
29 687
29 974
29 1305
29 1331
29 1120
29 568
29 136
29 551
29 1039
29 277
29 1391
29 596
29 70
29 828
29 955
29 665
29 1006
29 1333
29 158
29 1396
29 362
29 846
29 1383
29 45
29 1265
29 26
29 498
29 337
29 248
29 217
29 1175
29 593
29 213
29 138
29 19
29 715
29 273
29 160
29 1153
29 369
29 1198
29 813
29 919
29 331
29 400
29 243
29 863
29 698
29 48
29 209
29 58
29 952
29 1171
29 714
29 3
29 375
29 231
29 219
29 140
29 535
29 945
29 293
29 247
29 1221
29 332
29 472
29 896
29 442
29 555
29 179
29 762
29 1323
29 980
29 953
29 142
29 121
29 346
29 1302
29 508
29 559
29 1080
29 427
29 1249
29 939
29 1381
29 1231
29 419
29 96
29 305
29 765
29 199
29 368
29 1177
29 676
29 440
29 854
29 855
29 469
29 987
29 268
29 1271
29 1354
29 1307
29 821
29 506
29 109
29 663
29 848
29 52
29 1325
29 707
29 1068
29 704
29 127
29 1031
29 938
29 915
29 1202
29 721
29 651
29 357
29 306
29 125
29 422
29 1319
29 1351
29 156
29 1108
29 889
29 1140
29 1262
29 1007
29 877
29 171
29 935
29 1250
29 841
29 227
29 652
29 1054
29 668
29 454
29 1377
29 789
29 61
29 1069
29 1274
29 890
29 1186
29 1338
29 56
29 200
29 1139
29 391
29 1258
29 421
29 1341
29 653
29 717
29 380
29 842
29 1028
29 194
29 411
29 131
29 1301
29 1197
29 443
29 750
29 314
29 1294
29 1021
29 251
29 692
29 1014
29 174
29 79
29 1167
29 659
29 425
29 40
29 702
29 1172
29 157
29 491
29 276
29 965
29 1161
29 1208
29 685
29 887
29 549
29 913
29 240
29 788
29 438
29 1083
29 1356
29 1232
29 660
29 604
29 340
29 815
29 657
29 810
29 847
29 284
29 1400
29 97
29 13
29 347
29 769
29 67
29 458
29 656
29 984
29 1253
29 29
29 1065
29 868
29 1141
29 595
29 567
29 183
29 1195
29 62
29 1078
29 910
29 1233
29 831
29 586
29 1230
29 727
29 170
29 210
29 105
29 853
29 699
29 205
29 898
29 843
29 312
29 729
29 266
29 897
29 1058
29 1144
29 1165
29 1008
29 366
29 930
29 316
29 1206
29 286
29 710
29 858
29 1154
29 36
29 834
29 725
29 107
29 1085
29 214
29 1015
29 1266
29 1386
29 336
29 6
29 1313
29 572
29 409
29 669
29 283
29 582
29 328
29 944
29 87
29 840
29 850
29 1044
29 9
29 348
29 598
29 642
29 365
29 1049
29 584
29 1086
29 741
29 300
29 779
29 257
29 641
29 1126
29 583
29 807
29 272
29 1084
29 1272
29 65
29 1156
29 116
29 883
29 748
29 1200
29 296
29 1133
29 1038
29 10
29 1321
29 546
29 1359
29 956
29 1076
29 1048
29 681
29 1299
29 318
29 1067
29 543
29 602
29 1287
29 352
29 886
29 461
29 1373
29 708
29 1145
29 120
29 233
29 501
29 270
29 263
29 770
29 1129
29 1223
29 1127
29 1043
29 474
29 303
29 787
29 144
29 985
29 794
29 618
29 221
29 364
29 1138
29 408
29 254
29 1314
29 1081
29 891
29 819
29 75
29 356
29 617
29 416
29 764
29 1261
29 1
29 495
29 1119
29 1370
29 50
29 1050
29 1092
29 817
29 162
29 1322
29 503
29 1157
29 515
29 204
29 670
29 861
29 1220
29 363
29 252
29 905
29 169
29 564
29 844
29 739
29 91
29 860
29 473
29 32
29 951
29 361
29 553
29 290
29 916
29 591
29 1196
29 785
29 977
29 981
29 11
29 1055
29 74
29 95
29 304
29 193
29 775
29 37
29 814
29 351
29 928
29 114
29 1229
29 1012
29 991
29 1283
29 285
29 805
29 4
29 134
29 771
29 141
29 1158
29 128
29 1246
29 1192
29 560
29 811
29 539
29 862
29 241
29 493
29 260
29 1033
29 418
29 307
29 223
29 430
29 1020
29 1327
29 719
29 558
29 287
29 982
29 827
29 730
29 149
29 836
29 1286
29 1324
29 102
29 457
29 1293
29 295
29 80
29 1259
29 1002
29 1109
29 1248
29 959
29 1368
29 509
29 453
29 1263
29 907
29 658
29 93
29 1385
29 267
29 1079
29 31
29 822
29 1310
29 532
29 1040
29 492
29 581
29 253
29 1348
29 92
29 1123
29 1025
29 299
29 783
29 903
29 1372
29 1256
29 390
29 1030
29 232
29 1059
29 876
29 1071
29 1149
29 510
29 167
29 88
29 957
29 63
29 313
29 575
29 693
29 485
29 540
29 484
29 441
29 38
29 983
29 1270
29 172
29 735
29 1285
29 159
29 1099
29 1026
29 1282
29 342
29 537
29 726
29 360
29 961
29 737
29 1189
29 164
29 1181
29 1213
29 1183
29 216
29 1053
29 104
29 188
29 904
29 298
29 746
29 611
29 150
29 1159
29 1306
29 389
29 404
29 720
29 871
29 802
29 413
29 459
29 324
29 402
29 1288
29 426
29 315
29 292
29 732
29 137
29 47
29 884
29 1075
29 1260
29 1147
29 997
29 590
29 943
29 978
29 1004
29 517
29 407
29 1380
29 888
29 781
29 64
29 1070
29 761
29 1219
29 132
29 377
29 1011
29 55
29 829
29 908
29 297
29 1023
29 838
29 874
29 378
29 706
29 445
29 566
29 1264
29 1361
29 34
29 830
29 1117
29 621
29 477
29 839
29 271
29 1308
29 12
29 1022
29 1357
29 1122
29 1347
29 1226
29 878
29 1166
29 1275
29 937
29 265
29 117
29 1317
29 1382
29 851
29 43
29 662
29 1132
29 912
29 856
29 941
29 1118
29 1017
29 1185
29 654
29 1168
29 452
29 967
29 556
29 1304
29 1237
29 504
29 429
29 1369
29 446
29 53
29 98
29 661
29 371
29 1029
29 734
29 1209
29 33
29 932
29 101
29 731
29 451
29 518
29 447
29 90
29 414
29 68
29 397
29 909
29 806
29 1330
29 86
29 619
29 801
29 1169
29 1320
29 153
29 327
29 478
29 180
29 410
29 835
29 1384
29 1103
29 1203
29 77
29 845
29 577
29 1350
29 190
29 1013
29 1389
29 1010
29 833
29 456
29 606
29 1018
29 1207
29 73
29 1204
29 1235
29 1332
29 129
29 343
29 44
29 768
29 1371
29 168
29 181
29 742
29 444
29 1268
29 1238
29 54
29 628
29 557
29 35
29 594
29 255
29 339
29 918
29 1110
29 470
29 330
29 123
29 373
29 899
29 1315
29 399
29 57
29 1009
29 1131
29 1390
29 497
29 475
29 1024
29 321
29 893
29 640
29 218
29 1146
29 350
29 66
29 778
29 349
29 51
29 500
29 1173
29 881
29 30
29 7
29 976
29 385
29 244
29 428
29 1289
29 82
29 1027
29 1063
29 184
29 467
29 1178
29 1066
29 187
29 480
29 466
29 155
29 479
29 195
29 1328
29 1217
29 1312
29 1072
29 716
29 849
29 576
29 406
29 1255
29 603
29 1057
29 367
29 882
29 790
29 524
29 228
29 637
29 1281
29 859
29 1334
29 677
29 151
29 115
29 1019
29 1150
29 1345
29 1346
29 1379
29 1191
29 950
29 1112
29 724
29 964
29 395
29 135
29 462
29 1128
29 635
29 723
29 589
29 1045
29 703
29 1291
29 42
29 1224
29 906
29 1280
29 824
29 818
29 344
29 417
29 320
29 625
29 1257
29 463
29 962
29 322
29 481
29 103
29 1236
29 1252
29 1273
29 388
29 756
29 376
29 1003
29 646
29 236
29 1036
29 166
29 1326
29 563
29 949
29 622
29 1297
29 455
29 1170
29 940
29 249
29 866
29 623
29 323
29 921
29 865
29 208
29 1193
29 552
29 1082
29 1376
29 423
29 355
29 460
29 143
29 1365
29 1121
29 163
29 201
29 281
29 536
29 1375
29 745
29 275
29 722
29 1041
29 124
29 933
29 382
29 760
29 773
29 15
29 1335
29 387
29 476
29 777
29 1212
29 639
29 1205
29 449
29 502
29 1374
29 542
29 616
29 1052
29 379
29 649
29 562
29 615
29 867
29 1102
29 507
29 1148
29 100
29 1098
29 875
29 530
29 85
29 1309
29 186
29 1061
29 554
29 548
29 740
29 152
29 966
29 325
29 1016
29 1245
29 274
29 1242
29 804
29 820
29 486
29 165
29 238
29 1143
29 1290
29 695
29 630
29 17
29 667
29 294
29 111
29 892
29 1295
29 1366
29 587
29 499
29 1073
29 1241
29 1047
29 329
29 1000
29 1032
29 870
29 2
29 1134
29 1101
29 573
29 529
29 496
29 1160
29 14
29 873
29 118
29 237
29 1395
29 359
29 46
29 689
29 1056
29 684
29 353
29 1222
29 94
29 436
29 437
29 958
29 49
29 565
29 1116
29 975
29 396
29 220
29 401
29 1388
29 753
29 24
29 682
29 574
29 403
29 743
29 837
29 78
29 374
29 1152
29 585
29 914
29 108
29 1344
29 1358
29 278
29 579
29 130
29 872
29 28
29 538
29 113
29 1087
29 1298
29 1051
29 942
29 16
29 825
29 701
29 580
29 738
29 968
29 489
29 869
29 110
29 302
29 613
29 1394
29 1184
29 767
29 832
29 1113
29 620
29 1100
29 1199
29 705
29 262
29 448
29 99
29 81
29 20
29 691
29 84
29 541
29 1088
29 202
29 614
29 1279
29 1137
29 1240
29 1174
29 1316
29 645
29 488
29 185
29 1180
29 1296
29 1096
29 83
29 1097
29 718
29 59
29 259
29 317
29 1194
29 405
