3 5
3 485
3 978
3 546
3 586
3 982
3 6
3 980
3 90
3 560
3 399
3 145
3 95
3 13
3 1200
3 582
3 1069
3 306
3 509
3 606
3 91
3 62
3 584
3 727
3 23
3 50
3 707
3 339
3 348
3 861
3 352
3 269
3 119
3 181
3 603
3 1027
3 240
3 527
3 61
3 963
3 29
3 553
3 1185
3 142
3 1021
3 425
3 55
3 981
3 51
3 833
3 338
3 72
3 260
3 761
3 1386
3 343
3 1099
3 364
3 131
3 570
3 120
3 525
3 407
3 550
3 395
3 551
3 1282
3 944
3 559
3 87
3 1042
3 135
3 784
3 628
3 1178
3 303
3 383
3 378
3 144
3 337
3 1254
3 1269
3 98
3 661
3 398
3 1355
3 333
3 826
3 497
3 885
3 962
3 256
3 463
3 655
3 1192
3 169
3 568
3 569
3 1177
3 646
3 365
3 21
3 71
3 572
3 82
3 1039
3 672
3 763
3 542
3 305
3 158
3 1263
3 366
3 823
3 168
3 1201
3 9
3 3
3 480
3 840
3 1335
3 592
3 481
3 45
3 389
3 1050
3 1205
3 1210
3 242
3 1361
3 308
3 865
3 854
3 848
3 1149
3 1043
3 1076
3 1119
3 744
3 4
3 393
3 387
3 1311
3 493
3 967
3 954
3 300
3 1190
3 34
3 1071
3 831
3 37
3 952
3 75
3 400
3 267
3 1268
3 798
3 114
3 733
3 754
3 547
3 1392
3 1098
3 1156
3 1123
3 1155
3 1109
3 1215
3 274
3 462
3 846
3 319
3 959
3 666
3 299
3 1031
3 460
3 838
3 31
3 332
3 340
3 1397
3 408
3 631
3 1251
3 1278
3 1340
3 1077
3 1025
3 1226
3 1322
3 955
3 664
3 328
3 254
3 273
3 635
3 887
3 1236
3 938
3 81
3 159
3 375
3 264
3 192
3 1258
3 457
3 171
3 85
3 1129
3 310
3 1154
3 353
3 350
3 575
3 74
3 1019
3 193
3 736
3 266
3 877
3 1100
3 762
3 109
3 1327
3 1359
3 1250
3 133
3 890
3 896
3 1029
3 623
3 1264
3 438
3 215
3 272
3 112
3 404
3 863
3 641
3 391
3 1130
3 1146
3 1142
3 386
3 1372
3 1230
3 739
3 1083
3 140
3 258
3 1108
3 1367
3 1249
3 66
3 1265
3 107
3 1014
3 1067
3 555
3 447
3 1004
3 241
3 966
3 1008
3 1253
3 176
3 720
3 587
3 1015
3 835
3 268
3 125
3 1070
3 1158
3 1297
3 346
3 977
3 656
3 517
3 647
3 154
3 766
3 177
3 671
3 1107
3 1364
3 870
3 595
3 1244
3 97
3 1363
3 53
3 207
3 760
3 653
3 610
3 180
3 1321
3 769
3 454
3 1171
3 1227
3 1399
3 526
3 1225
3 951
3 1086
3 461
3 518
3 334
3 322
3 522
3 828
3 841
3 845
3 988
3 1382
3 1037
3 800
3 1393
3 1237
3 40
3 80
3 331
3 357
3 208
3 406
3 24
3 1062
3 889
3 1362
3 402
3 874
3 1126
3 355
3 642
3 931
3 836
3 298
3 932
3 1026
3 1283
3 196
3 1317
3 283
3 297
3 1233
3 1348
3 1286
3 435
3 1072
3 650
3 1270
3 324
3 88
3 39
3 741
3 1084
3 315
3 342
3 583
3 1010
3 571
3 1318
3 101
3 104
3 178
3 271
3 170
3 728
3 1373
3 394
3 935
3 514
3 347
3 1046
3 1302
3 304
3 960
3 822
3 827
3 829
3 900
3 821
3 971
3 539
3 629
3 326
3 1022
3 1228
3 1276
3 1312
3 1261
3 857
3 1058
3 475
3 1294
3 607
3 504
3 726
3 1398
3 898
3 377
3 1396
3 602
3 749
3 789
3 1133
3 1381
3 1207
3 226
3 1147
3 1356
3 1081
3 76
3 998
3 516
3 956
3 36
3 1105
3 437
3 73
3 1060
3 203
3 336
3 89
3 585
3 665
3 972
3 668
3 1078
3 1241
3 648
3 566
3 103
3 1161
3 1314
3 912
3 578
3 1120
3 608
3 866
3 358
3 819
3 842
3 1073
3 886
3 1074
3 687
3 354
3 521
3 945
3 1121
3 816
3 212
3 729
3 818
3 1117
3 1023
3 500
3 765
3 1063
3 167
3 1159
3 1048
3 858
3 549
3 746
3 830
3 413
3 1387
3 771
3 512
3 490
3 1259
3 710
3 450
3 79
3 422
3 1279
3 1009
3 588
3 217
3 1301
3 1115
3 564
3 604
3 1323
3 652
3 1139
3 1175
3 1093
3 561
3 1053
3 1085
3 446
3 799
3 837
3 397
3 477
3 1267
3 291
3 419
3 535
3 369
3 1246
3 989
3 752
3 385
3 1223
3 1176
3 663
3 930
3 1395
3 925
3 1135
3 261
3 1044
3 1204
3 1153
3 700
3 612
3 219
3 349
3 723
3 495
3 1239
3 487
3 1353
3 1028
3 856
3 927
3 1124
3 451
3 335
3 474
3 43
3 148
3 513
3 276
3 990
3 222
3 30
3 1315
3 381
3 221
3 1125
3 888
3 302
3 183
3 396
3 593
3 1136
3 770
3 1216
3 926
3 670
3 953
3 1357
3 1054
3 533
3 22
3 651
3 123
3 27
3 654
3 1336
3 519
3 909
3 732
3 1182
3 808
3 384
3 864
3 1266
3 751
3 1012
3 424
3 1400
3 1360
3 285
3 191
3 175
3 19
3 458
3 139
3 1300
3 179
3 164
3 412
3 376
3 126
3 295
3 1003
3 68
3 1030
3 891
3 93
3 531
3 1106
3 660
3 859
3 15
3 524
3 1024
3 605
3 1208
3 961
3 1173
3 714
3 934
3 974
3 901
3 537
3 1305
3 1378
3 1183
3 515
3 1151
3 1131
3 1141
3 911
3 47
3 390
3 1122
3 1059
3 1118
3 459
3 1049
3 965
3 601
3 1034
3 77
3 41
3 528
3 479
3 554
3 224
3 803
3 307
3 1374
3 33
3 65
3 775
3 999
3 873
3 1287
3 853
3 1354
3 809
3 281
3 1389
3 698
3 418
3 871
3 948
3 881
3 669
3 750
3 1127
3 206
3 730
3 361
3 1007
3 199
3 160
3 102
3 117
3 1148
3 697
3 1366
3 1260
3 860
3 1132
3 492
3 876
3 362
3 847
3 1179
3 106
3 839
3 680
3 1101
3 431
3 786
3 868
3 166
3 345
3 764
3 410
3 883
3 1238
3 936
3 494
3 508
3 1377
3 686
3 1214
3 194
3 48
3 111
3 216
3 702
3 370
3 996
3 105
3 1104
3 735
3 38
3 1157
3 236
3 1299
3 277
3 1248
3 69
3 467
3 26
3 817
3 1349
3 301
3 466
3 1313
3 243
3 505
3 12
3 49
3 1383
3 910
3 743
3 1243
3 11
3 640
3 644
3 1256
3 843
3 1368
3 774
3 1384
3 426
3 309
3 138
3 611
3 844
3 1145
3 1006
3 983
3 287
3 772
3 618
3 511
3 928
3 411
3 1068
3 314
3 1293
3 190
3 255
3 197
3 562
3 1252
3 855
3 151
3 472
3 468
3 1020
3 540
3 156
3 899
3 201
3 1138
3 330
3 427
3 851
3 257
3 543
3 122
3 1191
3 563
3 717
3 507
3 1255
3 1181
3 1079
3 188
3 1172
3 591
3 270
3 1114
3 793
3 785
3 432
3 1391
3 506
3 1189
3 248
3 465
3 737
3 947
3 293
3 916
3 235
3 913
3 849
3 1375
3 1128
3 544
3 633
3 286
3 1319
3 973
3 1195
3 929
3 598
3 695
3 941
3 239
3 1221
3 834
3 469
3 327
3 96
3 54
3 795
3 1202
3 1140
3 323
3 227
3 152
3 796
3 213
3 758
3 908
3 609
3 189
3 579
3 44
3 1306
3 60
3 1370
3 1277
3 787
3 903
3 1275
3 368
3 627
3 482
3 280
3 576
3 10
3 1212
3 626
3 442
3 734
3 64
3 449
3 536
3 994
3 1143
3 1232
3 209
3 232
3 1045
3 850
3 556
3 632
3 470
3 86
3 777
3 231
3 214
3 1331
3 788
3 380
3 502
3 1274
3 987
3 704
3 1262
3 1339
3 1218
3 421
3 1220
3 363
3 1303
3 245
3 8
3 445
3 590
3 1051
3 1065
3 949
3 599
3 246
3 234
3 567
3 436
3 289
3 1001
3 155
3 852
3 943
3 580
3 329
3 279
3 1272
3 325
3 1103
3 904
3 318
3 1013
3 373
3 1324
3 184
3 776
3 969
3 755
3 636
3 1234
3 1198
3 1162
3 920
3 296
3 108
3 1033
3 1011
3 624
3 311
3 689
3 17
3 174
3 1041
3 173
3 979
3 498
3 1281
3 443
3 721
3 1347
3 992
3 294
3 250
3 440
3 884
3 986
3 867
3 448
3 676
3 161
3 1285
3 244
3 869
3 1247
3 678
3 2
3 767
3 1211
3 1206
3 957
3 1038
3 1180
3 18
3 552
3 638
3 263
3 401
3 520
3 25
3 814
3 1209
3 320
3 923
3 1066
3 1080
3 1273
3 115
3 1197
3 288
3 409
3 137
3 768
3 1328
3 252
3 185
3 740
3 880
3 715
3 872
3 1061
3 228
3 1187
3 1219
3 523
3 545
3 414
3 1284
3 946
3 1371
3 382
3 919
3 153
3 1288
3 565
3 351
3 1369
3 905
3 915
3 478
3 1040
3 675
3 392
3 1308
3 7
3 1342
3 997
3 210
3 813
3 84
3 321
3 894
3 985
3 70
3 1217
3 356
3 1056
3 134
3 597
3 128
3 712
3 428
3 434
3 1193
3 149
3 57
3 683
3 824
3 456
3 483
3 1352
3 534
3 441
3 724
3 937
3 657
3 922
3 58
3 637
3 773
3 1333
3 341
3 530
3 292
3 939
3 316
3 127
3 1257
3 32
3 917
3 1017
3 984
3 662
3 1005
3 439
3 136
3 284
3 1222
3 1346
3 940
3 121
3 993
3 964
3 759
3 1186
3 1134
3 924
3 195
3 223
3 1292
3 780
3 577
3 182
3 484
3 589
3 719
3 229
3 645
3 420
3 94
3 742
3 1343
3 625
3 975
3 1018
3 1310
3 230
3 225
3 820
3 312
3 92
3 791
3 1235
3 807
3 558
3 1325
3 600
3 452
3 722
3 950
3 1245
3 681
3 1184
3 67
3 1165
3 1376
3 388
3 56
3 810
3 1326
3 282
3 141
3 1016
3 116
3 690
3 1
3 658
3 893
3 895
3 691
3 1320
3 1231
3 415
3 35
3 713
3 1365
3 186
3 725
3 379
3 464
3 747
3 211
3 1002
3 709
3 976
3 1203
3 100
3 1089
3 129
3 491
3 812
3 430
3 1116
3 621
3 574
3 1337
3 165
3 667
3 630
3 113
3 781
3 16
3 1213
3 1032
3 778
3 1298
3 659
3 150
3 970
3 132
3 748
3 172
3 782
3 1291
3 444
3 1295
3 367
3 360
3 1394
3 862
3 1111
3 532
3 1351
3 503
3 1188
3 499
3 1055
3 1307
3 147
3 694
3 501
3 594
3 1390
3 783
3 731
3 581
3 753
3 344
3 902
3 204
3 1242
3 1196
3 1064
3 1167
3 914
3 1075
3 486
3 703
3 716
3 1344
3 1160
3 157
3 882
3 1329
3 251
3 146
3 510
3 639
3 692
3 790
3 265
3 879
3 476
3 643
3 596
3 779
3 1036
3 1166
3 1094
3 756
3 907
3 711
3 313
3 792
3 1110
3 679
3 473
3 634
3 1052
3 1296
3 52
3 688
3 1385
3 198
3 1229
3 991
3 205
3 745
3 143
3 433
3 1358
3 1304
3 28
3 802
3 1341
3 801
3 529
3 685
3 619
3 1345
3 1088
3 63
3 706
3 1047
3 1082
3 875
3 455
3 372
3 699
3 1000
3 416
3 1090
3 942
3 557
3 1057
3 238
3 233
3 130
3 1112
3 933
3 78
3 805
3 253
3 187
3 693
3 1388
3 1380
3 897
3 1150
3 757
3 1087
3 1309
3 832
3 124
3 1096
3 696
3 417
3 673
3 615
3 1097
3 496
3 249
3 290
3 825
3 1350
3 573
3 14
3 218
3 1240
3 548
3 674
3 1163
3 617
3 878
3 1199
3 906
3 538
3 705
3 237
3 701
3 797
3 918
3 620
3 1144
3 247
3 815
3 1379
3 220
3 1330
3 1152
3 1169
3 738
3 1035
3 374
3 163
3 110
3 1095
3 275
3 622
3 968
3 42
3 1289
3 1338
3 59
3 162
3 958
3 708
3 1092
3 1271
3 1170
3 1280
3 1091
3 1164
3 488
3 403
3 616
3 541
3 1224
3 677
3 684
3 1113
3 262
3 453
3 200
3 1102
3 806
3 1168
3 429
3 1316
3 1332
3 892
3 278
3 811
3 921
3 359
3 371
3 46
3 613
3 1137
3 423
3 20
3 794
3 405
3 259
3 804
3 1334
3 1290
3 317
3 99
3 614
3 489
3 118
3 649
3 83
3 682
3 1194
3 202
3 1174
3 718
