31 1135
31 23
31 938
31 551
31 1171
31 786
31 1201
31 1042
31 763
31 179
31 848
31 854
31 1340
31 885
31 133
31 1067
31 954
31 106
31 375
31 72
31 1363
31 196
31 672
31 352
31 926
31 71
31 338
31 326
31 112
31 1355
31 269
31 1149
31 1392
31 5
31 29
31 629
31 816
31 736
31 1039
31 846
31 929
31 784
31 400
31 1105
31 647
31 1301
31 192
31 1278
31 648
31 48
31 999
31 935
31 1034
31 261
31 1069
31 217
31 973
31 1190
31 1119
31 990
31 389
31 842
31 927
31 844
31 826
31 512
31 947
31 666
31 386
31 847
31 952
31 424
31 1062
31 331
31 559
31 1399
31 853
31 1037
31 4
31 277
31 1251
31 733
31 857
31 522
31 306
31 775
31 144
31 934
31 19
31 256
31 1256
31 173
31 381
31 242
31 1175
31 631
31 642
31 289
31 690
31 432
31 279
31 366
31 972
31 1124
31 212
31 1172
31 765
31 605
31 769
31 766
31 671
31 886
31 592
31 191
31 774
31 301
31 258
31 513
31 845
31 710
31 1234
31 61
31 226
31 891
31 18
31 357
31 1044
31 393
31 531
31 1058
31 1001
31 1046
31 224
31 485
31 841
31 762
31 490
31 653
31 664
31 1076
31 561
31 1283
31 1359
31 1115
31 1038
31 175
31 831
31 528
31 1070
31 751
31 978
31 308
31 1249
31 896
31 225
31 514
31 1106
31 533
31 890
31 1129
31 1114
31 936
31 425
31 1118
31 508
31 828
31 384
31 392
31 222
31 1109
31 998
31 788
31 665
31 750
31 391
31 569
31 1139
31 931
31 148
31 930
31 298
31 1145
31 354
31 669
31 1353
31 987
31 369
31 803
31 69
31 1050
31 1261
31 450
31 131
31 1311
31 408
31 1339
31 727
31 1373
31 454
31 1254
31 122
31 761
31 1210
31 741
31 523
31 850
31 698
31 89
31 525
31 737
31 988
31 754
31 1136
31 332
31 1214
31 800
31 1078
31 852
31 365
31 749
31 180
31 229
31 932
31 599
31 887
31 1107
31 626
31 383
31 1130
31 458
31 299
31 1223
31 3
31 39
31 822
31 963
31 1386
31 547
31 45
31 739
31 819
31 1179
31 1117
31 1133
31 1125
31 1059
31 1021
31 435
31 1360
31 641
31 145
31 160
31 443
31 21
31 1398
31 840
31 86
31 965
31 582
31 1060
31 758
31 971
31 176
31 235
31 1200
31 1230
31 1123
31 989
31 550
31 945
31 125
31 333
31 821
31 107
31 1173
31 732
31 1043
31 555
31 1221
31 683
31 527
31 266
31 203
31 863
31 1397
31 234
31 221
31 1282
31 827
31 206
31 370
31 1302
31 116
31 171
31 1362
31 650
31 1303
31 901
31 215
31 808
31 560
31 272
31 9
31 1300
31 627
31 1400
31 1083
31 1126
31 1225
31 120
31 823
31 140
31 923
31 282
31 362
31 1322
31 475
31 601
31 1262
31 1188
31 494
31 337
31 1142
31 1292
31 744
31 889
31 974
31 659
31 382
31 1177
31 98
31 1396
31 910
31 492
31 1266
31 787
31 1120
31 1381
31 1357
31 680
31 1293
31 818
31 967
31 97
31 268
31 1202
31 105
31 239
31 188
31 516
31 586
31 96
31 1325
31 888
31 58
31 460
31 87
31 348
31 1218
31 183
31 505
31 955
31 1258
31 1014
31 1031
31 346
31 1231
31 568
31 760
31 119
31 257
31 37
31 1048
31 55
31 776
31 461
31 1006
31 515
31 104
31 1007
31 798
31 412
31 199
31 977
31 704
31 341
31 633
31 1071
31 944
31 127
31 570
31 1327
31 1022
31 62
31 1053
31 1081
31 759
31 526
31 240
31 1005
31 487
31 812
31 911
31 197
31 1239
31 838
31 1192
31 764
31 1195
31 51
31 948
31 943
31 446
31 1127
31 546
31 843
31 1368
31 1393
31 636
31 254
31 1024
31 1074
31 687
31 498
31 161
31 377
31 993
31 1178
31 1306
31 1244
31 76
31 246
31 1010
31 951
31 519
31 310
31 1232
31 1085
31 1153
31 248
31 189
31 1275
31 1269
31 27
31 1155
31 960
31 287
31 474
31 864
31 80
31 88
31 228
31 74
31 780
31 335
31 1182
31 697
31 610
31 553
31 593
31 545
31 53
31 1176
31 652
31 1228
31 66
31 1154
31 712
31 60
31 1352
31 544
31 1361
31 174
31 142
31 241
31 583
31 632
31 1294
31 273
31 442
31 457
31 1008
31 13
31 900
31 468
31 1364
31 511
31 663
31 193
31 1141
31 539
31 966
31 1356
31 509
31 638
31 109
31 75
31 1162
31 398
31 1084
31 598
31 1277
31 411
31 431
31 928
31 858
31 1387
31 742
31 297
31 198
31 1247
31 702
31 340
31 380
31 447
31 895
31 303
31 558
31 399
31 612
31 358
31 920
31 1382
31 922
31 980
31 919
31 8
31 1077
31 194
31 584
31 728
31 1209
31 571
31 465
31 714
31 404
31 324
31 1246
31 1299
31 473
31 364
31 1323
31 1121
31 407
31 937
31 1265
31 477
31 1237
31 170
31 915
31 799
31 305
31 1324
31 154
31 413
31 591
31 260
31 397
31 1159
31 829
31 537
31 953
31 567
31 1033
31 839
31 95
31 1267
31 56
31 543
31 1263
31 1343
31 1227
31 994
31 1236
31 343
31 984
31 793
31 956
31 63
31 428
31 624
31 992
31 414
31 660
31 1276
31 752
31 479
31 707
31 611
31 597
31 1131
31 608
31 520
31 50
31 1185
31 913
31 47
31 686
31 276
31 1270
31 946
31 657
31 941
31 128
31 655
31 770
31 345
31 1349
31 1348
31 1333
31 721
31 644
31 247
31 264
31 700
31 44
31 1186
31 34
31 970
31 347
31 1354
31 661
31 1079
31 564
31 1009
31 1378
31 452
31 177
31 378
31 1122
31 267
31 421
31 606
31 1132
31 1054
31 22
31 438
31 836
31 178
31 772
31 1189
31 1226
31 830
31 851
31 31
31 1329
31 1248
31 114
31 1029
31 309
31 1268
31 1197
31 996
31 939
31 735
31 1204
31 1250
31 730
31 961
31 1305
31 651
31 874
31 789
31 771
31 135
31 588
31 419
31 32
31 1208
31 861
31 1238
31 6
31 1104
31 426
31 1023
31 1068
31 796
31 205
31 1211
31 877
31 1259
31 456
31 232
31 1331
31 1383
31 462
31 1367
31 363
31 962
31 916
31 1025
31 517
31 68
31 1216
31 117
31 25
31 230
31 709
31 1015
31 1056
31 964
31 433
31 969
31 535
31 817
31 1108
31 572
31 1366
31 1198
31 607
31 1328
31 578
31 1019
31 1004
31 985
31 434
31 1377
31 319
31 1319
31 1351
31 138
31 723
31 483
31 534
31 1347
31 694
31 924
31 1235
31 894
31 368
31 912
31 1035
31 717
31 387
31 167
31 979
31 504
31 484
31 1187
31 136
31 250
31 646
31 1140
31 814
31 1312
31 1193
31 464
31 1183
31 227
31 521
31 300
31 654
31 1027
31 394
31 991
31 168
31 782
31 459
31 713
31 801
31 1151
31 152
31 307
31 678
31 1391
31 231
31 1138
31 662
31 676
31 1253
31 210
31 208
31 40
31 510
31 123
31 219
31 146
31 207
31 164
31 883
31 90
31 925
31 1233
31 692
31 318
31 1206
31 482
31 41
31 54
31 1318
31 1099
31 748
31 1147
31 986
31 809
31 93
31 43
31 609
31 291
31 897
31 472
31 1026
31 1012
31 813
31 898
31 243
31 868
31 79
31 422
31 126
31 542
31 139
31 328
31 288
31 1313
31 566
31 153
31 1291
31 91
31 957
31 1066
31 1372
31 982
31 563
31 157
31 596
31 755
31 1020
31 688
31 158
31 1045
31 467
31 322
31 696
31 255
31 604
31 156
31 959
31 734
31 500
31 1028
31 1165
31 855
31 634
31 73
31 726
31 1321
31 36
31 859
31 155
31 1274
31 1310
31 835
31 15
31 493
31 575
31 785
31 1128
31 1307
31 1161
31 668
31 1156
31 1094
31 881
31 577
31 263
31 216
31 1285
31 729
31 1080
31 463
31 449
31 1243
31 635
31 67
31 101
31 618
31 149
31 213
31 637
31 1342
31 1049
31 356
31 699
31 339
31 1287
31 70
31 540
31 304
31 1215
31 1191
31 420
31 1217
31 314
31 716
31 1051
31 715
31 323
31 92
31 600
31 1212
31 274
31 470
31 1336
31 1371
31 1064
31 656
31 1093
31 311
31 10
31 190
31 720
31 837
31 783
31 1284
31 478
31 725
31 312
31 743
31 218
31 336
31 402
31 595
31 7
31 334
31 65
31 81
31 795
31 159
31 856
31 1055
31 373
31 1264
31 908
31 1157
31 1370
31 617
31 163
31 372
31 1003
31 1297
31 1219
31 497
31 1213
31 860
31 791
31 884
31 643
31 182
31 1315
31 949
31 342
31 1252
31 1286
31 379
31 1143
31 1016
31 26
31 115
31 628
31 355
31 349
31 556
31 562
31 1110
31 94
31 815
31 64
31 469
31 1089
31 1255
31 1086
31 353
31 440
31 327
31 1257
31 685
31 351
31 1040
31 169
31 777
31 674
31 802
31 506
31 1041
31 905
31 295
31 204
31 376
31 280
31 245
31 518
31 1091
31 181
31 779
31 757
31 807
31 52
31 1030
31 315
31 917
31 296
31 418
31 1095
31 1116
31 481
31 147
31 833
31 1395
31 360
31 549
31 294
31 693
31 42
31 35
31 747
31 675
31 439
31 1273
31 166
31 30
31 589
31 292
31 1146
31 975
31 82
31 409
31 395
31 1272
31 1000
31 1326
31 623
31 1101
31 1288
31 870
31 151
31 1304
31 1365
31 249
31 1112
31 283
31 214
31 441
31 251
31 1036
31 880
31 790
31 17
31 1220
31 445
31 134
31 1205
31 981
31 976
31 2
31 184
31 150
31 325
31 867
31 529
31 1082
31 271
31 767
31 406
31 907
31 390
31 1098
31 427
31 290
31 495
31 1163
31 983
31 57
31 1330
31 1317
31 576
31 603
31 1337
31 1148
31 1375
31 585
31 797
31 1390
31 195
31 740
31 410
31 38
31 49
31 1011
31 679
31 201
31 1017
31 768
31 77
31 1134
31 491
31 211
31 778
31 1346
31 286
31 507
31 866
31 1345
31 1207
31 103
31 85
31 1369
31 1018
31 100
31 430
31 590
31 587
31 329
31 501
31 876
31 1111
31 1065
31 703
31 361
31 1308
31 902
31 1073
31 16
31 1224
31 423
31 997
31 223
31 121
31 1309
31 711
31 1241
31 385
31 1341
31 1374
31 293
31 200
31 451
31 1047
31 871
31 1090
31 909
31 824
31 1350
31 670
31 1072
31 1335
31 731
31 1389
31 84
31 548
31 849
31 270
31 1013
31 893
31 466
31 444
31 236
31 480
31 1002
31 350
31 1181
31 882
31 719
31 1271
31 1158
31 321
31 186
31 1384
31 658
31 810
31 1320
31 1260
31 415
31 914
31 942
31 602
31 1314
31 1
31 476
31 722
31 899
31 284
31 673
31 1100
31 565
31 209
31 1281
31 1057
31 111
31 1164
31 165
31 792
31 773
31 187
31 281
31 1338
31 820
31 1063
31 904
31 903
31 129
31 681
31 1222
31 33
31 940
31 102
31 1166
31 552
31 172
31 417
31 367
31 1376
31 834
31 640
31 252
31 615
31 879
31 1092
31 388
31 486
31 143
31 869
31 862
31 1332
31 124
31 574
31 746
31 233
31 873
31 1032
31 621
31 616
31 594
31 1358
31 918
31 1385
31 667
31 285
31 1196
31 865
31 275
31 1203
31 524
31 781
31 1229
31 536
31 141
31 1144
31 1167
31 302
31 1075
31 1380
31 316
31 581
31 499
31 695
31 630
31 1184
31 530
31 108
31 1061
31 639
31 1242
31 706
31 401
31 1103
31 162
31 396
31 24
31 1289
31 753
31 11
31 437
31 416
31 78
31 253
31 455
31 625
31 689
31 691
31 1245
31 557
31 374
31 238
31 579
31 503
31 573
31 872
31 708
31 1113
31 622
31 330
31 110
31 436
31 580
31 244
31 1280
31 371
31 237
31 1298
31 1344
31 502
31 1388
31 554
31 532
31 705
31 878
31 12
31 1150
31 613
31 645
31 684
31 950
31 806
31 448
31 619
31 320
31 794
31 14
31 538
31 220
31 1394
31 811
31 701
31 453
31 933
31 496
31 677
31 113
31 403
31 745
31 1137
31 359
31 344
31 137
31 724
31 906
31 265
31 756
31 28
31 313
31 1052
31 1169
31 1152
31 1240
31 958
31 1168
31 805
31 1102
31 118
31 1295
31 1087
31 59
31 278
31 921
31 1180
31 1334
31 132
31 738
31 1088
31 1170
31 1199
31 1279
31 825
31 614
31 1379
31 875
31 1316
31 130
31 682
31 1290
31 1160
31 1296
31 541
31 968
31 832
31 620
31 185
31 20
31 429
31 892
31 99
31 488
31 202
31 46
31 259
31 804
31 317
31 1097
31 649
31 1096
31 262
31 1194
31 489
31 1174
31 83
31 405
31 718
