32 752
32 513
32 512
32 936
32 1340
32 1201
32 736
32 1060
32 853
32 250
32 761
32 928
32 1355
32 1210
32 1363
32 1067
32 826
32 1062
32 999
32 1042
32 1044
32 671
32 381
32 1021
32 1115
32 289
32 523
32 454
32 545
32 885
32 192
32 712
32 648
32 923
32 229
32 766
32 1046
32 256
32 58
32 749
32 929
32 829
32 763
32 1120
32 1031
32 443
32 1074
32 857
32 261
32 544
32 194
32 354
32 1050
32 1399
32 631
32 528
32 780
32 919
32 301
32 1135
32 226
32 600
32 1353
32 739
32 1069
32 597
32 224
32 225
32 1039
32 647
32 561
32 1218
32 133
32 709
32 76
32 652
32 1225
32 593
32 688
32 567
32 601
32 72
32 713
32 326
32 638
32 632
32 1278
32 922
32 189
32 1119
32 1171
32 822
32 1188
32 1076
32 400
32 686
32 547
32 492
32 1048
32 279
32 938
32 247
32 744
32 70
32 432
32 690
32 1359
32 442
32 196
32 1034
32 1234
32 937
32 1311
32 1022
32 1397
32 1259
32 27
32 803
32 1360
32 307
32 468
32 1398
32 844
32 1107
32 1014
32 769
32 1393
32 1373
32 796
32 1118
32 898
32 816
32 1197
32 122
32 786
32 947
32 494
32 840
32 683
32 750
32 508
32 246
32 1337
32 1392
32 1400
32 854
32 4
32 465
32 248
32 346
32 759
32 147
32 1214
32 362
32 954
32 1276
32 846
32 599
32 808
32 714
32 973
32 990
32 1239
32 605
32 199
32 119
32 74
32 5
32 1190
32 931
32 819
32 1343
32 1043
32 1035
32 204
32 1020
32 380
32 144
32 823
32 901
32 801
32 239
32 23
32 514
32 831
32 956
32 920
32 672
32 895
32 331
32 273
32 232
32 877
32 470
32 332
32 431
32 1124
32 287
32 896
32 1038
32 733
32 848
32 21
32 516
32 800
32 842
32 1033
32 841
32 140
32 393
32 863
32 812
32 852
32 546
32 1261
32 1023
32 1179
32 1172
32 845
32 171
32 612
32 1333
32 1186
32 676
32 700
32 1381
32 338
32 1015
32 737
32 520
32 411
32 1387
32 551
32 89
32 179
32 887
32 951
32 1117
32 1024
32 369
32 802
32 1300
32 1231
32 234
32 392
32 1071
32 1070
32 1182
32 160
32 556
32 391
32 347
32 1310
32 925
32 1125
32 531
32 680
32 191
32 71
32 461
32 424
32 874
32 793
32 663
32 930
32 1127
32 626
32 586
32 69
32 207
32 629
32 1266
32 421
32 1068
32 728
32 146
32 420
32 926
32 828
32 178
32 127
32 112
32 19
32 230
32 1012
32 935
32 821
32 222
32 366
32 308
32 1126
32 525
32 1303
32 1130
32 1106
32 953
32 311
32 482
32 1247
32 965
32 678
32 679
32 657
32 577
32 889
32 890
32 1091
32 606
32 412
32 963
32 1249
32 386
32 913
32 582
32 1016
32 641
32 357
32 1321
32 1378
32 910
32 569
32 1322
32 56
32 710
32 1213
32 1356
32 1301
32 664
32 1251
32 180
32 1053
32 1155
32 438
32 120
32 1104
32 1362
32 1037
32 847
32 1049
32 858
32 948
32 1122
32 934
32 233
32 1285
32 1059
32 1075
32 1105
32 1306
32 1215
32 1154
32 205
32 370
32 203
32 384
32 291
32 675
32 1142
32 1133
32 952
32 830
32 568
32 634
32 891
32 227
32 145
32 687
32 972
32 1354
32 960
32 450
32 505
32 173
32 1175
32 91
32 522
32 464
32 45
32 788
32 109
32 195
32 1382
32 1302
32 1140
32 747
32 306
32 969
32 96
32 559
32 106
32 572
32 434
32 927
32 727
32 197
32 1262
32 177
32 1054
32 666
32 419
32 242
32 592
32 1307
32 527
32 1129
32 932
32 193
32 864
32 1357
32 650
32 783
32 533
32 10
32 702
32 398
32 644
32 521
32 912
32 571
32 1173
32 1114
32 25
32 1320
32 462
32 905
32 782
32 698
32 1001
32 1008
32 1339
32 611
32 39
32 48
32 1162
32 610
32 1383
32 809
32 1145
32 609
32 467
32 30
32 1248
32 838
32 977
32 206
32 6
32 791
32 1277
32 1223
32 861
32 798
32 924
32 917
32 198
32 732
32 63
32 324
32 460
32 1331
32 760
32 941
32 175
32 776
32 774
32 659
32 1396
32 558
32 29
32 996
32 264
32 1258
32 642
32 345
32 784
32 469
32 8
32 827
32 1336
32 341
32 980
32 235
32 534
32 1132
32 1377
32 297
32 435
32 212
32 998
32 1018
32 1272
32 939
32 333
32 955
32 1257
32 495
32 245
32 257
32 1153
32 105
32 765
32 729
32 383
32 526
32 855
32 1141
32 1026
32 66
32 818
32 1284
32 139
32 1305
32 183
32 447
32 1029
32 1025
32 1077
32 365
32 741
32 755
32 665
32 288
32 668
32 116
32 1323
32 797
32 241
32 550
32 463
32 293
32 43
32 95
32 485
32 1324
32 148
32 413
32 1246
32 785
32 1235
32 282
32 79
32 1327
32 654
32 1202
32 1027
32 37
32 959
32 458
32 570
32 1386
32 176
32 894
32 1368
32 1294
32 1177
32 1085
32 1136
32 3
32 41
32 1200
32 1055
32 254
32 751
32 1109
32 1341
32 618
32 363
32 1227
32 1192
32 748
32 696
32 62
32 93
32 1083
32 475
32 223
32 446
32 839
32 555
32 1384
32 608
32 1084
32 799
32 336
32 762
32 1007
32 946
32 915
32 886
32 104
32 775
32 1058
32 484
32 382
32 309
32 754
32 813
32 1064
32 674
32 685
32 1128
32 373
32 1370
32 916
32 170
32 86
32 295
32 583
32 758
32 188
32 404
32 900
32 1250
32 673
32 1367
32 735
32 1208
32 107
32 231
32 61
32 633
32 1178
32 617
32 836
32 433
32 699
32 55
32 794
32 352
32 992
32 904
32 423
32 1254
32 515
32 9
32 1176
32 883
32 497
32 335
32 251
32 795
32 779
32 50
32 358
32 1317
32 428
32 328
32 60
32 138
32 31
32 1269
32 125
32 1191
32 474
32 1282
32 319
32 1138
32 943
32 1232
32 397
32 53
32 655
32 1079
32 1216
32 142
32 772
32 911
32 988
32 361
32 268
32 154
32 490
32 757
32 498
32 1006
32 399
32 1229
32 1332
32 394
32 117
32 888
32 730
32 1019
32 348
32 243
32 1086
32 402
32 337
32 627
32 375
32 457
32 1270
32 1325
32 1299
32 305
32 75
32 115
32 734
32 978
32 272
32 1189
32 1121
32 1256
32 1028
32 843
32 985
32 707
32 266
32 962
32 408
32 292
32 598
32 155
32 327
32 1228
32 174
32 269
32 186
32 258
32 519
32 1010
32 284
32 850
32 73
32 52
32 80
32 260
32 1338
32 390
32 277
32 897
32 422
32 856
32 477
32 539
32 318
32 1149
32 1123
32 764
32 156
32 13
32 725
32 1308
32 859
32 1293
32 1391
32 134
32 315
32 334
32 976
32 964
32 1156
32 1372
32 768
32 584
32 1112
32 1198
32 126
32 371
32 1030
32 136
32 1110
32 1329
32 1265
32 1267
32 313
32 501
32 982
32 1230
32 473
32 1243
32 957
32 280
32 1206
32 322
32 314
32 1108
32 159
32 902
32 1005
32 807
32 643
32 217
32 1364
32 1131
32 1318
32 1314
32 441
32 312
32 537
32 425
32 300
32 456
32 740
32 989
32 1147
32 604
32 26
32 560
32 717
32 389
32 566
32 1361
32 15
32 303
32 945
32 161
32 884
32 128
32 983
32 114
32 1017
32 660
32 299
32 294
32 770
32 131
32 449
32 1348
32 1139
32 1065
32 596
32 879
32 994
32 343
32 459
32 1221
32 181
32 218
32 1163
32 704
32 1211
32 1292
32 372
32 653
32 211
32 1312
32 993
32 36
32 1161
32 406
32 1094
32 1233
32 1066
32 867
32 517
32 54
32 1151
32 771
32 286
32 1095
32 360
32 310
32 158
32 787
32 789
32 1045
32 1164
32 1236
32 1226
32 1187
32 1193
32 1253
32 1352
32 427
32 34
32 1275
32 98
32 542
32 1013
32 22
32 87
32 1281
32 340
32 697
32 255
32 1003
32 418
32 504
32 1
32 1080
32 656
32 543
32 971
32 866
32 356
32 201
32 661
32 669
32 271
32 851
32 970
32 377
32 950
32 18
32 1204
32 1146
32 1244
32 564
32 692
32 44
32 670
32 563
32 510
32 395
32 1369
32 1090
32 1051
32 575
32 452
32 540
32 907
32 1319
32 68
32 991
32 1349
32 124
32 637
32 1263
32 228
32 616
32 509
32 1274
32 921
32 1148
32 414
32 553
32 1078
32 182
32 1081
32 1313
32 986
32 88
32 1209
32 479
32 1116
32 1283
32 296
32 35
32 636
32 984
32 263
32 153
32 624
32 777
32 221
32 621
32 240
32 833
32 1287
32 1002
32 51
32 711
32 65
32 721
32 445
32 1004
32 530
32 47
32 535
32 316
32 987
32 532
32 209
32 1237
32 880
32 974
32 548
32 219
32 351
32 815
32 1309
32 267
32 742
32 903
32 487
32 92
32 694
32 349
32 32
32 1040
32 184
32 607
32 651
32 1093
32 940
32 339
32 121
32 97
32 364
32 298
32 493
32 444
32 781
32 1224
32 720
32 101
32 478
32 503
32 149
32 417
32 1165
32 703
32 723
32 1159
32 215
32 966
32 472
32 1183
32 1212
32 557
32 814
32 378
32 90
32 1238
32 817
32 1255
32 646
32 1264
32 40
32 123
32 825
32 944
32 150
32 57
32 500
32 868
32 283
32 1342
32 285
32 549
32 862
32 882
32 981
32 440
32 281
32 64
32 681
32 304
32 1111
32 165
32 49
32 169
32 439
32 1082
32 415
32 820
32 1334
32 628
32 1099
32 594
32 835
32 1073
32 658
32 1395
32 511
32 1185
32 1304
32 588
32 899
32 893
32 881
32 1371
32 496
32 1220
32 152
32 359
32 743
32 591
32 38
32 1009
32 325
32 1365
32 1098
32 252
32 578
32 1366
32 329
32 1089
32 778
32 1291
32 1351
32 767
32 274
32 792
32 662
32 323
32 385
32 1041
32 388
32 961
32 1347
32 94
32 157
32 82
32 1092
32 581
32 210
32 746
32 824
32 997
32 7
32 1260
32 187
32 975
32 587
32 1158
32 17
32 451
32 875
32 502
32 715
32 630
32 379
32 1389
32 562
32 81
32 407
32 731
32 200
32 871
32 1289
32 249
32 1358
32 491
32 368
32 20
32 615
32 1385
32 355
32 483
32 722
32 623
32 622
32 1157
32 167
32 162
32 949
32 67
32 635
32 164
32 166
32 967
32 1167
32 872
32 276
32 726
32 811
32 837
32 756
32 135
32 1196
32 1057
32 1286
32 1103
32 849
32 1184
32 342
32 979
32 860
32 42
32 1297
32 1036
32 168
32 1380
32 870
32 693
32 481
32 536
32 1181
32 137
32 1032
32 1063
32 876
32 1101
32 387
32 1056
32 132
32 143
32 790
32 426
32 1000
32 476
32 102
32 1011
32 290
32 163
32 1207
32 667
32 208
32 238
32 708
32 1252
32 1330
32 1195
32 918
32 320
32 933
32 613
32 213
32 706
32 1241
32 14
32 214
32 1150
32 1375
32 1376
32 619
32 1134
32 524
32 409
32 141
32 1271
32 1328
32 1217
32 448
32 603
32 410
32 602
32 1203
32 77
32 579
32 1315
32 33
32 376
32 321
32 2
32 151
32 1100
32 834
32 716
32 595
32 190
32 677
32 640
32 1390
32 253
32 810
32 552
32 590
32 1346
32 1268
32 367
32 486
32 350
32 565
32 909
32 12
32 430
32 1242
32 1052
32 869
32 455
32 914
32 805
32 753
32 506
32 1350
32 865
32 85
32 1335
32 16
32 236
32 244
32 507
32 330
32 129
32 1144
32 466
32 719
32 625
32 1047
32 878
32 103
32 1205
32 1072
32 1168
32 541
32 78
32 275
32 701
32 108
32 480
32 908
32 1160
32 110
32 585
32 573
32 1290
32 773
32 453
32 1280
32 645
32 1245
32 1166
32 1219
32 499
32 111
32 906
32 689
32 580
32 100
32 806
32 11
32 554
32 396
32 1169
32 1273
32 24
32 265
32 705
32 518
32 28
32 1088
32 270
32 1394
32 220
32 1374
32 353
32 639
32 1288
32 172
32 1143
32 684
32 574
32 1379
32 873
32 416
32 1102
32 237
32 401
32 1137
32 892
32 403
32 529
32 614
32 302
32 429
32 437
32 1345
32 1295
32 216
32 1061
32 1222
32 84
32 1087
32 118
32 695
32 1152
32 344
32 576
32 620
32 374
32 538
32 724
32 1388
32 436
32 130
32 202
32 1298
32 738
32 1344
32 46
32 682
32 1326
32 1316
32 832
32 1170
32 1199
32 589
32 691
32 745
32 1113
32 99
32 278
32 489
32 958
32 942
32 1240
32 113
32 1174
32 185
32 1296
32 1097
32 1279
32 1096
32 259
32 488
32 649
32 59
32 1194
32 968
32 1180
32 804
32 317
32 262
32 83
32 718
32 405
