35 1276
35 1286
35 319
35 169
35 1244
35 1318
35 1327
35 1314
35 263
35 330
35 1269
35 178
35 131
35 517
35 1160
35 402
35 183
35 176
35 575
35 1367
35 656
35 207
35 1227
35 1315
35 242
35 1156
35 960
35 167
35 137
35 398
35 119
35 103
35 335
35 798
35 65
35 161
35 1317
35 296
35 308
35 427
35 151
35 1374
35 170
35 219
35 1216
35 527
35 908
35 132
35 1142
35 243
35 655
35 215
35 1372
35 1077
35 1021
35 154
35 549
35 41
35 608
35 981
35 665
35 407
35 340
35 1208
35 583
35 50
35 1151
35 338
35 980
35 944
35 1335
35 1364
35 595
35 480
35 635
35 168
35 974
35 190
35 1099
35 85
35 1265
35 1093
35 550
35 265
35 21
35 166
35 358
35 71
35 68
35 1255
35 823
35 269
35 1288
35 345
35 472
35 291
35 809
35 109
35 126
35 728
35 26
35 979
35 509
35 125
35 927
35 175
35 612
35 900
35 1161
35 1155
35 913
35 955
35 518
35 582
35 38
35 1139
35 240
35 171
35 22
35 1074
35 256
35 568
35 552
35 293
35 1312
35 305
35 586
35 1278
35 925
35 1253
35 337
35 1230
35 339
35 6
35 536
35 1243
35 114
35 628
35 87
35 584
35 490
35 569
35 333
35 1319
35 303
35 623
35 1274
35 348
35 145
35 1393
35 1254
35 1267
35 953
35 90
35 1303
35 450
35 343
35 438
35 332
35 1260
35 295
35 1084
35 722
35 177
35 437
35 1072
35 386
35 570
35 1298
35 1190
35 1159
35 267
35 495
35 1249
35 764
35 410
35 270
35 1237
35 72
35 553
35 1158
35 846
35 1313
35 258
35 963
35 384
35 594
35 514
35 297
35 355
35 268
35 988
35 5
35 29
35 506
35 39
35 280
35 1225
35 493
35 1153
35 97
35 62
35 1026
35 283
35 998
35 13
35 1083
35 1185
35 1391
35 142
35 409
35 10
35 1200
35 721
35 431
35 723
35 411
35 525
35 331
35 482
35 911
35 37
35 771
35 40
35 76
35 32
35 462
35 1268
35 807
35 262
35 491
35 383
35 610
35 447
35 27
35 91
35 264
35 848
35 60
35 714
35 1295
35 95
35 226
35 983
35 607
35 1004
35 1105
35 112
35 707
35 36
35 217
35 299
35 1226
35 1108
35 276
35 1011
35 208
35 138
35 378
35 158
35 334
35 871
35 260
35 418
35 744
35 1062
35 602
35 11
35 1107
35 182
35 720
35 664
35 535
35 1228
35 61
35 909
35 342
35 285
35 1027
35 946
35 727
35 1187
35 421
35 774
35 952
35 1264
35 833
35 19
35 671
35 609
35 1311
35 45
35 687
35 425
35 1215
35 1111
35 300
35 1369
35 148
35 64
35 234
35 810
35 1037
35 298
35 408
35 578
35 441
35 1157
35 393
35 726
35 31
35 751
35 156
35 817
35 463
35 160
35 813
35 618
35 1203
35 668
35 1321
35 904
35 828
35 1023
35 1282
35 241
35 1259
35 969
35 1220
35 971
35 849
35 494
35 1141
35 808
35 654
35 1006
35 903
35 129
35 1389
35 1336
35 1177
35 1238
35 978
35 350
35 896
35 1007
35 1211
35 1080
35 697
35 179
35 516
35 982
35 1030
35 1025
35 534
35 1234
35 1042
35 1124
35 1302
35 646
35 592
35 1356
35 328
35 868
35 497
35 273
35 532
35 248
35 224
35 364
35 861
35 954
35 498
35 841
35 555
35 972
35 69
35 123
35 559
35 650
35 481
35 395
35 507
35 372
35 80
35 556
35 1252
35 994
35 1114
35 1129
35 1299
35 511
35 997
35 1386
35 140
35 346
35 209
35 670
35 821
35 826
35 1181
35 25
35 141
35 666
35 597
35 799
35 526
35 306
35 352
35 468
35 203
35 606
35 524
35 512
35 803
35 1210
35 213
35 181
35 1378
35 661
35 1362
35 120
35 598
35 865
35 435
35 1086
35 795
35 370
35 1251
35 1009
35 1031
35 546
35 1103
35 1061
35 916
35 1154
35 289
35 483
35 1146
35 827
35 1008
35 520
35 770
35 660
35 415
35 860
35 1049
35 1223
35 521
35 1063
35 758
35 591
35 301
35 554
35 1355
35 135
35 1239
35 223
35 391
35 286
35 1263
35 336
35 836
35 1109
35 724
35 188
35 1331
35 281
35 967
35 1322
35 557
35 700
35 245
35 1201
35 23
35 800
35 531
35 311
35 413
35 197
35 310
35 51
35 901
35 854
35 831
35 1076
35 1272
35 74
35 1258
35 920
35 1078
35 1196
35 572
35 304
35 457
35 271
35 1010
35 571
35 1329
35 627
35 866
35 107
35 1029
35 261
35 669
35 1179
35 672
35 34
35 741
35 519
35 739
35 1192
35 763
35 354
35 347
35 719
35 1348
35 1284
35 1241
35 1143
35 789
35 101
35 385
35 898
35 1337
35 399
35 43
35 1207
35 401
35 844
35 736
35 1065
35 1399
35 394
35 222
35 216
35 931
35 695
35 1140
35 366
35 1039
35 1125
35 663
35 631
35 847
35 1115
35 790
35 505
35 715
35 33
35 515
35 544
35 357
35 784
35 588
35 589
35 593
35 996
35 368
35 895
35 1397
35 461
35 353
35 926
35 1028
35 1368
35 951
35 252
35 488
35 717
35 762
35 729
35 1339
35 377
35 999
35 436
35 1236
35 772
35 93
35 244
35 98
35 1279
35 375
35 1266
35 528
35 870
35 560
35 1285
35 647
35 314
35 533
35 251
35 1195
35 805
35 619
35 1046
35 884
35 88
35 75
35 362
35 500
35 121
35 1015
35 288
35 522
35 390
35 658
35 442
35 1247
35 1150
35 1069
35 397
35 1382
35 1183
35 487
35 1214
35 1071
35 1073
35 485
35 1383
35 899
35 1182
35 30
35 876
35 510
35 102
35 1297
35 159
35 1370
35 1257
35 164
35 834
35 874
35 1287
35 1248
35 106
35 82
35 254
35 819
35 73
35 850
35 657
35 134
35 12
35 1189
35 313
35 193
35 403
35 863
35 3
35 414
35 882
35 590
35 851
35 214
35 446
35 1133
35 1090
35 775
35 906
35 1340
35 266
35 210
35 796
35 651
35 1277
35 1392
35 235
35 626
35 761
35 1149
35 1270
35 1068
35 206
35 449
35 1283
35 1218
35 508
35 1349
35 746
35 55
35 465
35 681
35 1019
35 439
35 1014
35 1353
35 1292
35 194
35 910
35 702
35 236
35 652
35 1043
35 220
35 962
35 232
35 604
35 191
35 1106
35 1052
35 1058
35 108
35 840
35 503
35 474
35 587
35 880
35 1221
35 752
35 451
35 253
35 1350
35 599
35 932
35 633
35 1359
35 327
35 360
35 212
35 605
35 1098
35 818
35 754
35 992
35 231
35 444
35 294
35 365
35 601
35 566
35 48
35 9
35 192
35 28
35 1306
35 1060
35 977
35 501
35 309
35 460
35 639
35 17
35 551
35 344
35 1003
35 694
35 632
35 316
35 1138
35 324
35 274
35 96
35 747
35 1384
35 1305
35 917
35 388
35 1310
35 935
35 1219
35 965
35 845
35 958
35 1377
35 781
35 748
35 228
35 698
35 326
35 1012
35 1256
35 838
35 824
35 814
35 8
35 733
35 1363
35 636
35 83
35 122
35 862
35 79
35 504
35 1205
35 424
35 1013
35 77
35 678
35 1261
35 877
35 1066
35 939
35 523
35 934
35 1273
35 322
35 640
35 412
35 315
35 475
35 629
35 950
35 537
35 885
35 539
35 117
35 104
35 406
35 624
35 585
35 1085
35 369
35 1079
35 1294
35 467
35 945
35 542
35 576
35 878
35 1275
35 1333
35 24
35 1135
35 959
35 1017
35 1301
35 710
35 1002
35 250
35 975
35 466
35 989
35 875
35 149
35 806
35 919
35 829
35 1005
35 1361
35 530
35 361
35 416
35 1081
35 1326
35 1352
35 4
35 1323
35 625
35 89
35 973
35 580
35 1171
35 1233
35 56
35 943
35 961
35 492
35 990
35 185
35 196
35 905
35 445
35 1147
35 469
35 1242
35 603
35 1379
35 902
35 318
35 1045
35 564
35 642
35 1123
35 725
35 18
35 456
35 637
35 376
35 793
35 993
35 230
35 153
35 1209
35 221
35 835
35 1050
35 1101
35 930
35 1204
35 1048
35 1199
35 581
35 887
35 1347
35 257
35 1176
35 113
35 1136
35 1186
35 675
35 1054
35 558
35 195
35 889
35 816
35 1330
35 199
35 855
35 1381
35 458
35 768
35 389
35 942
35 180
35 139
35 563
35 940
35 100
35 621
35 892
35 706
35 755
35 842
35 277
35 373
35 133
35 716
35 680
35 735
35 387
35 786
35 691
35 1250
35 543
35 380
35 802
35 420
35 1175
35 479
35 1191
35 396
35 70
35 477
35 745
35 881
35 615
35 561
35 704
35 400
35 227
35 653
35 143
35 765
35 1231
35 1121
35 459
35 484
35 1180
35 130
35 562
35 804
35 1262
35 46
35 1110
35 1360
35 440
35 239
35 976
35 970
35 1102
35 1308
35 1126
35 947
35 1075
35 1371
35 641
35 173
35 502
35 1118
35 692
35 1057
35 966
35 1300
35 879
35 883
35 302
35 1020
35 1198
35 1119
35 756
35 567
35 785
35 272
35 1178
35 779
35 152
35 105
35 349
35 1346
35 434
35 1
35 873
35 890
35 923
35 422
35 891
35 547
35 292
35 1148
35 35
35 470
35 426
35 367
35 363
35 1130
35 200
35 1354
35 478
35 648
35 893
35 392
35 115
35 907
35 749
35 1398
35 1001
35 948
35 949
35 968
35 1162
35 730
35 127
35 1122
35 676
35 1245
35 540
35 696
35 381
35 1033
35 1328
35 611
35 473
35 496
35 404
35 673
35 136
35 323
35 63
35 1291
35 111
35 922
35 53
35 321
35 1100
35 464
35 162
35 454
35 432
35 49
35 622
35 1351
35 174
35 86
35 864
35 1070
35 620
35 630
35 574
35 57
35 1018
35 545
35 811
35 144
35 1024
35 1385
35 44
35 766
35 1343
35 128
35 1246
35 1197
35 356
35 1304
35 1144
35 791
35 58
35 1380
35 255
35 1396
35 856
35 379
35 1104
35 1032
35 329
35 938
35 284
35 577
35 1067
35 659
35 777
35 233
35 1034
35 246
35 643
35 47
35 1145
35 430
35 600
35 843
35 667
35 987
35 1132
35 279
35 1324
35 201
35 1395
35 186
35 941
35 778
35 1325
35 1376
35 1387
35 1390
35 737
35 957
35 617
35 638
35 184
35 1120
35 1375
35 7
35 872
35 1113
35 147
35 1232
35 743
35 693
35 839
35 1281
35 443
35 1094
35 1022
35 1152
35 1344
35 54
35 1222
35 351
35 1170
35 419
35 757
35 867
35 1059
35 929
35 538
35 760
35 1373
35 67
35 1293
35 853
35 237
35 1345
35 513
35 204
35 1188
35 1055
35 1041
35 579
35 290
35 750
35 1365
35 644
35 830
35 150
35 278
35 912
35 341
35 2
35 1040
35 116
35 52
35 187
35 690
35 776
35 894
35 1128
35 822
35 596
35 1206
35 1202
35 238
35 312
35 984
35 683
35 769
35 797
35 1127
35 433
35 792
35 914
35 124
35 732
35 1131
35 820
35 731
35 1193
35 1036
35 66
35 1229
35 455
35 325
35 788
35 1212
35 453
35 837
35 956
35 679
35 287
35 1165
35 1342
35 448
35 16
35 734
35 712
35 1016
35 1044
35 1064
35 275
35 703
35 157
35 499
35 780
35 1296
35 645
35 172
35 924
35 110
35 1089
35 99
35 857
35 282
35 225
35 787
35 753
35 541
35 1366
35 320
35 649
35 1307
35 1217
35 921
35 307
35 1000
35 429
35 15
35 991
35 928
35 1167
35 94
35 986
35 936
35 886
35 548
35 84
35 229
35 711
35 573
35 1320
35 888
35 1388
35 1213
35 1316
35 1341
35 1117
35 852
35 1053
35 662
35 78
35 1172
35 417
35 1166
35 1112
35 1400
35 685
35 688
35 1184
35 616
35 1289
35 915
35 1035
35 1173
35 92
35 14
35 452
35 812
35 686
35 773
35 918
35 81
35 832
35 405
35 759
35 801
35 211
35 163
35 1271
35 189
35 689
35 985
35 1134
35 249
35 937
35 709
35 428
35 634
35 371
35 1088
35 783
35 699
35 1095
35 486
35 964
35 1047
35 674
35 742
35 165
35 1168
35 1087
35 1056
35 782
35 1357
35 740
35 738
35 684
35 897
35 705
35 1394
35 858
35 1224
35 1169
35 613
35 1038
35 155
35 359
35 1163
35 767
35 708
35 259
35 825
35 1309
35 218
35 489
35 1164
35 317
35 529
35 42
35 1092
35 205
35 1082
35 146
35 713
35 476
35 198
35 1338
35 701
35 1116
35 20
35 815
35 677
35 247
35 1091
35 382
35 1097
35 374
35 1235
35 1051
35 1096
35 614
35 565
35 859
35 1332
35 869
35 202
35 423
35 1280
35 718
35 118
35 933
35 1334
35 1240
35 794
35 1174
35 1290
35 1137
35 682
35 1358
35 59
35 1194
