39 80
39 346
39 1220
39 45
39 1278
39 72
39 383
39 655
39 145
39 397
39 37
39 504
39 335
39 9
39 1382
39 364
39 798
39 1154
39 291
39 365
39 192
39 334
39 547
39 413
39 53
39 1302
39 1254
39 570
39 563
39 271
39 1263
39 135
39 170
39 306
39 1386
39 1185
39 406
39 1364
39 668
39 569
39 377
39 62
39 256
39 1225
39 1182
39 50
39 1192
39 366
39 572
39 1301
39 978
39 272
39 484
39 531
39 333
39 326
39 1237
39 297
39 584
39 296
39 550
39 1261
39 610
39 629
39 1311
39 1039
39 5
39 207
39 169
39 1391
39 487
39 347
39 358
39 460
39 345
39 355
39 457
39 71
39 959
39 1355
39 527
39 618
39 91
39 322
39 133
39 1281
39 339
39 16
39 180
39 55
39 1189
39 418
39 1142
39 954
39 653
39 89
39 657
39 39
39 267
39 1043
39 300
39 305
39 1109
39 1200
39 1241
39 1395
39 7
39 126
39 664
39 338
39 955
39 90
39 660
39 1322
39 1076
39 1372
39 337
39 1204
39 348
39 846
39 327
39 1267
39 447
39 3
39 526
39 458
39 336
39 24
39 21
39 241
39 525
39 854
39 1321
39 459
39 255
39 1205
39 1203
39 329
39 1253
39 375
39 840
39 710
39 273
39 667
39 558
39 1244
39 661
39 1155
39 393
39 47
39 646
39 927
39 1250
39 996
39 17
39 369
39 943
39 319
39 54
39 6
39 1383
39 343
39 835
39 22
39 298
39 242
39 671
39 1287
39 1228
39 1260
39 357
39 1183
39 23
39 85
39 761
39 1299
39 502
39 1366
39 261
39 314
39 766
39 913
39 189
39 177
39 965
39 4
39 540
39 449
39 1363
39 568
39 74
39 744
39 104
39 105
39 564
39 461
39 944
39 903
39 1297
39 324
39 845
39 293
39 1215
39 376
39 65
39 331
39 1249
39 1367
39 900
39 191
39 977
39 1282
39 407
39 112
39 651
39 930
39 1198
39 826
39 1106
39 623
39 328
39 381
39 562
39 559
39 1251
39 1257
39 1236
39 535
39 408
39 151
39 899
39 1202
39 304
39 1361
39 517
39 187
39 827
39 1190
39 764
39 866
39 439
39 96
39 254
39 394
39 1255
39 352
39 30
39 1181
39 31
39 446
39 1283
39 1381
39 1149
39 1269
39 663
39 119
39 1268
39 551
39 101
39 1230
39 148
39 43
39 1223
39 29
39 40
39 155
39 269
39 134
39 76
39 1151
39 60
39 1384
39 342
39 107
39 125
39 553
39 1058
39 171
39 1309
39 402
39 1238
39 1365
39 666
39 1099
39 1071
39 1368
39 575
39 432
39 79
39 1327
39 97
39 1226
39 475
39 654
39 142
39 154
39 1300
39 1059
39 528
39 485
39 739
39 391
39 240
39 952
39 844
39 720
39 479
39 582
39 378
39 1080
39 606
39 61
39 140
39 462
39 109
39 111
39 477
39 1028
39 84
39 64
39 1031
39 196
39 630
39 1264
39 166
39 257
39 316
39 925
39 490
39 1206
39 67
39 167
39 980
39 311
39 1119
39 308
39 833
39 574
39 922
39 1210
39 1353
39 1027
39 672
39 268
39 26
39 123
39 1370
39 1060
39 13
39 340
39 863
39 303
39 929
39 1158
39 1209
39 1272
39 1252
39 873
39 1029
39 150
39 106
39 315
39 299
39 960
39 120
39 396
39 51
39 395
39 294
39 979
39 571
39 865
39 1394
39 847
39 516
39 537
39 737
39 1208
39 813
39 707
39 260
39 425
39 885
39 665
39 1273
39 961
39 926
39 587
39 34
39 310
39 951
39 1103
39 463
39 95
39 948
39 404
39 799
39 1227
39 437
39 552
39 966
39 774
39 762
39 321
39 243
39 199
39 208
39 81
39 87
39 1216
39 641
39 583
39 1139
39 389
39 1201
39 1072
39 723
39 399
39 386
39 784
39 953
39 401
39 159
39 332
39 1107
39 1284
39 1042
39 222
39 1298
39 733
39 1141
39 716
39 48
39 1259
39 318
39 450
39 962
39 505
39 217
39 546
39 625
39 828
39 442
39 754
39 1313
39 1135
39 1243
39 870
39 599
39 656
39 1083
39 455
39 1100
39 1362
39 680
39 330
39 963
39 362
39 1295
39 1245
39 514
39 775
39 1114
39 1324
39 1339
39 910
39 86
39 800
39 976
39 675
39 729
39 1131
39 605
39 732
39 49
39 536
39 908
39 183
39 75
39 32
39 219
39 787
39 611
39 521
39 1008
39 2
39 309
39 1161
39 286
39 1235
39 727
39 957
39 19
39 769
39 971
39 380
39 872
39 435
39 497
39 1359
39 1312
39 1356
39 901
39 741
39 467
39 789
39 512
39 38
39 1110
39 301
39 931
39 917
39 887
39 387
39 1026
39 1129
39 195
39 500
39 1077
39 178
39 1146
39 265
39 586
39 803
39 1340
39 1333
39 730
39 1392
39 1118
39 822
39 509
39 877
39 1038
39 633
39 1153
39 234
39 628
39 235
39 760
39 573
39 555
39 890
39 1274
39 848
39 626
39 113
39 1214
39 1021
39 1317
39 731
39 1266
39 295
39 894
39 10
39 659
39 1197
39 224
39 1023
39 793
39 786
39 1275
39 1294
39 932
39 1048
39 851
39 607
39 227
39 98
39 698
39 681
39 522
39 82
39 344
39 209
39 440
39 1191
39 542
39 508
39 1121
39 131
39 1037
39 41
39 579
39 1105
39 410
39 27
39 940
39 1233
39 445
39 861
39 645
39 1318
39 382
39 862
39 11
39 472
39 849
39 1012
39 236
39 1034
39 88
39 175
39 1078
39 252
39 967
39 263
39 1041
39 69
39 819
39 722
39 136
39 867
39 702
39 938
39 763
39 474
39 1377
39 102
39 1390
39 108
39 1276
39 302
39 1068
39 114
39 585
39 560
39 1073
39 179
39 157
39 188
39 934
39 1156
39 57
39 1240
39 539
39 1248
39 1030
39 1286
39 144
39 201
39 916
39 1093
39 176
39 1246
39 1175
39 129
39 1221
39 919
39 1171
39 1193
39 627
39 518
39 8
39 498
39 617
39 821
39 349
39 750
39 116
39 621
39 1184
39 1319
39 341
39 373
39 414
39 1108
39 68
39 494
39 612
39 283
39 734
39 1277
39 73
39 898
39 814
39 149
39 554
39 728
39 398
39 1320
39 935
39 456
39 1157
39 593
39 168
39 1371
39 264
39 1069
39 1347
39 128
39 981
39 1133
39 1262
39 850
39 1132
39 1279
39 1054
39 1306
39 857
39 94
39 421
39 1070
39 818
39 284
39 15
39 669
39 538
39 248
39 121
39 270
39 438
39 1074
39 448
39 103
39 714
39 601
39 411
39 662
39 767
39 1217
39 468
39 1288
39 1399
39 492
39 608
39 1065
39 25
39 858
39 478
39 511
39 274
39 1285
39 194
39 160
39 307
39 1044
39 648
39 1232
39 1389
39 1081
39 580
39 1006
39 889
39 483
39 1019
39 770
39 232
39 35
39 1130
39 945
39 1348
39 1212
39 990
39 549
39 1005
39 1004
39 503
39 221
39 1291
39 1222
39 1061
39 983
39 400
39 743
39 841
39 1331
39 1007
39 577
39 1369
39 687
39 1195
39 1025
39 226
39 206
39 499
39 1050
39 1123
39 920
39 777
39 1033
39 823
39 58
39 736
39 969
39 466
39 642
39 1001
39 781
39 417
39 70
39 690
39 697
39 523
39 384
39 533
39 1086
39 1177
39 1115
39 441
39 1014
39 493
39 288
39 647
39 771
39 1079
39 1396
39 1186
39 652
39 829
39 1138
39 704
39 276
39 726
39 1196
39 1045
39 403
39 1211
39 974
39 1258
39 419
39 956
39 975
39 912
39 520
39 1009
39 325
39 816
39 719
39 1128
39 749
39 392
39 997
39 356
39 941
39 287
39 117
39 947
39 360
39 604
39 545
39 703
39 1187
39 424
39 534
39 1239
39 842
39 412
39 884
39 36
39 824
39 495
39 1126
39 515
39 590
39 973
39 1397
39 469
39 431
39 513
39 353
39 1000
39 1179
39 837
39 637
39 1017
39 588
39 895
39 785
39 982
39 93
39 902
39 289
39 153
39 212
39 379
39 939
39 428
39 464
39 1323
39 246
39 1373
39 1010
39 790
39 810
39 896
39 323
39 831
39 561
39 658
39 670
39 1101
39 615
39 193
39 1265
39 115
39 451
39 752
39 639
39 911
39 1231
39 988
39 758
39 876
39 992
39 1159
39 33
39 1020
39 251
39 482
39 1213
39 989
39 1127
39 802
39 1160
39 258
39 190
39 127
39 280
39 1376
39 1375
39 1162
39 420
39 1357
39 1049
39 1173
39 1172
39 385
39 1354
39 883
39 1053
39 715
39 765
39 753
39 565
39 874
39 465
39 712
39 1346
39 444
39 871
39 1337
39 1062
39 1032
39 1067
39 454
39 1296
39 181
39 950
39 1398
39 772
39 230
39 905
39 63
39 162
39 598
39 203
39 351
39 1374
39 434
39 481
39 1125
39 1247
39 788
39 949
39 591
39 1013
39 556
39 1085
39 368
39 390
39 1400
39 864
39 1349
39 66
39 592
39 228
39 433
39 427
39 452
39 782
39 1120
39 881
39 530
39 110
39 1
39 1003
39 1024
39 161
39 152
39 292
39 566
39 882
39 1218
39 650
39 855
39 409
39 1242
39 999
39 594
39 231
39 700
39 984
39 1393
39 796
39 501
39 619
39 1148
39 852
39 830
39 853
39 600
39 122
39 578
39 543
39 597
39 1145
39 213
39 893
39 156
39 923
39 843
39 706
39 1011
39 589
39 915
39 972
39 748
39 836
39 350
39 266
39 780
39 1256
39 1147
39 1124
39 56
39 141
39 443
39 205
39 1304
39 1122
39 820
39 998
39 216
39 891
39 679
39 214
39 1330
39 506
39 868
39 1315
39 173
39 197
39 1343
39 1036
39 1224
39 28
39 544
39 1178
39 130
39 491
39 869
39 473
39 174
39 1234
39 888
39 856
39 1084
39 721
39 638
39 631
39 290
39 735
39 1335
39 1303
39 914
39 486
39 139
39 1351
39 1360
39 987
39 717
39 757
39 233
39 644
39 609
39 937
39 204
39 678
39 215
39 595
39 12
39 928
39 354
39 1385
39 275
39 422
39 184
39 933
39 548
39 897
39 683
39 886
39 909
39 229
39 225
39 164
39 1308
39 1271
39 281
39 809
39 186
39 817
39 1136
39 1336
39 918
39 576
39 620
39 370
39 581
39 602
39 519
39 1270
39 259
39 705
39 985
39 496
39 808
39 713
39 596
39 936
39 1117
39 759
39 676
39 636
39 838
39 388
39 1314
39 860
39 1046
39 218
39 832
39 200
39 510
39 245
39 220
39 756
39 993
39 1018
39 1316
39 367
39 635
39 801
39 1378
39 372
39 249
39 239
39 436
39 839
39 279
39 1113
39 277
39 1387
39 1015
39 1329
39 1066
39 210
39 18
39 1051
39 1219
39 613
39 1056
39 1090
39 632
39 138
39 1112
39 371
39 415
39 1292
39 751
39 1328
39 1305
39 1180
39 779
39 44
39 1064
39 699
39 994
39 1342
39 1176
39 1035
39 476
39 100
39 1144
39 1341
39 1344
39 1063
39 143
39 783
39 614
39 426
39 1016
39 924
39 223
39 1055
39 1088
39 742
39 158
39 1002
39 1207
39 1087
39 747
39 285
39 1310
39 622
39 541
39 313
39 165
39 480
39 1293
39 795
39 132
39 778
39 211
39 1352
39 1165
39 146
39 182
39 791
39 363
39 694
39 746
39 691
39 507
39 755
39 689
39 964
39 317
39 557
39 567
39 1140
39 524
39 643
39 312
39 1098
39 1022
39 1047
39 137
39 14
39 812
39 1075
39 250
39 692
39 320
39 673
39 470
39 773
39 1111
39 92
39 1188
39 244
39 1280
39 904
39 1150
39 1163
39 282
39 59
39 695
39 1040
39 83
39 147
39 709
39 740
39 1052
39 693
39 374
39 1116
39 278
39 677
39 768
39 685
39 1094
39 1326
39 807
39 359
39 77
39 875
39 711
39 745
39 1388
39 124
39 634
39 738
39 907
39 776
39 946
39 684
39 616
39 797
39 185
39 1307
39 701
39 78
39 1350
39 1137
39 880
39 1089
39 1104
39 970
39 805
39 640
39 624
39 1332
39 688
39 825
39 1289
39 942
39 1345
39 1143
39 361
39 696
39 532
39 1199
39 416
39 792
39 529
39 725
39 52
39 172
39 237
39 1167
39 20
39 163
39 1229
39 892
39 1152
39 1358
39 603
39 453
39 1082
39 198
39 724
39 958
39 991
39 921
39 859
39 674
39 906
39 1169
39 247
39 986
39 1095
39 423
39 879
39 834
39 1325
39 99
39 686
39 794
39 1057
39 488
39 1166
39 968
39 708
39 238
39 878
39 1134
39 815
39 1170
39 1379
39 804
39 253
39 262
39 806
39 1092
39 42
39 1338
39 430
39 682
39 1091
39 1194
39 202
39 118
39 1380
39 46
39 1334
39 429
39 1164
39 1102
39 1097
39 1168
39 811
39 1290
39 489
39 1096
39 649
39 718
39 405
39 1174
