40 1391
40 656
40 535
40 1151
40 126
40 575
40 401
40 330
40 296
40 97
40 169
40 903
40 85
40 655
40 40
40 1272
40 813
40 1274
40 1196
40 38
40 1158
40 1243
40 32
40 37
40 346
40 574
40 536
40 207
40 1319
40 1161
40 319
40 409
40 1269
40 1181
40 1157
40 719
40 1220
40 170
40 335
40 899
40 137
40 334
40 402
40 291
40 1141
40 252
40 64
40 554
40 360
40 997
40 265
40 1299
40 1253
40 716
40 876
40 154
40 810
40 177
40 418
40 293
40 625
40 1267
40 1080
40 1287
40 1367
40 667
40 187
40 27
40 1295
40 996
40 618
40 318
40 1260
40 1160
40 798
40 917
40 665
40 1170
40 373
40 979
40 403
40 504
40 441
40 283
40 65
40 28
40 860
40 297
40 1297
40 550
40 383
40 263
40 526
40 1331
40 80
40 1238
40 908
40 1093
40 955
40 1244
40 1169
40 1242
40 345
40 1252
40 1106
40 68
40 698
40 472
40 421
40 17
40 176
40 453
40 1263
40 1204
40 708
40 1264
40 209
40 572
40 1379
40 1230
40 1114
40 1153
40 243
40 342
40 440
40 494
40 1155
40 333
40 1286
40 516
40 484
40 431
40 805
40 1372
40 315
40 1154
40 658
40 1159
40 1245
40 556
40 67
40 1110
40 1327
40 219
40 552
40 1318
40 161
40 24
40 305
40 41
40 558
40 1284
40 1203
40 902
40 806
40 1259
40 166
40 1273
40 311
40 670
40 26
40 1277
40 242
40 517
40 511
40 1350
40 1002
40 290
40 1275
40 1278
40 35
40 1313
40 1144
40 1302
40 521
40 1317
40 568
40 25
40 124
40 814
40 19
40 1390
40 1208
40 681
40 36
40 316
40 288
40 329
40 569
40 103
40 1006
40 214
40 807
40 537
40 406
40 30
40 1356
40 660
40 267
40 175
40 323
40 123
40 657
40 790
40 1257
40 355
40 1395
40 465
40 337
40 781
40 944
40 803
40 308
40 332
40 1152
40 1211
40 294
40 232
40 336
40 131
40 151
40 975
40 286
40 639
40 295
40 60
40 1328
40 22
40 496
40 71
40 1279
40 1337
40 1215
40 50
40 1281
40 1333
40 563
40 347
40 827
40 39
40 1374
40 1394
40 145
40 216
40 487
40 262
40 715
40 1377
40 413
40 1197
40 339
40 992
40 882
40 927
40 444
40 410
40 1065
40 1227
40 1156
40 101
40 1265
40 178
40 595
40 278
40 195
40 1225
40 726
40 921
40 925
40 427
40 141
40 994
40 849
40 1200
40 12
40 1077
40 1218
40 553
40 1364
40 1305
40 562
40 1216
40 1219
40 72
40 1183
40 433
40 724
40 236
40 1389
40 357
40 527
40 525
40 167
40 753
40 275
40 1028
40 83
40 1285
40 623
40 100
40 746
40 14
40 1228
40 793
40 1255
40 11
40 1103
40 570
40 717
40 589
40 774
40 495
40 51
40 213
40 415
40 1165
40 1198
40 593
40 804
40 369
40 668
40 707
40 358
40 7
40 1336
40 1298
40 377
40 1072
40 1209
40 457
40 983
40 911
40 711
40 702
40 508
40 791
40 1335
40 43
40 960
40 1369
40 689
40 327
40 1012
40 700
40 1296
40 503
40 1191
40 16
40 909
40 456
40 114
40 1330
40 615
40 1276
40 764
40 384
40 368
40 662
40 720
40 1223
40 1000
40 314
40 378
40 192
40 757
40 871
40 449
40 235
40 1189
40 969
40 404
40 1237
40 77
40 497
40 200
40 1182
40 234
40 608
40 870
40 1066
40 1368
40 1310
40 747
40 86
40 722
40 190
40 300
40 597
40 1187
40 976
40 1288
40 57
40 833
40 134
40 981
40 739
40 584
40 866
40 549
40 303
40 1324
40 865
40 651
40 74
40 1348
40 270
40 78
40 256
40 802
40 193
40 87
40 1311
40 918
40 390
40 344
40 183
40 251
40 779
40 1112
40 953
40 182
40 920
40 1
40 284
40 1074
40 799
40 1205
40 215
40 304
40 598
40 873
40 469
40 56
40 1076
40 1162
40 201
40 530
40 499
40 162
40 1185
40 45
40 416
40 627
40 940
40 519
40 1339
40 34
40 809
40 380
40 397
40 233
40 950
40 924
40 520
40 340
40 1345
40 744
40 1353
40 95
40 771
40 606
40 230
40 671
40 544
40 372
40 439
40 501
40 482
40 896
40 505
40 599
40 1365
40 331
40 900
40 971
40 1222
40 1248
40 880
40 1349
40 52
40 1241
40 1314
40 1107
40 824
40 271
40 455
40 93
40 538
40 411
40 714
40 914
40 448
40 687
40 417
40 699
40 654
40 53
40 703
40 968
40 723
40 245
40 356
40 1179
40 1373
40 321
40 31
40 919
40 628
40 1061
40 564
40 268
40 483
40 879
40 1321
40 1001
40 835
40 159
40 1005
40 610
40 171
40 1258
40 792
40 980
40 588
40 227
40 637
40 1303
40 1347
40 338
40 196
40 801
40 396
40 1371
40 901
40 109
40 75
40 447
40 248
40 1233
40 188
40 436
40 775
40 343
40 1149
40 365
40 650
40 130
40 490
40 446
40 164
40 676
40 772
40 1268
40 1250
40 62
40 142
40 1186
40 916
40 663
40 1292
40 438
40 9
40 666
40 84
40 468
40 612
40 541
40 1309
40 210
40 273
40 1090
40 614
40 578
40 261
40 846
40 1341
40 61
40 1146
40 874
40 1163
40 391
40 872
40 222
40 108
40 1083
40 172
40 264
40 706
40 1124
40 1078
40 1247
40 69
40 197
40 121
40 76
40 629
40 1282
40 502
40 2
40 1362
40 1384
40 673
40 29
40 298
40 301
40 577
40 1270
40 1210
40 954
40 113
40 978
40 407
40 132
40 1040
40 1075
40 783
40 1108
40 437
40 255
40 547
40 1304
40 491
40 1081
40 1266
40 710
40 881
40 445
40 163
40 729
40 645
40 1058
40 913
40 96
40 894
40 160
40 604
40 150
40 324
40 1300
40 576
40 531
40 692
40 174
40 226
40 1115
40 6
40 811
40 408
40 1105
40 10
40 1147
40 467
40 107
40 510
40 540
40 590
40 701
40 587
40 269
40 1177
40 675
40 1109
40 770
40 156
40 152
40 20
40 1192
40 1089
40 1195
40 1312
40 643
40 1231
40 680
40 1023
40 186
40 241
40 583
40 143
40 630
40 374
40 13
40 292
40 44
40 613
40 1344
40 1254
40 1150
40 149
40 299
40 1380
40 693
40 125
40 371
40 326
40 395
40 1378
40 951
40 932
40 727
40 90
40 661
40 1291
40 224
40 621
40 253
40 991
40 1343
40 1352
40 1099
40 1064
40 208
40 548
40 1031
40 1249
40 1239
40 922
40 1131
40 646
40 1301
40 1212
40 434
40 672
40 1021
40 55
40 212
40 359
40 653
40 567
40 376
40 705
40 959
40 622
40 600
40 695
40 617
40 515
40 1025
40 168
40 370
40 815
40 260
40 1361
40 350
40 1009
40 1206
40 758
40 555
40 518
40 1139
40 140
40 800
40 844
40 459
40 559
40 285
40 231
40 79
40 816
40 1013
40 317
40 217
40 1142
40 366
40 943
40 1224
40 782
40 364
40 728
40 828
40 1294
40 523
40 63
40 633
40 1017
40 946
40 1381
40 915
40 112
40 602
40 1236
40 157
40 119
40 289
40 532
40 893
40 685
40 1214
40 272
40 1018
40 948
40 274
40 725
40 1039
40 594
40 1346
40 1201
40 221
40 609
40 580
40 601
40 823
40 669
40 1007
40 988
40 184
40 1383
40 1226
40 795
40 257
40 952
40 21
40 138
40 129
40 514
40 348
40 73
40 220
40 1011
40 98
40 1008
40 1102
40 33
40 1251
40 533
40 619
40 394
40 904
40 481
40 566
40 1320
40 276
40 1190
40 479
40 861
40 191
40 354
40 460
40 571
40 127
40 462
40 414
40 760
40 266
40 398
40 808
40 179
40 307
40 528
40 1315
40 522
40 258
40 1026
40 1355
40 704
40 926
40 1207
40 1101
40 1036
40 1111
40 500
40 322
40 1351
40 204
40 694
40 1386
40 1359
40 755
40 461
40 486
40 863
40 966
40 1382
40 1213
40 867
40 1322
40 189
40 884
40 425
40 826
40 1042
40 1062
40 375
40 310
40 1032
40 963
40 697
40 974
40 709
40 1068
40 203
40 148
40 362
40 586
40 977
40 967
40 840
40 70
40 117
40 1037
40 545
40 892
40 898
40 1045
40 877
40 582
40 506
40 1004
40 1306
40 947
40 89
40 442
40 998
40 287
40 1043
40 961
40 762
40 302
40 1030
40 819
40 153
40 1069
40 748
40 328
40 5
40 426
40 458
40 54
40 104
40 822
40 1375
40 225
40 620
40 712
40 780
40 1132
40 848
40 115
40 611
40 1261
40 741
40 862
40 1129
40 110
40 1193
40 820
40 635
40 498
40 120
40 1094
40 1217
40 106
40 999
40 435
40 821
40 678
40 847
40 854
40 933
40 229
40 239
40 626
40 280
40 763
40 972
40 240
40 1071
40 1283
40 845
40 466
40 306
40 1397
40 23
40 313
40 352
40 206
40 387
40 777
40 832
40 957
40 1059
40 47
40 349
40 759
40 1128
40 1370
40 939
40 1029
40 797
40 1184
40 664
40 122
40 713
40 754
40 49
40 58
40 895
40 958
40 512
40 363
40 464
40 116
40 1180
40 309
40 281
40 837
40 546
40 1063
40 1086
40 1393
40 1229
40 139
40 428
40 420
40 135
40 88
40 1143
40 592
40 1119
40 1020
40 573
40 492
40 386
40 721
40 1289
40 94
40 1232
40 838
40 851
40 1138
40 690
40 973
40 81
40 1041
40 557
40 451
40 493
40 147
40 1122
40 929
40 379
40 524
40 1363
40 539
40 965
40 993
40 841
40 158
40 749
40 767
40 102
40 1246
40 312
40 185
40 1323
40 1342
40 743
40 82
40 351
40 883
40 683
40 679
40 488
40 962
40 228
40 642
40 750
40 818
40 843
40 949
40 941
40 1019
40 1290
40 632
40 1188
40 605
40 1121
40 507
40 1003
40 136
40 640
40 1332
40 388
40 15
40 473
40 254
40 923
40 205
40 825
40 389
40 677
40 1329
40 105
40 638
40 1148
40 194
40 652
40 1280
40 1271
40 1326
40 367
40 485
40 907
40 452
40 1010
40 930
40 631
40 92
40 984
40 560
40 1095
40 1027
40 477
40 1130
40 1376
40 834
40 1123
40 480
40 579
40 856
40 443
40 585
40 1221
40 1098
40 180
40 1166
40 784
40 509
40 905
40 1014
40 561
40 761
40 887
40 836
40 596
40 864
40 181
40 48
40 1052
40 740
40 1256
40 931
40 475
40 607
40 173
40 534
40 756
40 1092
40 146
40 1164
40 1118
40 393
40 99
40 1140
40 1113
40 1385
40 1087
40 733
40 1070
40 4
40 542
40 868
40 885
40 987
40 890
40 211
40 696
40 1167
40 450
40 910
40 1366
40 796
40 412
40 934
40 202
40 91
40 732
40 829
40 246
40 889
40 839
40 878
40 1392
40 970
40 1308
40 223
40 634
40 718
40 906
40 591
40 1046
40 277
40 636
40 956
40 1354
40 1073
40 1033
40 551
40 581
40 688
40 785
40 945
40 325
40 928
40 353
40 463
40 1202
40 1084
40 476
40 470
40 279
40 8
40 1016
40 3
40 624
40 1054
40 850
40 1176
40 474
40 730
40 250
40 1055
40 674
40 1171
40 1338
40 1082
40 989
40 1060
40 990
40 737
40 1100
40 385
40 1234
40 886
40 787
40 1134
40 111
40 1199
40 155
40 942
40 1053
40 1085
40 812
40 165
40 734
40 199
40 1334
40 686
40 1126
40 1133
40 1088
40 830
40 543
40 1034
40 768
40 1056
40 1024
40 42
40 875
40 513
40 419
40 765
40 282
40 682
40 128
40 118
40 786
40 745
40 938
40 751
40 1194
40 659
40 1340
40 565
40 432
40 237
40 400
40 133
40 738
40 1175
40 817
40 1396
40 641
40 1051
40 381
40 1360
40 1168
40 1135
40 869
40 985
40 341
40 1293
40 361
40 1044
40 1048
40 1049
40 1136
40 986
40 66
40 1047
40 244
40 769
40 964
40 238
40 1388
40 831
40 424
40 429
40 742
40 752
40 454
40 259
40 789
40 616
40 1104
40 731
40 1178
40 982
40 478
40 935
40 320
40 249
40 788
40 1145
40 1050
40 1079
40 218
40 649
40 1262
40 891
40 1173
40 937
40 897
40 1399
40 489
40 423
40 766
40 392
40 1398
40 1307
40 430
40 736
40 18
40 1125
40 603
40 198
40 1240
40 1015
40 794
40 1172
40 1235
40 1120
40 399
40 691
40 144
40 852
40 1091
40 1127
40 855
40 46
40 936
40 1038
40 842
40 1357
40 1316
40 1116
40 778
40 857
40 422
40 1325
40 1067
40 247
40 776
40 647
40 773
40 888
40 1035
40 1057
40 1022
40 1117
40 1400
40 858
40 1137
40 1387
40 912
40 684
40 648
40 644
40 853
40 59
40 529
40 735
40 1097
40 859
40 382
40 1358
40 405
40 1174
40 1096
