43 404
43 775
43 1076
43 1141
43 468
43 1006
43 676
43 1197
43 4
43 206
43 941
43 324
43 242
43 535
43 39
43 326
43 652
43 920
43 559
43 1248
43 341
43 346
43 494
43 540
43 235
43 508
43 987
43 671
43 470
43 1373
43 301
43 537
43 1081
43 1275
43 188
43 409
43 1272
43 191
43 1182
43 990
43 1266
43 597
43 3
43 593
43 984
43 919
43 366
43 336
43 469
43 257
43 750
43 307
43 516
43 377
43 1311
43 461
43 180
43 189
43 1368
43 203
43 72
43 567
43 924
43 1366
43 1212
43 848
43 545
43 1301
43 331
43 23
43 127
43 74
43 179
43 965
43 264
43 323
43 539
43 333
43 440
43 52
43 901
43 261
43 1355
43 131
43 492
43 201
43 389
43 526
43 96
43 1154
43 748
43 1043
43 467
43 106
43 1259
43 335
43 362
43 224
43 687
43 241
43 413
43 1302
43 985
43 1213
43 1328
43 1233
43 194
43 940
43 97
43 783
43 637
43 475
43 460
43 226
43 963
43 1256
43 544
43 1179
43 525
43 1210
43 929
43 120
43 474
43 774
43 899
43 243
43 698
43 1339
43 248
43 611
43 680
43 801
43 443
43 1109
43 1333
43 1105
43 1375
43 70
43 2
43 1083
43 287
43 998
43 380
43 1044
43 19
43 254
43 1074
43 780
43 124
43 369
43 1386
43 1261
43 465
43 452
43 192
43 250
43 759
43 496
43 1200
43 310
43 1343
43 664
43 629
43 71
43 379
43 1329
43 1267
43 383
43 133
43 798
43 1353
43 831
43 435
43 312
43 232
43 391
43 814
43 1208
43 803
43 431
43 749
43 115
43 1071
43 710
43 527
43 477
43 397
43 60
43 1129
43 1249
43 332
43 530
43 376
43 943
43 1112
43 779
43 1278
43 375
43 1225
43 365
43 63
43 685
43 512
43 513
43 1331
43 1171
43 1000
43 1070
43 86
43 528
43 233
43 258
43 498
43 935
43 1188
43 445
43 978
43 484
43 1383
43 473
43 1149
43 17
43 1305
43 665
43 562
43 632
43 105
43 454
43 246
43 289
43 1198
43 854
43 80
43 1084
43 1201
43 1306
43 977
43 1115
43 291
43 358
43 702
43 221
43 663
43 1228
43 771
43 763
43 1224
43 1184
43 686
43 861
43 457
43 142
43 781
43 556
43 337
43 1192
43 65
43 37
43 193
43 298
43 791
43 672
43 411
43 322
43 236
43 433
43 1175
43 1080
43 1193
43 161
43 966
43 885
43 126
43 160
43 1310
43 1232
43 815
43 98
43 381
43 21
43 427
43 356
43 947
43 1223
43 515
43 853
43 240
43 229
43 327
43 1222
43 347
43 1186
43 1050
43 1265
43 1135
43 1320
43 973
43 1363
43 334
43 1254
43 923
43 631
43 1153
43 1300
43 116
43 14
43 523
43 418
43 1123
43 633
43 1309
43 997
43 553
43 1356
43 48
43 204
43 873
43 1067
43 50
43 1231
43 700
43 938
43 255
43 925
43 487
43 666
43 895
43 38
43 5
43 107
43 945
43 782
43 699
43 1117
43 55
43 784
43 247
43 561
43 338
43 521
43 1269
43 227
43 701
43 1270
43 600
43 917
43 387
43 117
43 1062
43 558
43 752
43 709
43 669
43 196
43 1229
43 504
43 1189
43 266
43 787
43 583
43 357
43 175
43 1281
43 1001
43 1007
43 393
43 1367
43 653
43 1023
43 951
43 703
43 441
43 1397
43 550
43 94
43 688
43 1324
43 495
43 159
43 217
43 704
43 305
43 683
43 279
43 570
43 1221
43 850
43 306
43 64
43 382
43 1039
43 398
43 1399
43 51
43 386
43 408
43 999
43 842
43 744
43 1034
43 916
43 1009
43 813
43 444
43 140
43 1382
43 654
43 284
43 352
43 592
43 1042
43 1371
43 650
43 827
43 139
43 308
43 249
43 926
43 754
43 964
43 930
43 1106
43 889
43 872
43 961
43 547
43 1206
43 1118
43 1377
43 755
43 761
43 1245
43 68
43 678
43 373
43 896
43 1236
43 299
43 314
43 176
43 1244
43 769
43 551
43 205
43 26
43 319
43 318
43 843
43 1384
43 273
43 292
43 428
43 374
43 1024
43 918
43 514
43 479
43 1214
43 1327
43 606
43 1161
43 45
43 62
43 363
43 828
43 400
43 1283
43 449
43 1332
43 1390
43 27
43 714
43 1330
43 839
43 154
43 788
43 641
43 1220
43 863
43 1058
43 1322
43 458
43 976
43 1340
43 1069
43 948
43 1107
43 101
43 29
43 1066
43 564
43 1303
43 1234
43 25
43 1299
43 1124
43 689
43 394
43 519
43 174
43 847
43 1005
43 145
43 737
43 967
43 543
43 1190
43 1037
43 851
43 122
43 348
43 9
43 1204
43 340
43 732
43 1294
43 277
43 572
43 213
43 670
43 1238
43 739
43 35
43 1155
43 76
43 922
43 93
43 1262
43 1337
43 880
43 627
43 534
43 1078
43 81
43 56
43 802
43 1323
43 1151
43 421
43 1056
43 952
43 876
43 87
43 1246
43 297
43 770
43 753
43 994
43 171
43 1119
43 660
43 1361
43 1181
43 894
43 554
43 1218
43 472
43 786
43 960
43 222
43 1008
43 1187
43 846
43 655
43 215
43 662
43 730
43 1021
43 1235
43 372
43 661
43 390
43 44
43 200
43 638
43 826
43 1133
43 1082
43 988
43 269
43 111
43 278
43 1362
43 877
43 741
43 239
43 563
43 674
43 339
43 73
43 294
43 501
43 1289
43 41
43 910
43 648
43 359
43 1085
43 816
43 216
43 1046
43 845
43 148
43 1110
43 812
43 634
43 199
43 1048
43 1031
43 1365
43 1240
43 1348
43 1287
43 197
43 1114
43 1251
43 345
43 446
43 378
43 402
43 406
43 586
43 150
43 757
43 555
43 706
43 67
43 395
43 1159
43 991
43 1360
43 1209
43 980
43 349
43 1142
43 1227
43 822
43 157
43 32
43 426
43 891
43 712
43 490
43 16
43 507
43 777
43 852
43 538
43 1321
43 167
43 1263
43 790
43 903
43 1391
43 772
43 659
43 225
43 15
43 315
43 1051
43 823
43 309
43 1038
43 1370
43 438
43 656
43 568
43 1237
43 304
43 936
43 1392
43 591
43 296
43 1148
43 651
43 693
43 34
43 819
43 36
43 300
43 668
43 937
43 112
43 190
43 733
43 271
43 214
43 459
43 1336
43 821
43 841
43 500
43 1077
43 260
43 1060
43 212
43 104
43 354
43 135
43 351
43 485
43 1297
43 370
43 869
43 986
43 343
43 256
43 1014
43 1276
43 61
43 690
43 736
43 1165
43 599
43 283
43 642
43 927
43 584
43 1230
43 288
43 989
43 1120
43 66
43 53
43 177
43 610
43 1059
43 1191
43 1215
43 1195
43 962
43 844
43 1053
43 833
43 522
43 1173
43 758
43 503
43 1054
43 1338
43 647
43 511
43 40
43 1250
43 1277
43 165
43 587
43 954
43 818
43 1255
43 681
43 762
43 114
43 49
43 728
43 1258
43 729
43 231
43 447
43 1138
43 119
43 166
43 1359
43 719
43 657
43 1126
43 625
43 505
43 713
43 43
43 1183
43 983
43 974
43 598
43 47
43 760
43 682
43 1282
43 546
43 128
43 151
43 195
43 785
43 268
43 608
43 1073
43 510
43 450
43 694
43 1352
43 959
43 54
43 582
43 705
43 1257
43 569
43 571
43 276
43 95
43 1239
43 432
43 636
43 207
43 18
43 295
43 840
43 1293
43 667
43 1130
43 170
43 364
43 1341
43 267
43 956
43 137
43 355
43 1280
43 209
43 434
43 147
43 368
43 482
43 58
43 1145
43 483
43 342
43 1064
43 1041
43 675
43 566
43 144
43 1334
43 949
43 1253
43 219
43 456
43 934
43 30
43 577
43 350
43 578
43 1381
43 830
43 882
43 574
43 692
43 970
43 717
43 1029
43 575
43 860
43 118
43 1285
43 1292
43 1271
43 1307
43 911
43 155
43 1398
43 1131
43 928
43 838
43 932
43 153
43 1260
43 1086
43 1202
43 1216
43 152
43 178
43 412
43 696
43 981
43 384
43 1395
43 84
43 442
43 886
43 1290
43 605
43 727
43 329
43 1033
43 1010
43 425
43 1012
43 955
43 1357
43 401
43 89
43 121
43 764
43 520
43 252
43 419
43 10
43 173
43 134
43 28
43 1372
43 1116
43 218
43 996
43 766
43 6
43 900
43 734
43 921
43 361
43 789
43 560
43 765
43 953
43 679
43 711
43 164
43 125
43 1312
43 1036
43 1400
43 874
43 1139
43 410
43 198
43 321
43 793
43 478
43 533
43 992
43 1342
43 795
43 588
43 630
43 565
43 931
43 417
43 1185
43 228
43 1128
43 1020
43 957
43 914
43 1108
43 1127
43 972
43 1374
43 371
43 272
43 601
43 282
43 78
43 579
43 57
43 604
43 1207
43 79
43 646
43 857
43 1
43 971
43 915
43 609
43 407
43 360
43 31
43 392
43 187
43 1196
43 1028
43 88
43 618
43 1121
43 1347
43 902
43 1217
43 890
43 897
43 1172
43 677
43 735
43 794
43 1125
43 1140
43 234
43 933
43 626
43 1304
43 716
43 1099
43 866
43 24
43 623
43 721
43 1351
43 944
43 448
43 183
43 808
43 639
43 1349
43 1011
43 169
43 867
43 7
43 829
43 1079
43 993
43 1291
43 110
43 1268
43 13
43 720
43 1241
43 311
43 77
43 422
43 286
43 1016
43 1040
43 1318
43 1389
43 414
43 103
43 743
43 423
43 497
43 251
43 644
43 979
43 864
43 576
43 573
43 1393
43 799
43 800
43 707
43 912
43 1378
43 22
43 1376
43 109
43 879
43 746
43 230
43 464
43 1203
43 751
43 69
43 612
43 420
43 797
43 90
43 1035
43 855
43 796
43 493
43 156
43 75
43 531
43 1354
43 1284
43 1027
43 1122
43 581
43 517
43 1003
43 281
43 887
43 1315
43 146
43 1396
43 607
43 898
43 172
43 208
43 1018
43 939
43 1242
43 424
43 328
43 290
43 1089
43 138
43 1317
43 975
43 590
43 91
43 293
43 913
43 149
43 1178
43 1132
43 1065
43 1364
43 1243
43 1049
43 542
43 1100
43 1247
43 1162
43 1068
43 1072
43 123
43 635
43 870
43 1025
43 20
43 1063
43 1090
43 491
43 1288
43 385
43 1325
43 723
43 1055
43 396
43 1093
43 129
43 1019
43 1032
43 1177
43 1314
43 580
43 824
43 1176
43 585
43 946
43 888
43 836
43 455
43 893
43 316
43 776
43 908
43 509
43 768
43 832
43 453
43 211
43 1047
43 594
43 1026
43 1380
43 168
43 486
43 767
43 388
43 715
43 163
43 1286
43 1219
43 742
43 905
43 747
43 1163
43 1091
43 8
43 499
43 280
43 1394
43 184
43 643
43 541
43 1157
43 476
43 849
43 367
43 1335
43 1144
43 158
43 1226
43 722
43 330
43 884
43 1158
43 502
43 59
43 596
43 697
43 1094
43 85
43 451
43 92
43 210
43 907
43 725
43 708
43 238
43 549
43 42
43 1387
43 1211
43 969
43 181
43 726
43 1319
43 141
43 1137
43 589
43 1002
43 303
43 1308
43 1273
43 1252
43 403
43 1274
43 1075
43 1264
43 1350
43 462
43 245
43 883
43 1095
43 186
43 302
43 809
43 807
43 1136
43 1092
43 1205
43 624
43 415
43 223
43 108
43 325
43 143
43 1022
43 1061
43 1156
43 1313
43 1147
43 439
43 270
43 810
43 658
43 1346
43 136
43 12
43 430
43 904
43 1045
43 868
43 595
43 1104
43 858
43 1088
43 871
43 817
43 613
43 1004
43 1194
43 859
43 628
43 740
43 1013
43 615
43 695
43 399
43 617
43 1152
43 480
43 416
43 313
43 274
43 524
43 1017
43 645
43 835
43 673
43 1164
43 263
43 1146
43 353
43 557
43 942
43 481
43 548
43 1344
43 162
43 113
43 1015
43 1101
43 1166
43 1169
43 463
43 1113
43 1030
43 33
43 265
43 253
43 182
43 1369
43 466
43 102
43 982
43 773
43 82
43 529
43 1134
43 1358
43 792
43 856
43 950
43 237
43 837
43 602
43 881
43 1098
43 552
43 1143
43 1379
43 906
43 532
43 738
43 1087
43 805
43 1103
43 820
43 614
43 691
43 1326
43 536
43 1160
43 1279
43 825
43 1167
43 344
43 640
43 1345
43 1111
43 100
43 862
43 1170
43 731
43 834
43 132
43 320
43 518
43 220
43 506
43 684
43 11
43 603
43 1385
43 202
43 806
43 1295
43 99
43 285
43 437
43 130
43 909
43 756
43 878
43 865
43 436
43 1150
43 275
43 1388
43 811
43 1296
43 875
43 1102
43 616
43 1180
43 621
43 778
43 1199
43 1168
43 619
43 1057
43 489
43 724
43 745
43 892
43 429
43 185
43 1298
43 488
43 622
43 317
43 1052
43 968
43 244
43 958
43 620
43 1316
43 259
43 649
43 804
43 46
43 262
43 1096
43 1097
43 1174
43 718
43 83
43 405
