45 305
45 655
45 525
45 1200
45 37
45 355
45 85
45 80
45 71
45 97
45 1076
45 333
45 347
45 570
45 623
45 1241
45 337
45 1253
45 401
45 242
45 1204
45 378
45 1185
45 447
45 625
45 335
45 1263
45 101
45 308
45 50
45 306
45 131
45 798
45 166
45 967
45 574
45 387
45 74
45 40
45 348
45 145
45 61
45 1255
45 26
45 407
45 267
45 1391
45 1374
45 298
45 339
45 240
45 243
45 329
45 1282
45 383
45 1237
45 1238
45 481
45 98
45 55
45 1109
45 873
45 1299
45 297
45 1311
45 446
45 268
45 517
45 357
45 978
45 1227
45 1355
45 1395
45 4
45 19
45 1154
45 550
45 484
45 260
45 1297
45 23
45 241
45 1367
45 1283
45 1099
45 418
45 1254
45 1386
45 397
45 346
45 409
45 437
45 366
45 343
45 338
45 326
45 553
45 572
45 87
45 1212
45 169
45 365
45 1302
45 108
45 323
45 402
45 269
45 646
45 274
45 413
45 527
45 569
45 559
45 1368
45 606
45 1269
45 568
45 142
45 120
45 1249
45 103
45 575
45 1230
45 540
45 38
45 963
45 45
45 1288
45 123
45 667
45 1267
45 377
45 21
45 345
45 1244
45 1159
45 291
45 310
45 332
45 254
45 51
45 460
45 330
45 1158
45 554
45 90
45 1279
45 208
45 72
45 661
45 340
45 126
45 1328
45 408
45 331
45 352
45 1226
45 1322
45 1151
45 664
45 870
45 1348
45 716
45 962
45 39
45 176
45 494
45 814
45 1161
45 319
45 707
45 334
45 406
45 1372
45 944
45 389
45 84
45 398
45 1287
45 17
45 495
45 585
45 353
45 81
45 610
45 1209
45 552
45 475
45 1366
45 966
45 302
45 666
45 1236
45 30
45 1327
45 2
45 192
45 342
45 1272
45 1223
45 1080
45 258
45 188
45 32
45 294
45 154
45 324
45 183
45 1274
45 562
45 549
45 1295
45 265
45 1139
45 167
45 449
45 671
45 535
45 73
45 283
45 1228
45 941
45 270
45 463
45 955
45 327
45 5
45 583
45 170
45 376
45 971
45 207
45 775
45 537
45 171
45 1114
45 436
45 358
45 1182
45 1192
45 64
45 645
45 1265
45 653
45 1027
45 1268
45 508
45 953
45 854
45 1039
45 668
45 95
45 1220
45 665
45 1083
45 360
45 547
45 1155
45 509
45 584
45 1078
45 531
45 1149
45 656
45 1141
45 1208
45 1260
45 516
45 303
45 68
45 927
45 62
45 1317
45 1252
45 375
45 925
45 1100
45 979
45 1319
45 135
45 299
45 1189
45 526
45 296
45 1072
45 975
45 997
45 421
45 350
45 222
45 391
45 943
45 774
45 1203
45 16
45 781
45 24
45 1214
45 9
45 1331
45 861
45 1321
45 1225
45 180
45 628
45 1361
45 31
45 125
45 1301
45 96
45 1061
45 256
45 818
45 86
45 300
45 35
45 1258
45 1081
45 1286
45 635
45 29
45 536
45 981
45 362
45 903
45 952
45 133
45 445
45 663
45 1071
45 994
45 82
45 618
45 1281
45 25
45 961
45 13
45 224
45 629
45 193
45 1106
45 507
45 1335
45 364
45 53
45 784
45 954
45 761
45 840
45 271
45 1264
45 1296
45 403
45 670
45 593
45 134
45 307
45 369
45 598
45 611
45 1124
45 901
45 500
45 965
45 261
45 1371
45 1298
45 336
45 490
45 395
45 179
45 846
45 203
45 43
45 1266
45 1197
45 65
45 255
45 28
45 114
45 974
45 168
45 273
45 477
45 573
45 1356
45 195
45 465
45 662
45 1273
45 960
45 497
45 263
45 457
45 7
45 1250
45 1093
45 827
45 1077
45 1259
45 396
45 178
45 980
45 1382
45 1222
45 920
45 1216
45 1006
45 1157
45 1364
45 563
45 848
45 104
45 650
45 1098
45 654
45 1002
45 77
45 153
45 556
45 1243
45 1278
45 151
45 1205
45 865
45 492
45 813
45 764
45 191
45 976
45 580
45 373
45 1261
45 789
45 36
45 175
45 1153
45 394
45 106
45 1285
45 232
45 567
45 462
45 148
45 1043
45 1181
45 236
45 217
45 1198
45 860
45 88
45 27
45 1146
45 558
45 511
45 187
45 1190
45 474
45 669
45 1129
45 564
45 1180
45 899
45 344
45 487
45 485
45 189
45 354
45 926
45 877
45 651
45 1310
45 689
45 410
45 1187
45 318
45 164
45 983
45 849
45 973
45 444
45 22
45 496
45 560
45 1270
45 493
45 876
45 49
45 1010
45 41
45 1142
45 539
45 322
45 908
45 34
45 990
45 295
45 226
45 823
45 969
45 60
45 197
45 3
45 115
45 900
45 304
45 1065
45 1183
45 746
45 117
45 480
45 1248
45 461
45 504
45 453
45 1312
45 1373
45 66
45 726
45 1276
45 639
45 215
45 1394
45 916
45 1257
45 1105
45 1365
45 1008
45 1384
45 44
45 1323
45 177
45 1315
45 874
45 235
45 439
45 1324
45 555
45 719
45 1245
45 1171
45 518
45 1217
45 219
45 723
45 112
45 630
45 121
45 835
45 637
45 102
45 79
45 519
45 1103
45 11
45 309
45 984
45 739
45 1275
45 996
45 1318
45 33
45 586
45 109
45 1390
45 720
45 546
45 676
45 234
45 372
45 435
45 467
45 821
45 287
45 1084
45 833
45 1347
45 826
45 221
45 608
45 1300
45 293
45 672
45 741
45 959
45 710
45 1070
45 1231
45 512
45 698
45 1107
45 1066
45 681
45 314
45 1118
45 1251
45 940
45 119
45 1375
45 386
45 48
45 896
45 1369
45 440
45 272
45 538
45 1291
45 866
45 390
45 652
45 393
45 94
45 695
45 448
45 919
45 438
45 69
45 1037
45 691
45 1353
45 10
45 762
45 468
45 431
45 514
45 1314
45 370
45 1005
45 633
45 455
45 1121
45 214
45 380
45 1004
45 196
45 1179
45 542
45 702
45 54
45 701
45 803
45 441
45 1207
45 565
45 599
45 466
45 1058
45 472
45 541
45 124
45 1177
45 714
45 411
45 675
45 379
45 110
45 498
45 863
45 252
45 1011
45 116
45 248
45 749
45 174
45 75
45 836
45 510
45 1383
45 1221
45 847
45 1362
45 571
45 1029
45 932
45 67
45 592
45 404
45 1045
45 1050
45 988
45 938
45 6
45 697
45 1009
45 1025
45 838
45 63
45 1028
45 442
45 351
45 206
45 521
45 1346
45 687
45 767
45 744
45 1352
45 107
45 660
45 544
45 483
45 872
45 1359
45 1
45 1007
45 56
45 642
45 595
45 1110
45 201
45 1156
45 528
45 479
45 1074
45 1350
45 1377
45 144
45 216
45 680
45 1201
45 657
45 534
45 600
45 1305
45 1277
45 286
45 1048
45 1101
45 1256
45 841
45 1309
45 399
45 1339
45 1219
45 160
45 1333
45 251
45 1210
45 1326
45 1232
45 1313
45 1292
45 1119
45 190
45 851
45 1073
45 1069
45 57
45 882
45 127
45 150
45 1112
45 763
45 1191
45 1060
45 1344
45 837
45 105
45 264
45 456
45 715
45 801
45 1123
45 770
45 1012
45 949
45 1195
45 1211
45 591
45 530
45 692
45 1284
45 1336
45 885
45 1160
45 328
45 1133
45 520
45 991
45 1021
45 717
45 524
45 1001
45 356
45 771
45 1135
45 213
45 141
45 737
45 902
45 1042
45 929
45 505
45 522
45 14
45 728
45 159
45 615
45 1165
45 934
45 93
45 743
45 977
45 930
45 161
45 384
45 414
45 301
45 790
45 722
45 831
45 587
45 816
45 433
45 137
45 1351
45 1193
45 758
45 566
45 917
45 165
45 284
45 316
45 1196
45 1199
45 604
45 1062
45 1147
45 1349
45 70
45 412
45 700
45 772
45 951
45 703
45 704
45 1059
45 156
45 1215
45 887
45 1206
45 987
45 609
45 1132
45 708
45 607
45 257
45 452
45 793
45 957
45 582
45 1036
45 1246
45 276
45 1233
45 277
45 998
45 1000
45 1397
45 182
45 458
45 1379
45 729
45 658
45 1294
45 1090
45 693
45 1337
45 1363
45 152
45 830
45 128
45 228
45 1320
45 972
45 641
45 819
45 1031
45 942
45 894
45 945
45 1056
45 227
45 748
45 1330
45 1184
45 1306
45 985
45 911
45 1213
45 12
45 279
45 993
45 982
45 624
45 844
45 1175
45 1014
45 473
45 747
45 47
45 1262
45 434
45 1086
45 140
45 312
45 315
45 850
45 1131
45 632
45 992
45 577
45 1082
45 783
45 230
45 1148
45 288
45 194
45 760
45 1054
45 727
45 139
45 594
45 1144
45 869
45 76
45 1239
45 909
45 1381
45 890
45 845
45 259
45 787
45 515
45 1304
45 427
45 1115
45 765
45 1145
45 459
45 1023
45 280
45 605
45 733
45 1024
45 627
45 1162
45 1130
45 948
45 939
45 867
45 828
45 810
45 706
45 469
45 415
45 791
45 185
45 290
45 89
45 450
45 91
45 513
45 1340
45 246
45 1140
45 470
45 1303
45 1138
45 1342
45 636
45 100
45 576
45 597
45 1032
45 1108
45 181
45 482
45 617
45 1173
45 730
45 506
45 501
45 754
45 699
45 1186
45 1030
45 426
45 935
45 753
45 931
45 289
45 659
45 244
45 590
45 750
45 802
45 1026
45 1068
45 989
45 817
45 1126
45 626
45 321
45 1393
45 1242
45 368
45 842
45 52
45 782
45 968
45 464
45 424
45 1341
45 163
45 417
45 915
45 807
45 1378
45 1399
45 281
45 1055
45 913
45 551
45 694
45 523
45 425
45 173
45 205
45 824
45 245
45 1034
45 1370
45 678
45 679
45 631
45 898
45 1376
45 1019
45 502
45 488
45 769
45 1202
45 970
45 1075
45 759
45 683
45 266
45 822
45 612
45 773
45 871
45 589
45 881
45 1218
45 428
45 1389
45 1234
45 690
45 1396
45 799
45 924
45 956
45 443
45 317
45 839
45 533
45 947
45 311
45 578
45 209
45 755
45 292
45 918
45 933
45 1122
45 786
45 503
45 233
45 499
45 888
45 543
45 1063
45 172
45 1003
45 614
45 809
45 1085
45 820
45 999
45 711
45 889
45 1128
45 922
45 800
45 815
45 777
45 613
45 111
45 204
45 601
45 751
45 225
45 910
45 1143
45 808
45 1020
45 958
45 149
45 884
45 388
45 779
45 785
45 1111
45 752
45 416
45 862
45 712
45 886
45 1067
45 1041
45 880
45 1235
45 210
45 486
45 1125
45 1051
45 1136
45 545
45 132
45 432
45 78
45 451
45 732
45 905
45 1178
45 381
45 1044
45 325
45 721
45 1271
45 58
45 491
45 1117
45 130
45 186
45 1188
45 1170
45 638
45 895
45 843
45 1172
45 1049
45 893
45 382
45 620
45 122
45 341
45 1289
45 742
45 946
45 1345
45 725
45 757
45 374
45 1038
45 883
45 1360
45 162
45 253
45 891
45 906
45 588
45 581
45 696
45 361
45 579
45 796
45 1293
45 868
45 1385
45 419
45 158
45 1046
45 1064
45 59
45 199
45 829
45 1015
45 1094
45 907
45 8
45 780
45 400
45 359
45 1092
45 709
45 184
45 1329
45 1150
45 1052
45 788
45 1392
45 275
45 212
45 278
45 622
45 596
45 713
45 363
45 647
45 200
45 143
45 1097
45 921
45 964
45 734
45 897
45 923
45 231
45 18
45 1224
45 250
45 1018
45 812
45 856
45 912
45 15
45 619
45 640
45 1169
45 548
45 986
45 766
45 1357
45 792
45 138
45 282
45 229
45 621
45 914
45 1247
45 218
45 367
45 1240
45 1053
45 1176
45 857
45 1120
45 1116
45 634
45 853
45 349
45 478
45 937
45 768
45 795
45 1398
45 735
45 1343
45 740
45 83
45 852
45 1013
45 1332
45 454
45 1017
45 602
45 879
45 736
45 285
45 136
45 1152
45 1325
45 157
45 643
45 1163
45 616
45 1079
45 223
45 1229
45 385
45 1033
45 1167
45 1089
45 673
45 685
45 561
45 129
45 832
45 1166
45 688
45 262
45 155
45 1047
45 313
45 928
45 864
45 1307
45 644
45 1016
45 392
45 1308
45 249
45 855
45 1354
45 1280
45 950
45 686
45 1040
45 878
45 705
45 371
45 1400
45 1127
45 674
45 1380
45 875
45 724
45 220
45 806
45 648
45 198
45 1087
45 834
45 892
45 1338
45 532
45 603
45 147
45 557
45 247
45 113
45 804
45 42
45 858
45 238
45 146
45 1104
45 805
45 20
45 422
45 1057
45 237
45 904
45 776
45 797
45 731
45 682
45 211
45 936
45 677
45 1290
45 794
45 239
45 1113
45 811
45 1102
45 430
45 1334
45 476
45 118
45 1316
45 738
45 1095
45 1168
45 99
45 1096
45 1088
45 1134
45 420
45 1164
45 1137
45 1358
45 92
45 1194
45 1022
45 529
45 423
45 756
45 859
45 745
45 1035
45 1387
45 202
45 1091
45 1388
45 684
45 320
45 649
45 778
45 825
45 405
45 429
45 46
45 489
45 718
45 1174
