47 1200
47 525
47 306
47 570
47 310
47 967
47 144
47 23
47 352
47 389
47 5
47 4
47 305
47 142
47 131
47 572
47 854
47 784
47 1185
47 308
47 2
47 348
47 240
47 1322
47 978
47 1076
47 9
47 664
47 375
47 1109
47 1355
47 848
47 135
47 3
47 87
47 1254
47 761
47 71
47 540
47 1386
47 1050
47 343
47 98
47 1321
47 307
47 1067
47 407
47 180
47 333
47 72
47 260
47 966
47 337
47 553
47 347
47 37
47 560
47 353
47 1043
47 1373
47 1263
47 55
47 1374
47 1249
47 145
47 1180
47 1268
47 29
47 1119
47 171
47 1282
47 387
47 568
47 1237
47 90
47 304
47 269
47 383
47 338
47 982
47 323
47 935
47 254
47 13
47 326
47 255
47 1238
47 298
47 62
47 460
47 1190
47 97
47 51
47 1129
47 1311
47 365
47 88
47 133
47 256
47 1253
47 1149
47 569
47 332
47 364
47 481
47 208
47 104
47 646
47 798
47 242
47 355
47 707
47 1171
47 628
47 963
47 853
47 475
47 272
47 309
47 446
47 551
47 1230
47 74
47 61
47 629
47 1042
47 1366
47 941
47 623
47 1299
47 886
47 366
47 527
47 653
47 1044
47 21
47 179
47 1204
47 274
47 763
47 413
47 335
47 1397
47 1283
47 789
47 912
47 120
47 408
47 258
47 393
47 669
47 1070
47 672
47 1278
47 1212
47 559
47 1060
47 1069
47 241
47 268
47 1118
47 340
47 980
47 1328
47 606
47 550
47 885
47 1027
47 53
47 31
47 425
47 1039
47 1214
47 82
47 775
47 1276
47 547
47 378
47 112
47 447
47 1135
47 944
47 1123
47 522
47 661
47 926
47 350
47 1241
47 831
47 1315
47 1205
47 377
47 267
47 773
47 641
47 409
47 1105
47 1083
47 346
47 50
47 299
47 1244
47 1081
47 733
47 386
47 826
47 861
47 168
47 80
47 34
47 192
47 546
47 487
47 189
47 1392
47 1008
47 954
47 988
47 1058
47 1395
47 1126
47 870
47 1078
47 188
47 987
47 887
47 1294
47 1145
47 1258
47 890
47 1208
47 464
47 221
47 962
47 635
47 1301
47 769
47 125
47 1228
47 971
47 512
47 873
47 631
47 938
47 1056
47 981
47 509
47 947
47 300
47 535
47 1269
47 732
47 224
47 327
47 493
47 66
47 166
47 40
47 526
47 1130
47 1396
47 1297
47 915
47 952
47 1363
47 774
47 17
47 901
47 95
47 1037
47 1048
47 398
47 508
47 830
47 173
47 226
47 1340
47 397
47 1198
47 610
47 164
47 850
47 974
47 989
47 655
47 329
47 215
47 485
47 468
47 1335
47 331
47 1367
47 625
47 836
47 1071
47 1006
47 382
47 1053
47 671
47 176
47 764
47 888
47 500
47 457
47 1364
47 400
47 324
47 1182
47 742
47 271
47 273
47 357
47 119
47 1267
47 477
47 345
47 1302
47 243
47 81
47 1353
47 1077
47 865
47 519
47 302
47 1221
47 517
47 1151
47 840
47 6
47 736
47 565
47 334
47 816
47 948
47 1359
47 77
47 1154
47 961
47 889
47 435
47 339
47 26
47 45
47 1010
47 191
47 666
47 167
47 1382
47 1059
47 972
47 1391
47 555
47 1223
47 106
47 1236
47 513
47 1192
47 222
47 1117
47 766
47 592
47 419
47 480
47 1256
47 1100
47 970
47 1139
47 117
47 86
47 1178
47 823
47 750
47 710
47 406
47 1072
47 955
47 297
47 319
47 1356
47 279
47 68
47 504
47 1265
47 264
47 1189
47 170
47 1024
47 213
47 412
47 593
47 680
47 1099
47 101
47 494
47 956
47 1157
47 1197
47 1014
47 1362
47 1133
47 1361
47 650
47 1107
47 1348
47 846
47 998
47 1368
47 1351
47 25
47 1251
47 951
47 564
47 1399
47 516
47 391
47 842
47 465
47 1234
47 1372
47 126
47 583
47 537
47 354
47 814
47 604
47 123
47 402
47 762
47 336
47 19
47 69
47 437
47 1179
47 818
47 1201
47 217
47 1172
47 656
47 1300
47 495
47 303
47 1336
47 686
47 863
47 358
47 22
47 611
47 1054
47 735
47 1181
47 1394
47 990
47 585
47 185
47 744
47 739
47 96
47 1226
47 765
47 1021
47 574
47 1250
47 261
47 1255
47 193
47 1319
47 683
47 603
47 1098
47 1136
47 644
47 973
47 1046
47 1393
47 1327
47 959
47 1001
47 291
47 404
47 1378
47 1066
47 984
47 1156
47 1232
47 647
47 929
47 689
47 175
47 575
47 843
47 1159
47 1210
47 1115
47 859
47 169
47 270
47 462
47 39
47 985
47 687
47 891
47 474
47 139
47 1120
47 505
47 1261
47 694
47 328
47 737
47 140
47 582
47 84
47 514
47 399
47 662
47 1227
47 395
47 114
47 1177
47 401
47 787
47 1004
47 1274
47 1142
47 754
47 584
47 1349
47 351
47 63
47 1375
47 858
47 607
47 730
47 1305
47 370
47 1357
47 1106
47 743
47 648
47 571
47 1038
47 942
47 760
47 1390
47 934
47 1175
47 7
47 206
47 44
47 318
47 1153
47 207
47 544
47 1187
47 1352
47 197
47 965
47 925
47 815
47 601
47 511
47 1127
47 847
47 376
47 1213
47 362
47 857
47 1309
47 976
47 586
47 563
47 1270
47 1121
47 562
47 1009
47 73
47 1034
47 727
47 127
47 786
47 828
47 1202
47 266
47 276
47 637
47 591
47 390
47 1084
47 605
47 1161
47 277
47 930
47 1264
47 837
47 899
47 1074
47 695
47 894
47 421
47 1292
47 709
47 877
47 931
47 945
47 993
47 1222
47 919
47 177
47 1143
47 216
47 103
47 89
47 1398
47 567
47 598
47 463
47 1318
47 1131
47 394
47 1326
47 454
47 174
47 626
47 994
47 287
47 1286
47 531
47 1259
47 1061
47 85
47 330
47 528
47 1124
47 576
47 860
47 608
47 1158
47 361
47 1288
47 154
47 232
47 228
47 821
47 1231
47 1141
47 75
47 595
47 507
47 1195
47 467
47 924
47 1339
47 642
47 109
47 105
47 1225
47 432
47 1281
47 692
47 461
47 283
47 841
47 827
47 153
47 1246
47 943
47 793
47 418
47 539
47 1165
47 1279
47 438
47 296
47 1062
47 741
47 663
47 911
47 520
47 920
47 759
47 634
47 48
47 999
47 996
47 1387
47 803
47 1360
47 1303
47 636
47 1323
47 91
47 665
47 561
47 781
47 1125
47 518
47 1051
47 844
47 652
47 178
47 1155
47 822
47 203
47 1045
47 183
47 1239
47 368
47 997
47 236
47 1025
47 1029
47 668
47 1055
47 458
47 219
47 1049
47 450
47 800
47 728
47 294
47 41
47 248
47 76
47 685
47 1209
47 1371
47 1028
47 515
47 633
47 93
47 134
47 624
47 65
47 903
47 1101
47 257
47 845
47 1325
47 627
47 667
47 838
47 533
47 1064
47 1173
47 693
47 282
47 235
47 1216
47 957
47 392
47 428
47 896
47 1096
47 107
47 1287
47 289
47 749
47 384
47 1191
47 1400
47 752
47 1220
47 1007
47 1031
47 1324
47 16
47 288
47 342
47 1097
47 121
47 1188
47 953
47 833
47 24
47 597
47 758
47 1176
47 32
47 1381
47 1082
47 30
47 819
47 1015
47 152
47 801
47 1138
47 725
47 697
47 434
47 490
47 1211
47 864
47 369
47 900
47 704
47 1272
47 301
47 426
47 1262
47 1073
47 160
47 788
47 717
47 1114
47 975
47 1036
47 449
47 33
47 1085
47 1215
47 312
47 612
47 212
47 698
47 128
47 1343
47 898
47 1248
47 690
47 473
47 1132
47 148
47 638
47 239
47 536
47 440
47 824
47 960
47 54
47 445
47 456
47 94
47 922
47 1122
47 782
47 1207
47 1022
47 856
47 190
47 414
47 1331
47 1273
47 1310
47 1108
47 1293
47 111
47 181
47 1383
47 556
47 115
47 1233
47 927
47 161
47 124
47 1002
47 1235
47 795
47 992
47 964
47 599
47 381
47 979
47 542
47 1026
47 771
47 751
47 580
47 1162
47 466
47 38
47 714
47 35
47 969
47 676
47 199
47 748
47 852
47 986
47 874
47 424
47 675
47 201
47 341
47 64
47 1093
47 767
47 431
47 521
47 1065
47 479
47 1112
47 459
47 835
47 1080
47 1320
47 322
47 829
47 928
47 225
47 47
47 116
47 136
47 314
47 808
47 1377
47 1193
47 196
47 151
47 783
47 229
47 700
47 18
47 1329
47 52
47 79
47 529
47 720
47 916
47 1350
47 983
47 70
47 554
47 155
47 1370
47 60
47 1089
47 497
47 380
47 549
47 108
47 295
47 356
47 630
47 776
47 194
47 618
47 1000
47 49
47 573
47 427
47 791
47 403
47 195
47 1312
47 1147
47 396
47 472
47 729
47 1252
47 691
47 484
47 895
47 439
47 411
47 755
47 172
47 315
47 699
47 1266
47 715
47 936
47 1217
47 1317
47 498
47 1218
47 1011
47 506
47 250
47 150
47 149
47 654
47 244
47 876
47 246
47 165
47 230
47 379
47 566
47 703
47 820
47 721
47 496
47 660
47 1365
47 645
47 122
47 670
47 1086
47 410
47 1296
47 1146
47 632
47 711
47 651
47 977
47 719
47 839
47 284
47 214
47 1166
47 27
47 1306
47 937
47 10
47 43
47 448
47 869
47 263
47 523
47 1183
47 433
47 538
47 785
47 483
47 1257
47 372
47 740
47 866
47 36
47 545
47 1206
47 790
47 726
47 932
47 59
47 1219
47 1275
47 578
47 1342
47 158
47 1167
47 734
47 834
47 1271
47 716
47 234
47 452
47 1384
47 1203
47 163
47 1307
47 696
47 442
47 1245
47 1354
47 1260
47 290
47 1243
47 588
47 422
47 713
47 1277
47 363
47 746
47 1019
47 851
47 1023
47 1116
47 444
47 949
47 182
47 292
47 812
47 524
47 1285
47 777
47 373
47 779
47 880
47 708
47 14
47 1333
47 681
47 1313
47 441
47 293
47 541
47 451
47 1094
47 443
47 198
47 1068
47 209
47 360
47 917
47 534
47 897
47 910
47 908
47 436
47 678
47 770
47 1140
47 1358
47 813
47 8
47 492
47 159
47 558
47 799
47 883
47 772
47 482
47 659
47 1012
47 1240
47 28
47 102
47 552
47 868
47 1092
47 1035
47 510
47 1314
47 587
47 344
47 600
47 138
47 905
47 723
47 780
47 817
47 78
47 1186
47 56
47 1032
47 15
47 1347
47 855
47 110
47 1005
47 415
47 157
47 939
47 701
47 1003
47 469
47 1104
47 478
47 210
47 349
47 918
47 227
47 118
47 100
47 702
47 991
47 146
47 321
47 807
47 280
47 311
47 205
47 252
47 42
47 1079
47 430
47 1289
47 640
47 913
47 609
47 747
47 187
47 712
47 286
47 211
47 1134
47 923
47 643
47 872
47 1033
47 1103
47 543
47 156
47 1148
47 499
47 11
47 141
47 1330
47 1090
47 940
47 1379
47 1199
47 470
47 245
47 1389
47 1284
47 530
47 933
47 688
47 657
47 1184
47 57
47 251
47 1047
47 1128
47 757
47 1137
47 796
47 388
47 1
47 1229
47 1337
47 58
47 184
47 147
47 1144
47 797
47 1291
47 1164
47 371
47 423
47 602
47 679
47 809
47 92
47 238
47 137
47 1380
47 486
47 893
47 1346
47 1091
47 453
47 455
47 722
47 200
47 1063
47 1095
47 367
47 706
47 674
47 946
47 1385
47 1163
47 385
47 420
47 502
47 862
47 1332
47 12
47 129
47 1111
47 1224
47 1020
47 218
47 1057
47 491
47 849
47 881
47 792
47 879
47 253
47 871
47 1030
47 958
47 902
47 589
47 1298
47 67
47 577
47 579
47 1304
47 1052
47 1295
47 1344
47 1016
47 1369
47 374
47 1242
47 359
47 231
47 1013
47 416
47 753
47 731
47 884
47 867
47 639
47 233
47 673
47 907
47 968
47 281
47 1110
47 617
47 802
47 1041
47 581
47 590
47 724
47 247
47 594
47 501
47 1316
47 810
47 417
47 204
47 1345
47 909
47 914
47 1017
47 1040
47 1280
47 620
47 1196
47 316
47 596
47 132
47 1075
47 1247
47 285
47 658
47 265
47 325
47 1338
47 223
47 906
47 705
47 1170
47 186
47 259
47 278
47 621
47 904
47 249
47 805
47 1376
47 1334
47 1018
47 882
47 1160
47 143
47 1290
47 1169
47 768
47 682
47 503
47 613
47 317
47 1341
47 488
47 1308
47 313
47 532
47 616
47 806
47 825
47 615
47 794
47 476
47 921
47 1150
47 1388
47 1168
47 1113
47 548
47 878
47 557
47 162
47 1102
47 622
47 405
47 614
47 1152
47 130
47 811
47 950
47 113
47 1087
47 745
47 1194
47 99
47 220
47 832
47 275
47 756
47 1088
47 875
47 237
47 677
47 619
47 20
47 320
47 738
47 684
47 778
47 649
47 262
47 429
47 892
47 202
47 804
47 83
47 489
47 46
47 718
47 1174
