5 401
5 51
5 997
5 708
5 1328
5 781
5 410
5 968
5 1297
5 378
5 85
5 38
5 719
5 355
5 40
5 814
5 650
5 1335
5 1374
5 598
5 967
5 873
5 606
5 695
5 1076
5 978
5 716
5 1272
5 19
5 305
5 347
5 445
5 1269
5 860
5 409
5 437
5 337
5 339
5 120
5 332
5 1219
5 554
5 297
5 131
5 357
5 124
5 90
5 1331
5 1006
5 798
5 1286
5 86
5 68
5 896
5 1379
5 243
5 108
5 413
5 1279
5 103
5 203
5 567
5 101
5 813
5 1305
5 214
5 535
5 1270
5 356
5 689
5 925
5 395
5 635
5 1009
5 1161
5 221
5 961
5 453
5 1197
5 1391
5 574
5 1349
5 14
5 783
5 319
5 580
5 876
5 994
5 1266
5 746
5 31
5 1265
5 193
5 1230
5 1074
5 481
5 981
5 97
5 676
5 1361
5 575
5 236
5 592
5 141
5 37
5 467
5 287
5 323
5 1373
5 665
5 39
5 1212
5 1159
5 57
5 77
5 396
5 137
5 525
5 791
5 468
5 585
5 215
5 1255
5 33
5 1109
5 637
5 29
5 540
5 1227
5 50
5 836
5 1051
5 242
5 12
5 1263
5 963
5 95
5 495
5 1066
5 537
5 516
5 1207
5 1366
5 975
5 880
5 728
5 78
5 861
5 426
5 1185
5 1348
5 1099
5 1211
5 402
5 294
5 1390
5 1292
5 593
5 374
5 1217
5 52
5 258
5 333
5 726
5 1237
5 1204
5 73
5 971
5 1375
5 314
5 670
5 559
5 241
5 1283
5 1253
5 944
5 1170
5 98
5 75
5 753
5 164
5 427
5 232
5 587
5 839
5 1268
5 197
5 1011
5 1367
5 553
5 260
5 1222
5 775
5 163
5 870
5 436
5 833
5 368
5 1158
5 60
5 983
5 849
5 507
5 1141
5 55
5 322
5 1267
5 340
5 264
5 145
5 217
5 74
5 1315
5 418
5 1105
5 1200
5 1288
5 1246
5 431
5 1
5 346
5 1299
5 408
5 671
5 56
5 1008
5 1312
5 1285
5 1192
5 681
5 1077
5 1395
5 461
5 1326
5 1233
5 360
5 23
5 1165
5 216
5 362
5 302
5 639
5 1336
5 1101
5 36
5 1032
5 1317
5 1241
5 391
5 544
5 497
5 1238
5 26
5 494
5 1259
5 1351
5 28
5 1252
5 1236
5 367
5 1310
5 61
5 446
5 1100
5 1065
5 80
5 1124
5 329
5 667
5 801
5 4
5 1154
5 1254
5 570
5 823
5 208
5 556
5 213
5 176
5 691
5 1187
5 625
5 1061
5 342
5 224
5 17
5 270
5 1350
5 1384
5 1180
5 642
5 318
5 35
5 172
5 440
5 421
5 1311
5 655
5 774
5 666
5 1296
5 703
5 966
5 1319
5 1282
5 188
5 154
5 723
5 327
5 330
5 404
5 984
5 748
5 300
5 848
5 704
5 517
5 1386
5 1314
5 872
5 654
5 366
5 350
5 383
5 32
5 725
5 874
5 762
5 235
5 1243
5 298
5 979
5 251
5 13
5 1244
5 87
5 195
5 628
5 943
5 1274
5 510
5 790
5 248
5 102
5 435
5 496
5 240
5 348
5 680
5 295
5 312
5 1327
5 335
5 542
5 851
5 166
5 661
5 27
5 372
5 715
5 182
5 815
5 1084
5 1157
5 268
5 343
5 472
5 1078
5 1071
5 652
5 1037
5 81
5 449
5 71
5 451
5 389
5 1382
5 1090
5 550
5 470
5 1062
5 1129
5 1171
5 307
5 595
5 407
5 308
5 456
5 693
5 1073
5 1209
5 1123
5 30
5 1151
5 174
5 707
5 987
5 1352
5 965
5 438
5 5
5 920
5 633
5 1072
5 142
5 93
5 980
5 390
5 1368
5 1083
5 698
5 1045
5 336
5 611
5 1056
5 549
5 486
5 1143
5 646
5 1339
5 331
5 1333
5 608
5 345
5 115
5 121
5 1058
5 447
5 576
5 226
5 480
5 66
5 1377
5 1081
5 411
5 475
5 352
5 1258
5 62
5 720
5 127
5 125
5 701
5 1043
5 749
5 373
5 1248
5 824
5 425
5 893
5 397
5 899
5 656
5 167
5 1205
5 100
5 908
5 903
5 952
5 406
5 49
5 160
5 1264
5 1121
5 498
5 1000
5 511
5 484
5 1027
5 743
5 578
5 543
5 1118
5 594
5 945
5 376
5 583
5 1355
5 1114
5 1294
5 359
5 519
5 573
5 658
5 717
5 1226
5 942
5 1353
5 916
5 618
5 179
5 827
5 508
5 1149
5 803
5 299
5 1287
5 818
5 1318
5 1295
5 509
5 1380
5 755
5 1146
5 1356
5 44
5 306
5 985
5 415
5 687
5 552
5 206
5 772
5 711
5 1126
5 1232
5 271
5 284
5 34
5 84
5 1156
5 178
5 584
5 483
5 1069
5 276
5 1223
5 632
5 1397
5 377
5 1231
5 41
5 321
5 1012
5 807
5 455
5 278
5 490
5 539
5 1306
5 604
5 760
5 477
5 1257
5 474
5 1054
5 784
5 758
5 10
5 521
5 16
5 884
5 161
5 53
5 924
5 821
5 1199
5 460
5 1275
5 82
5 204
5 526
5 469
5 171
5 222
5 527
5 669
5 123
5 610
5 1130
5 882
5 1302
5 1389
5 190
5 375
5 253
5 358
5 1298
5 909
5 1177
5 254
5 1344
5 602
5 1347
5 932
5 568
5 441
5 175
5 159
5 273
5 135
5 448
5 830
5 24
5 168
5 854
5 1010
5 919
5 1208
5 462
5 949
5 387
5 724
5 1245
5 1025
5 1119
5 466
5 457
5 962
5 183
5 283
5 948
5 877
5 1342
5 955
5 134
5 1003
5 65
5 831
5 1092
5 990
5 727
5 1070
5 901
5 941
5 492
5 771
5 761
5 349
5 504
5 364
5 847
5 194
5 653
5 1182
5 563
5 645
5 1039
5 267
5 672
5 72
5 714
5 1256
5 710
5 1228
5 201
5 1098
5 493
5 692
5 1015
5 841
5 2
5 1131
5 274
5 442
5 868
5 170
5 926
5 1021
5 334
5 185
5 107
5 843
5 277
5 192
5 541
5 379
5 514
5 770
5 662
5 590
5 207
5 730
5 1362
5 269
5 878
5 169
5 1214
5 953
5 403
5 116
5 326
5 219
5 1191
5 562
5 835
5 1186
5 1153
5 1001
5 238
5 840
5 986
5 1359
5 623
5 911
5 1189
5 998
5 863
5 700
5 1183
5 21
5 47
5 1106
5 370
5 1332
5 988
5 1301
5 1291
5 1029
5 906
5 767
5 951
5 286
5 572
5 668
5 1210
5 551
5 1190
5 291
5 1323
5 1169
5 739
5 664
5 754
5 1133
5 479
5 324
5 1112
5 184
5 398
5 1360
5 1140
5 1293
5 706
5 591
5 482
5 1321
5 915
5 1155
5 234
5 500
5 1050
5 838
5 867
5 609
5 288
5 991
5 569
5 1139
5 765
5 1320
5 834
5 369
5 747
5 938
5 338
5 883
5 586
5 974
5 1132
5 1028
5 530
5 428
5 1004
5 512
5 1036
5 227
5 729
5 600
5 266
5 907
5 1322
5 879
5 290
5 64
5 954
5 663
5 640
5 303
5 869
5 54
5 130
5 365
5 566
5 1160
5 88
5 506
5 545
5 837
5 581
5 263
5 1346
5 1048
5 964
5 9
5 1216
5 1041
5 927
5 795
5 1110
5 973
5 588
5 917
5 246
5 741
5 67
5 151
5 865
5 1055
5 1261
5 1249
5 555
5 444
5 301
5 538
5 231
5 117
5 1378
5 1063
5 1198
5 846
5 384
5 1193
5 463
5 1007
5 505
5 233
5 930
5 354
5 351
5 957
5 1019
5 1345
5 1262
5 1290
5 577
5 534
5 547
5 1086
5 750
5 1138
5 1225
5 76
5 180
5 819
5 709
5 564
5 109
5 417
5 850
5 960
5 1376
5 1383
5 1031
5 1179
5 1304
5 641
5 458
5 1005
5 1162
5 487
5 615
5 1242
5 1064
5 515
5 694
5 111
5 1313
5 501
5 1102
5 325
5 433
5 977
5 528
5 1087
5 94
5 45
5 140
5 624
5 589
5 536
5 503
5 929
5 173
5 1309
5 443
5 744
5 1117
5 502
5 885
5 1014
5 866
5 660
5 414
5 465
5 1148
5 993
5 353
5 697
5 148
5 763
5 15
5 189
5 1195
5 520
5 607
5 70
5 891
5 1273
5 881
5 265
5 110
5 558
5 651
5 1365
5 1372
5 310
5 1103
5 759
5 485
5 315
5 1075
5 856
5 1144
5 1020
5 597
5 122
5 256
5 114
5 181
5 205
5 452
5 780
5 1201
5 685
5 630
5 1281
5 43
5 1089
5 165
5 1042
5 1163
5 11
5 252
5 826
5 810
5 713
5 1142
5 1188
5 1196
5 191
5 629
5 245
5 1276
5 416
5 643
5 106
5 982
5 999
5 196
5 153
5 1002
5 792
5 126
5 524
5 940
5 871
5 1024
5 230
5 1184
5 6
5 921
5 1094
5 889
5 976
5 722
5 1213
5 104
5 1093
5 261
5 1260
5 702
5 787
5 293
5 1277
5 400
5 579
5 187
5 7
5 934
5 96
5 947
5 599
5 678
5 631
5 1220
5 1067
5 1026
5 419
5 721
5 1341
5 1085
5 473
5 1239
5 785
5 782
5 900
5 1135
5 914
5 842
5 69
5 255
5 1107
5 399
5 478
5 1079
5 777
5 48
5 886
5 63
5 806
5 989
5 1147
5 910
5 430
5 25
5 634
5 202
5 1033
5 250
5 1136
5 1080
5 789
5 499
5 582
5 1128
5 1221
5 1181
5 380
5 959
5 143
5 1329
5 905
5 1340
5 228
5 816
5 289
5 969
5 296
5 1134
5 518
5 1060
5 560
5 1115
5 1023
5 1145
5 705
5 488
5 281
5 1173
5 768
5 845
5 1053
5 829
5 1016
5 275
5 793
5 1300
5 1176
5 1364
5 259
5 1122
5 1303
5 686
5 1369
5 523
5 809
5 1203
5 249
5 1271
5 1250
5 1394
5 533
5 1046
5 918
5 733
5 1330
5 292
5 811
5 531
5 546
5 341
5 935
5 212
5 808
5 931
5 1116
5 802
5 394
5 638
5 113
5 933
5 1224
5 828
5 317
5 712
5 1289
5 958
5 1108
5 386
5 737
5 1280
5 1370
5 1030
5 105
5 1337
5 239
5 862
5 22
5 683
5 156
5 198
5 799
5 561
5 262
5 1178
5 894
5 1385
5 133
5 272
5 513
5 1111
5 571
5 200
5 237
5 1175
5 220
5 157
5 1120
5 769
5 812
5 970
5 1324
5 3
5 385
5 279
5 532
5 210
5 280
5 459
5 1068
5 617
5 450
5 152
5 1218
5 128
5 1150
5 904
5 605
5 844
5 257
5 742
5 923
5 1018
5 636
5 732
5 1371
5 1125
5 992
5 144
5 613
5 1357
5 996
5 112
5 1229
5 393
5 1049
5 42
5 612
5 895
5 464
5 937
5 529
5 898
5 1167
5 696
5 1097
5 956
5 1152
5 434
5 764
5 1044
5 817
5 1113
5 1334
5 18
5 679
5 820
5 928
5 150
5 491
5 405
5 1278
5 902
5 1354
5 1166
5 139
5 565
5 887
5 344
5 129
5 804
5 677
5 832
5 177
5 1338
5 757
5 119
5 1082
5 892
5 897
5 199
5 657
5 158
5 1247
5 1034
5 675
5 316
5 1240
5 614
5 229
5 659
5 616
5 620
5 1381
5 83
5 1215
5 522
5 939
5 328
5 626
5 972
5 699
5 1284
5 8
5 1047
5 91
5 1363
5 412
5 853
5 162
5 439
5 79
5 674
5 1013
5 313
5 225
5 888
5 1392
5 751
5 1164
5 223
5 388
5 1172
5 1206
5 796
5 805
5 1251
5 548
5 800
5 1388
5 875
5 1057
5 149
5 822
5 1396
5 1202
5 740
5 309
5 1234
5 382
5 788
5 20
5 209
5 779
5 311
5 1325
5 285
5 363
5 304
5 138
5 92
5 745
5 1399
5 381
5 913
5 690
5 424
5 855
5 950
5 890
5 688
5 852
5 1059
5 627
5 946
5 1393
5 1235
5 422
5 622
5 797
5 1343
5 596
5 429
5 1052
5 244
5 644
5 752
5 773
5 864
5 454
5 673
5 786
5 147
5 857
5 735
5 99
5 186
5 218
5 557
5 1095
5 648
5 859
5 282
5 794
5 682
5 59
5 320
5 619
5 731
5 1308
5 738
5 361
5 603
5 1091
5 647
5 1017
5 776
5 476
5 734
5 1040
5 1088
5 58
5 912
5 371
5 155
5 601
5 1038
5 922
5 649
5 1168
5 136
5 89
5 1137
5 132
5 432
5 736
5 1400
5 621
5 1358
5 1307
5 247
5 858
5 1022
5 1398
5 1104
5 1127
5 684
5 1316
5 936
5 1096
5 118
5 778
5 392
5 825
5 423
5 146
5 211
5 766
5 489
5 718
5 756
5 1194
5 420
5 1387
5 1035
5 46
5 1174
