52 306
52 1228
52 335
52 326
52 45
52 397
52 655
52 1301
52 254
52 550
52 21
52 1142
52 133
52 798
52 1311
52 358
52 610
52 1302
52 664
52 71
52 80
52 629
52 305
52 241
52 39
52 1154
52 242
52 1039
52 1355
52 671
52 1155
52 666
52 1386
52 23
52 348
52 668
52 1109
52 55
52 145
52 366
52 534
52 1192
52 135
52 840
52 62
52 192
52 1261
52 583
52 50
52 978
52 364
52 96
52 559
52 291
52 333
52 569
52 1225
52 651
52 1076
52 900
52 1227
52 79
52 375
52 26
52 1182
52 570
52 4
52 490
52 927
52 394
52 3
52 1364
52 393
52 406
52 5
52 365
52 925
52 661
52 665
52 337
52 1099
52 347
52 331
52 457
52 527
52 308
52 217
52 383
52 72
52 324
52 346
52 1287
52 322
52 260
52 148
52 484
52 338
52 461
52 334
52 959
52 1382
52 526
52 710
52 954
52 531
52 22
52 1282
52 1254
52 180
52 1220
52 439
52 475
52 386
52 539
52 53
52 9
52 450
52 37
52 1214
52 1322
52 298
52 1139
52 171
52 445
52 547
52 256
52 509
52 1200
52 90
52 240
52 319
52 125
52 1071
52 885
52 1381
52 377
52 1105
52 89
52 1215
52 328
52 1236
52 846
52 310
52 381
52 571
52 352
52 1189
52 525
52 789
52 345
52 196
52 327
52 663
52 413
52 714
52 672
52 376
52 1198
52 1037
52 1283
52 343
52 1323
52 1262
52 965
52 568
52 440
52 1078
52 605
52 142
52 48
52 1278
52 1251
52 169
52 269
52 316
52 273
52 340
52 1313
52 514
52 1250
52 235
52 179
52 1043
52 460
52 1312
52 504
52 61
52 766
52 297
52 357
52 528
52 1383
52 98
52 459
52 1201
52 584
52 952
52 19
52 1367
52 106
52 516
52 6
52 134
52 418
52 971
52 652
52 339
52 29
52 91
52 1266
52 362
52 646
52 1237
52 447
52 74
52 10
52 207
52 990
52 633
52 261
52 564
52 191
52 442
52 1042
52 1340
52 955
52 799
52 199
52 1263
52 1359
52 943
52 243
52 485
52 1321
52 817
52 938
52 774
52 877
52 170
52 477
52 1027
52 54
52 960
52 120
52 293
52 866
52 1391
52 517
52 194
52 267
52 1085
52 537
52 119
52 1249
52 1226
52 458
52 479
52 977
52 963
52 408
52 1183
52 1133
52 391
52 398
52 399
52 109
52 332
52 606
52 657
52 784
52 1356
52 899
52 369
52 258
52 575
52 105
52 540
52 623
52 268
52 966
52 775
52 487
52 826
52 1060
52 1203
52 1171
52 1141
52 1281
52 582
52 107
52 474
52 355
52 586
52 786
52 563
52 300
52 389
52 1023
52 1370
52 1384
52 660
52 101
52 97
52 1347
52 272
52 424
52 1232
52 265
52 1361
52 176
52 1048
52 1269
52 309
52 641
52 378
52 758
52 751
52 1363
52 1083
52 463
52 1372
52 123
52 572
52 1260
52 329
52 387
52 1149
52 1031
52 1008
52 1267
52 189
52 500
52 1114
52 226
52 844
52 483
52 957
52 821
52 587
52 848
52 720
52 845
52 1080
52 70
52 177
52 1153
52 407
52 647
52 983
52 934
52 76
52 8
52 1026
52 1204
52 981
52 560
52 980
52 1030
52 222
52 472
52 1216
52 1399
52 1185
52 1107
52 1348
52 435
52 380
52 961
52 739
52 854
52 43
52 1029
52 944
52 818
52 1128
52 822
52 1230
52 64
52 653
52 224
52 762
52 219
52 183
52 498
52 887
52 294
52 611
52 404
52 609
52 1209
52 737
52 206
52 932
52 823
52 512
52 87
52 1244
52 702
52 35
52 989
52 1177
52 188
52 996
52 1275
52 95
52 847
52 857
52 462
52 49
52 1014
52 81
52 1371
52 400
52 197
52 13
52 678
52 246
52 1195
52 1202
52 562
52 412
52 675
52 255
52 926
52 154
52 962
52 178
52 153
52 449
52 787
52 38
52 763
52 1007
52 251
52 535
52 1033
52 1058
52 636
52 542
52 190
52 131
52 167
52 679
52 1210
52 1300
52 466
52 1223
52 342
52 835
52 930
52 508
52 1255
52 863
52 69
52 36
52 1081
52 669
52 707
52 75
52 1265
52 690
52 1238
52 1012
52 546
52 1146
52 311
52 1009
52 1190
52 27
52 280
52 493
52 948
52 749
52 295
52 551
52 287
52 642
52 967
52 555
52 85
52 82
52 929
52 505
52 304
52 953
52 838
52 772
52 656
52 630
52 697
52 286
52 741
52 350
52 1221
52 160
52 1135
52 819
52 1084
52 30
52 494
52 1353
52 803
52 1059
52 411
52 126
52 829
52 752
52 748
52 492
52 727
52 271
52 1034
52 833
52 1021
52 159
52 1019
52 1131
52 573
52 1106
52 939
52 754
52 34
52 1252
52 140
52 1004
52 1049
52 104
52 1003
52 769
52 979
52 974
52 558
52 299
52 314
52 478
52 1093
52 1268
52 764
52 315
52 945
52 40
52 862
52 882
52 1038
52 521
52 732
52 1175
52 585
52 607
52 628
52 670
52 659
52 203
52 73
52 1074
52 7
52 156
52 252
52 864
52 1397
52 431
52 58
52 1028
52 998
52 598
52 553
52 102
52 1331
52 1191
52 730
52 941
52 733
52 1259
52 828
52 227
52 593
52 128
52 687
52 1205
52 654
52 257
52 650
52 1086
52 277
52 841
52 1395
52 1333
52 1118
52 303
52 1318
52 502
52 467
52 729
52 1264
52 363
52 301
52 667
52 612
52 1346
52 1206
52 396
52 1366
52 842
52 1217
52 910
52 1068
52 395
52 1258
52 849
52 1368
52 11
52 65
52 414
52 112
52 336
52 922
52 1120
52 916
52 1297
52 1253
52 855
52 920
52 139
52 744
52 800
52 116
52 868
52 903
52 588
52 831
52 276
52 1050
52 1256
52 894
52 1239
52 31
52 341
52 438
52 608
52 511
52 1187
52 86
52 1125
52 66
52 513
52 600
52 683
52 204
52 1005
52 861
52 1284
52 181
52 114
52 726
52 121
52 379
52 1077
52 896
52 1158
52 382
52 761
52 437
52 988
52 1362
52 175
52 519
52 839
52 888
52 151
52 972
52 63
52 402
52 1327
52 917
52 549
52 330
52 890
52 57
52 770
52 590
52 788
52 503
52 443
52 1277
52 1121
52 1291
52 723
52 566
52 1310
52 728
52 951
52 813
52 1360
52 1184
52 193
52 1119
52 858
52 973
52 41
52 850
52 1396
52 1398
52 497
52 321
52 618
52 421
52 1248
52 1161
52 1130
52 1006
52 1339
52 17
52 1020
52 1335
52 302
52 245
52 1046
52 60
52 827
52 736
52 1145
52 626
52 187
52 591
52 631
52 373
52 1295
52 1103
52 599
52 913
52 456
52 816
52 1173
52 1110
52 94
52 645
52 765
52 234
52 1124
52 889
52 469
52 851
52 88
52 482
52 908
52 544
52 468
52 594
52 1136
52 552
52 1400
52 545
52 771
52 1276
52 515
52 1062
52 1245
52 969
52 117
52 648
52 632
52 592
52 1129
52 495
52 768
52 873
52 47
52 814
52 898
52 637
52 875
52 296
52 283
52 635
52 1151
52 2
52 780
52 638
52 84
52 523
52 1373
52 1054
52 1357
52 1272
52 1393
52 522
52 168
52 1138
52 446
52 876
52 1377
52 1299
52 93
52 1176
52 1132
52 248
52 1070
52 388
52 419
52 680
52 425
52 441
52 195
52 51
52 444
52 716
52 1159
52 67
52 698
52 994
52 1123
52 289
52 150
52 228
52 852
52 1
52 354
52 465
52 1306
52 1079
52 1286
52 949
52 533
52 1197
52 1317
52 1178
52 205
52 919
52 999
52 893
52 481
52 909
52 161
52 1288
52 624
52 543
52 1011
52 68
52 719
52 166
52 16
52 236
52 931
52 1032
52 409
52 372
52 874
52 712
52 231
52 1212
52 793
52 325
52 1369
52 1324
52 208
52 895
52 138
52 384
52 1025
52 1243
52 385
52 1188
52 44
52 681
52 1336
52 796
52 704
52 1069
52 174
52 1247
52 152
52 1273
52 1117
52 1115
52 1257
52 212
52 524
52 455
52 428
52 1073
52 984
52 432
52 33
52 410
52 872
52 658
52 1156
52 1018
52 1045
52 1392
52 715
52 115
52 1207
52 24
52 1309
52 935
52 506
52 1181
52 901
52 790
52 344
52 1241
52 1172
52 201
52 1100
52 122
52 867
52 1017
52 883
52 581
52 836
52 993
52 1072
52 1010
52 1148
52 323
52 264
52 209
52 422
52 881
52 1246
52 884
52 1365
52 923
52 1211
52 390
52 491
52 781
52 721
52 56
52 694
52 905
52 596
52 392
52 1293
52 520
52 288
52 750
52 1320
52 451
52 1294
52 1213
52 1308
52 313
52 530
52 1104
52 625
52 1024
52 809
52 221
52 318
52 907
52 1242
52 561
52 753
52 1013
52 127
52 808
52 627
52 810
52 700
52 574
52 946
52 1337
52 1314
52 18
52 1319
52 1041
52 891
52 1108
52 501
52 853
52 480
52 281
52 1274
52 184
52 1298
52 982
52 601
52 1208
52 904
52 604
52 307
52 353
52 1067
52 1090
52 956
52 216
52 734
52 812
52 274
52 282
52 1127
52 15
52 1186
52 1315
52 759
52 621
52 25
52 1193
52 454
52 433
52 992
52 173
52 230
52 760
52 518
52 1122
52 136
52 746
52 1111
52 1354
52 843
52 1352
52 427
52 1394
52 1376
52 615
52 865
52 589
52 1285
52 1270
52 1040
52 662
52 1235
52 902
52 1234
52 370
52 250
52 448
52 871
52 580
52 1015
52 1233
52 777
52 158
52 597
52 214
52 486
52 266
52 270
52 155
52 452
52 213
52 870
52 1001
52 1342
52 1101
52 149
52 985
52 1053
52 1303
52 215
52 111
52 820
52 837
52 795
52 731
52 1051
52 1385
52 1231
52 1065
52 1329
52 417
52 757
52 144
52 360
52 602
52 565
52 644
52 713
52 578
52 567
52 103
52 706
52 510
52 1179
52 1157
52 470
52 997
52 285
52 556
52 1279
52 1351
52 1349
52 554
52 987
52 947
52 691
52 595
52 785
52 232
52 182
52 940
52 1140
52 401
52 220
52 1035
52 223
52 1147
52 1374
52 696
52 218
52 1098
52 351
52 743
52 1044
52 129
52 1066
52 692
52 1341
52 1016
52 473
52 914
52 108
52 928
52 557
52 1390
52 1378
52 32
52 426
52 1075
52 312
52 507
52 676
52 1387
52 1116
52 937
52 249
52 1332
52 124
52 824
52 1055
52 991
52 292
52 1056
52 415
52 186
52 886
52 717
52 434
52 970
52 28
52 1160
52 146
52 897
52 1022
52 1389
52 783
52 617
52 619
52 113
52 157
52 911
52 1126
52 776
52 936
52 880
52 1325
52 975
52 577
52 1292
52 576
52 639
52 263
52 225
52 906
52 137
52 1304
52 735
52 1344
52 284
52 1343
52 782
52 767
52 210
52 464
52 579
52 416
52 1375
52 674
52 420
52 797
52 349
52 1271
52 12
52 703
52 976
52 279
52 233
52 802
52 356
52 211
52 110
52 722
52 791
52 915
52 755
52 689
52 496
52 1002
52 368
52 1150
52 688
52 1063
52 1064
52 1219
52 830
52 164
52 1330
52 1345
52 1144
52 1222
52 247
52 1307
52 1305
52 290
52 801
52 132
52 695
52 1061
52 779
52 950
52 538
52 892
52 673
52 1218
52 1328
52 244
52 1047
52 1057
52 1224
52 807
52 964
52 1196
52 320
52 699
52 693
52 361
52 198
52 238
52 143
52 275
52 229
52 933
52 77
52 778
52 403
52 1162
52 147
52 912
52 705
52 986
52 832
52 856
52 860
52 141
52 239
52 237
52 100
52 367
52 1094
52 878
52 1036
52 1388
52 130
52 162
52 1143
52 756
52 773
52 684
52 165
52 1000
52 548
52 1167
52 640
52 1199
52 869
52 747
52 740
52 686
52 172
52 677
52 709
52 536
52 532
52 1087
52 1089
52 430
52 436
52 359
52 1082
52 701
52 200
52 924
52 1334
52 1326
52 711
52 745
52 1165
52 603
52 529
52 52
52 942
52 253
52 742
52 541
52 792
52 643
52 476
52 499
52 859
52 1229
52 1280
52 371
52 616
52 453
52 634
52 1289
52 685
52 1358
52 1240
52 1296
52 918
52 92
52 815
52 725
52 1134
52 622
52 1180
52 834
52 1052
52 613
52 921
52 1338
52 1113
52 794
52 1163
52 1088
52 185
52 278
52 163
52 1350
52 1169
52 59
52 1316
52 202
52 958
52 1112
52 724
52 78
52 1095
52 1168
52 1166
52 374
52 429
52 489
52 1379
52 805
52 738
52 825
52 620
52 488
52 317
52 1380
52 423
52 46
52 1091
52 14
52 879
52 1152
52 806
52 259
52 1137
52 1092
52 1164
52 42
52 1170
52 99
52 682
52 804
52 614
52 708
52 20
52 811
52 118
52 968
52 1290
52 1174
52 649
52 83
52 1102
52 262
52 1096
52 1097
52 1194
52 405
52 718
