61 352
61 854
61 560
61 435
61 789
61 333
61 570
61 564
61 1185
61 974
61 666
61 509
61 944
61 1230
61 1254
61 306
61 269
61 23
61 22
61 240
61 635
61 559
61 1105
61 784
61 338
61 365
61 98
61 850
61 1393
61 276
61 1263
61 1192
61 1237
61 364
61 664
61 1078
61 628
61 62
61 605
61 539
61 656
61 1283
61 1313
61 1372
61 550
61 267
61 71
61 582
61 754
61 633
61 303
61 846
61 511
61 978
61 971
61 135
61 1364
61 786
61 125
61 546
61 37
61 383
61 260
61 305
61 234
61 661
61 308
61 522
61 170
61 61
61 5
61 148
61 375
61 963
61 1149
61 29
61 176
61 1176
61 493
61 1039
61 979
61 332
61 179
61 378
61 733
61 158
61 343
61 989
61 145
61 123
61 927
61 697
61 34
61 586
61 765
61 386
61 988
61 1200
61 335
61 569
61 980
61 1269
61 1021
61 763
61 922
61 1355
61 217
61 955
61 629
61 384
61 348
61 926
61 169
61 1139
61 109
61 952
61 1158
61 407
61 1183
61 1359
61 934
61 1262
61 226
61 992
61 1386
61 485
61 672
61 595
61 848
61 1253
61 87
61 575
61 140
61 72
61 1159
61 13
61 1133
61 50
61 553
61 571
61 1008
61 1145
61 256
61 847
61 183
61 751
61 954
61 358
61 973
61 623
61 138
61 490
61 1234
61 340
61 144
61 354
61 584
61 366
61 1226
61 651
61 817
61 1221
61 525
61 387
61 414
61 566
61 106
61 1264
61 112
61 1268
61 885
61 591
61 1348
61 517
61 428
61 1367
61 1216
61 69
61 1301
61 213
61 119
61 526
61 599
61 1258
61 21
61 1045
61 994
61 142
61 864
61 669
61 370
61 868
61 668
61 787
61 966
61 6
61 310
61 1214
61 1175
61 1099
61 1251
61 572
61 190
61 764
61 1058
61 131
61 1228
61 1256
61 1227
61 487
61 798
61 694
61 636
61 483
61 398
61 1046
61 171
61 1107
61 212
61 48
61 389
61 192
61 533
61 175
61 353
61 647
61 1109
61 527
61 1004
61 300
61 337
61 221
61 120
61 393
61 939
61 655
61 890
61 472
61 555
61 272
61 1299
61 282
61 1031
61 1125
61 1201
61 372
61 45
61 1195
61 450
61 1142
61 154
61 413
61 663
61 327
61 774
61 355
61 457
61 1318
61 1276
61 167
61 707
61 841
61 1236
61 1265
61 744
61 970
61 1302
61 424
61 1124
61 1081
61 1335
61 932
61 947
61 1161
61 1282
61 1381
61 242
61 803
61 1177
61 1190
61 969
61 972
61 549
61 1336
61 887
61 178
61 610
61 1315
61 104
61 1151
61 816
61 215
61 283
61 861
61 19
61 762
61 800
61 101
61 241
61 408
61 855
61 900
61 1068
61 1143
61 1204
61 224
61 967
61 1288
61 758
61 730
61 671
61 1363
61 514
61 601
61 1210
61 122
61 587
61 946
61 641
61 831
61 160
61 512
61 993
61 149
61 1077
61 298
61 1198
61 665
61 153
61 500
61 216
61 537
61 274
61 505
61 394
61 497
61 1327
61 1278
61 1069
61 568
61 299
61 258
61 95
61 990
61 627
61 177
61 889
61 498
61 938
61 1042
61 18
61 273
61 826
61 1074
61 432
61 1267
61 1261
61 346
61 1292
61 519
61 1322
61 1178
61 391
61 51
61 97
61 480
61 1286
61 714
61 399
61 959
61 254
61 1034
61 107
61 1171
61 788
61 528
61 1129
61 1340
61 136
61 935
61 1050
61 981
61 1059
61 690
61 886
61 235
61 1043
61 612
61 133
61 710
61 1136
61 1084
61 27
61 369
61 280
61 1356
61 653
61 960
61 520
61 547
61 134
61 328
61 180
61 1119
61 776
61 592
61 828
61 1277
61 156
61 245
61 248
61 659
61 279
61 1037
61 228
61 89
61 1049
61 1072
61 965
61 1374
61 347
61 606
61 460
61 631
61 961
61 687
61 1026
61 624
61 36
61 772
61 583
61 903
61 736
61 181
61 1307
61 1028
61 683
61 1250
61 295
61 1153
61 838
61 1098
61 437
61 1118
61 8
61 161
61 467
61 1392
61 339
61 1104
61 662
61 412
61 842
61 1249
61 116
61 297
61 1010
61 268
61 1399
61 90
61 1135
61 1155
61 139
61 603
61 1319
61 210
61 646
61 843
61 1225
61 717
61 76
61 26
61 696
61 1062
61 319
61 1239
61 1382
61 596
61 766
61 88
61 799
61 808
61 1114
61 168
61 196
61 473
61 508
61 150
61 1328
61 982
61 1352
61 304
61 1326
61 1362
61 793
61 607
61 1009
61 951
61 1085
61 68
61 700
61 302
61 114
61 604
61 188
61 1243
61 318
61 438
61 999
61 1238
61 1191
61 277
61 844
61 821
61 823
61 561
61 82
61 49
61 286
61 516
61 983
61 819
61 491
61 266
61 1146
61 1312
61 246
61 852
61 376
61 1331
61 1208
61 1027
61 518
61 1202
61 818
61 105
61 1323
61 55
61 117
61 263
61 102
61 1397
61 326
61 1398
61 157
61 1353
61 495
61 261
61 692
61 173
61 197
61 1391
61 1187
61 1108
61 1311
61 945
61 929
61 1211
61 294
61 888
61 222
61 1207
61 1033
61 494
61 24
61 459
61 1156
61 942
61 702
61 357
61 1014
61 1138
61 289
61 611
61 1275
61 1294
61 1378
61 191
61 670
61 680
61 962
61 648
61 1083
61 164
61 377
61 953
61 770
61 1029
61 397
61 542
61 1123
61 608
61 642
61 1140
61 1252
61 243
61 1274
61 1303
61 645
61 996
61 1188
61 421
61 396
61 829
61 573
61 652
61 1396
61 193
61 362
61 9
61 39
61 551
61 447
61 827
61 851
61 60
61 1387
61 425
61 891
61 814
61 877
61 732
61 1106
61 1067
61 31
61 454
61 225
61 350
61 43
61 987
61 1130
61 920
61 626
61 1351
61 524
61 381
61 301
61 456
61 769
61 840
61 1076
61 845
61 908
61 1182
61 219
61 1005
61 400
61 761
61 1154
61 1060
61 91
61 1385
61 752
61 1003
61 721
61 103
61 207
61 331
61 695
61 535
61 1007
61 475
61 86
61 1040
61 578
61 85
61 1287
61 194
61 521
61 678
61 288
61 35
61 33
61 726
61 291
61 1080
61 895
61 3
61 25
61 930
61 1395
61 911
61 431
61 468
61 159
61 128
61 1011
61 1157
61 465
61 531
61 796
61 392
61 1223
61 199
61 309
61 1001
61 1186
61 84
61 1079
61 552
61 739
61 931
61 80
61 442
61 715
61 482
61 737
61 977
61 342
61 1339
61 1215
61 916
61 585
61 637
61 56
61 1093
61 411
61 264
61 420
61 1189
61 409
61 1305
61 1111
61 515
61 439
61 53
61 545
61 251
61 1070
61 330
61 1086
61 1094
61 203
61 230
61 1373
61 1297
61 461
61 506
61 896
61 1121
61 998
61 1293
61 96
61 894
61 1141
61 311
61 32
61 182
61 1260
61 334
61 1006
61 1349
61 741
61 257
61 775
61 917
61 406
61 380
61 1022
61 865
61 1360
61 863
61 1310
61 368
61 379
61 734
61 477
61 208
61 481
61 1383
61 341
61 698
61 513
61 1342
61 905
61 609
61 1023
61 395
61 984
61 716
61 1330
61 1300
61 434
61 750
61 1115
61 544
61 1371
61 1162
61 581
61 835
61 1333
61 1120
61 444
61 593
61 57
61 630
61 236
61 691
61 704
61 458
61 901
61 1213
61 1368
61 206
61 919
61 270
61 728
61 323
61 469
61 836
61 735
61 727
61 621
61 250
61 563
61 433
61 507
61 322
61 948
61 1218
61 873
61 1347
61 510
61 1361
61 925
61 866
61 1019
61 11
61 345
61 747
61 650
61 1057
61 540
61 1273
61 451
61 446
61 504
61 742
61 785
61 415
61 1369
61 184
61 660
61 871
61 443
61 588
61 731
61 1197
61 445
61 1025
61 329
61 1
61 77
61 410
61 4
61 75
61 285
61 857
61 1217
61 1231
61 174
61 474
61 1246
61 1205
61 1056
61 1089
61 166
61 602
61 440
61 991
61 70
61 1284
61 813
61 1165
61 1314
61 1038
61 574
61 523
61 853
61 1209
61 1370
61 1203
61 771
61 363
61 479
61 589
61 336
61 152
61 1147
61 759
61 41
61 30
61 314
61 1117
61 1179
61 321
61 1012
61 837
61 126
61 625
61 17
61 38
61 419
61 404
61 657
61 1048
61 812
61 957
61 860
61 40
61 402
61 822
61 209
61 1255
61 227
61 801
61 1266
61 1013
61 1270
61 679
61 385
61 1061
61 81
61 1325
61 757
61 755
61 1366
61 893
61 1354
61 1173
61 809
61 373
61 1103
61 689
61 79
61 486
61 1271
61 463
61 1304
61 693
61 1259
61 858
61 351
61 590
61 313
61 534
61 452
61 47
61 65
61 675
61 949
61 1095
61 1110
61 598
61 1126
61 10
61 1219
61 1002
61 1248
61 146
61 839
61 436
61 315
61 324
61 1172
61 1181
61 293
61 1047
61 1090
61 1180
61 492
61 557
61 58
61 189
61 567
61 956
61 777
61 1193
61 296
61 849
61 1390
61 1024
61 797
61 422
61 44
61 1073
61 441
61 790
61 1148
61 247
61 2
61 833
61 93
61 943
61 1196
61 719
61 1317
61 1065
61 749
61 418
61 390
61 910
61 1020
61 1017
61 64
61 676
61 478
61 618
61 1054
61 1055
61 316
61 92
61 426
61 1122
61 502
61 1053
61 66
61 1329
61 16
61 484
61 1247
61 958
61 914
61 1131
61 416
61 462
61 941
61 915
61 795
61 54
61 198
61 1377
61 1279
61 562
61 1071
61 907
61 427
61 1015
61 1064
61 898
61 913
61 909
61 876
61 904
61 643
61 746
61 1206
61 667
61 172
61 464
61 121
61 1244
61 287
61 1032
61 617
61 1281
61 594
61 760
61 1242
61 638
61 1128
61 63
61 1220
61 912
61 100
61 265
61 1308
61 211
61 1100
61 344
61 556
61 565
61 928
61 1232
61 1066
61 388
61 1389
61 881
61 1101
61 162
61 720
61 1127
61 232
61 449
61 1044
61 686
61 231
61 214
61 382
61 1345
61 1030
61 205
61 985
61 632
61 501
61 654
61 1291
61 349
61 229
61 897
61 899
61 810
61 597
61 455
61 673
61 802
61 12
61 127
61 67
61 52
61 1052
61 401
61 706
61 1212
61 937
61 725
61 1233
61 883
61 1241
61 1132
61 1309
61 111
61 1295
61 74
61 73
61 195
61 233
61 529
61 1375
61 834
61 1164
61 536
61 699
61 1306
61 290
61 1343
61 986
61 964
61 576
61 820
61 252
61 1063
61 1321
61 1035
61 615
61 780
61 748
61 658
61 325
61 360
61 580
61 255
61 644
61 745
61 271
61 824
61 712
61 94
61 543
61 532
61 924
61 768
61 1384
61 1144
61 356
61 791
61 238
61 862
61 253
61 1357
61 147
61 874
61 244
61 1400
61 1150
61 1337
61 639
61 729
61 600
61 902
61 1199
61 281
61 143
61 1346
61 249
61 1272
61 778
61 936
61 997
61 151
61 538
61 361
61 466
61 1365
61 743
61 239
61 554
61 709
61 187
61 7
61 115
61 681
61 723
61 1134
61 688
61 1394
61 783
61 1298
61 713
61 674
61 1380
61 448
61 577
61 1376
61 884
61 684
61 773
61 470
61 1041
61 1324
61 781
61 108
61 976
61 1350
61 830
61 137
61 307
61 923
61 1051
61 792
61 782
61 15
61 859
61 579
61 1116
61 1332
61 1379
61 292
61 223
61 807
61 1388
61 880
61 275
61 753
61 711
61 634
61 875
61 950
61 558
61 1163
61 616
61 870
61 155
61 367
61 882
61 640
61 185
61 186
61 499
61 200
61 124
61 619
61 132
61 705
61 703
61 975
61 503
61 856
61 940
61 1167
61 430
61 1075
61 1016
61 906
61 1222
61 1224
61 237
61 453
61 1285
61 622
61 1280
61 129
61 403
61 869
61 1018
61 163
61 613
61 815
61 1000
61 738
61 724
61 756
61 872
61 1112
61 918
61 1184
61 548
61 204
61 1344
61 530
61 312
61 968
61 767
61 1341
61 1166
61 78
61 1289
61 1257
61 779
61 110
61 879
61 878
61 811
61 1036
61 1168
61 541
61 1160
61 220
61 141
61 218
61 284
61 1082
61 476
61 708
61 1169
61 165
61 1092
61 740
61 1296
61 262
61 42
61 1245
61 417
61 1320
61 1338
61 201
61 677
61 867
61 701
61 488
61 28
61 371
61 496
61 1102
61 130
61 1091
61 1113
61 722
61 649
61 685
61 804
61 320
61 1087
61 118
61 278
61 1235
61 429
61 1152
61 359
61 59
61 805
61 933
61 1229
61 423
61 1088
61 1334
61 832
61 892
61 14
61 921
61 1170
61 806
61 374
61 46
61 317
61 614
61 1137
61 825
61 259
61 202
61 1240
61 1290
61 113
61 20
61 1358
61 405
61 1316
61 682
61 620
61 99
61 489
61 794
61 83
61 1097
61 1174
61 1096
61 1194
61 718
