62 23
62 105
62 375
62 381
62 106
62 133
62 774
62 721
62 787
62 3
62 72
62 1149
62 854
62 965
62 18
62 1355
62 116
62 1278
62 352
62 48
62 389
62 659
62 990
62 629
62 261
62 672
62 1283
62 490
62 786
62 104
62 326
62 547
62 175
62 382
62 4
62 1076
62 977
62 973
62 475
62 192
62 306
62 559
62 1039
62 938
62 1254
62 846
62 978
62 217
62 331
62 1382
62 242
62 664
62 971
62 784
62 148
62 333
62 754
62 383
62 671
62 29
62 62
62 528
62 653
62 408
62 413
62 485
62 340
62 533
62 277
62 631
62 848
62 5
62 145
62 954
62 1182
62 531
62 1175
62 569
62 1154
62 605
62 341
62 989
62 842
62 636
62 666
62 1201
62 1256
62 697
62 987
62 803
62 1105
62 1171
62 378
62 366
62 1386
62 1038
62 1107
62 80
62 926
62 55
62 364
62 457
62 558
62 39
62 140
62 1142
62 358
62 45
62 276
62 71
62 257
62 591
62 1230
62 592
62 1251
62 21
62 570
62 710
62 74
62 180
62 891
62 988
62 335
62 407
62 512
62 393
62 196
62 845
62 967
62 1192
62 203
62 272
62 1223
62 61
62 1225
62 1109
62 1301
62 199
62 551
62 324
62 661
62 1311
62 1353
62 1139
62 1381
62 76
62 847
62 737
62 483
62 1261
62 112
62 789
62 301
62 474
62 171
62 750
62 1339
62 191
62 850
62 377
62 736
62 944
62 424
62 224
62 89
62 477
62 1258
62 527
62 258
62 53
62 885
62 365
62 308
62 927
62 299
62 1145
62 949
62 19
62 765
62 1306
62 763
62 550
62 900
62 348
62 1302
62 963
62 617
62 458
62 1067
62 240
62 1249
62 269
62 338
62 157
62 1183
62 1292
62 435
62 386
62 555
62 298
62 608
62 788
62 584
62 775
62 1195
62 347
62 1340
62 504
62 766
62 525
62 460
62 571
62 1250
62 461
62 438
62 1348
62 131
62 539
62 1173
62 827
62 798
62 930
62 564
62 1198
62 943
62 241
62 611
62 1044
62 282
62 154
62 857
62 922
62 647
62 505
62 1114
62 776
62 339
62 993
62 255
62 1042
62 1352
62 762
62 256
62 514
62 974
62 1124
62 397
62 952
62 189
62 346
62 1269
62 800
62 1392
62 1062
62 179
62 254
62 222
62 526
62 425
62 1383
62 1354
62 212
62 546
62 947
62 654
62 910
62 1021
62 135
62 516
62 1155
62 218
62 343
62 226
62 931
62 698
62 1034
62 593
62 243
62 357
62 604
62 487
62 369
62 399
62 1043
62 1141
62 945
62 459
62 98
62 1368
62 1009
62 178
62 665
62 120
62 176
62 1115
62 173
62 450
62 305
62 50
62 1267
62 785
62 1236
62 984
62 1159
62 1106
62 1234
62 1202
62 432
62 844
62 759
62 234
62 610
62 648
62 1373
62 1135
62 206
62 384
62 125
62 310
62 758
62 821
62 1233
62 934
62 322
62 853
62 655
62 1359
62 1244
62 586
62 642
62 920
62 1227
62 492
62 812
62 1046
62 1200
62 764
62 1006
62 1263
62 582
62 896
62 515
62 446
62 1366
62 929
62 652
62 1058
62 816
62 267
62 394
62 452
62 852
62 22
62 771
62 606
62 641
62 1363
62 966
62 297
62 1185
62 1078
62 999
62 651
62 513
62 1327
62 1081
62 510
62 972
62 1282
62 9
62 498
62 932
62 669
62 96
62 447
62 769
62 1313
62 1190
62 260
62 1010
62 1118
62 770
62 1266
62 633
62 54
62 142
62 1004
62 387
62 174
62 913
62 1318
62 826
62 337
62 540
62 291
62 744
62 398
62 696
62 354
62 1204
62 362
62 86
62 1322
62 863
62 522
62 155
62 1084
62 727
62 657
62 960
62 127
62 1275
62 508
62 1253
62 1347
62 279
62 430
62 1268
62 1364
62 1156
62 583
62 1237
62 479
62 1214
62 160
62 1099
62 289
62 568
62 144
62 97
62 215
62 690
62 612
62 1294
62 1119
62 1129
62 287
62 509
62 493
62 162
62 1221
62 761
62 941
62 970
62 1037
62 1216
62 535
62 107
62 961
62 687
62 1262
62 32
62 668
62 1054
62 1085
62 1393
62 443
62 197
62 1059
62 411
62 560
62 58
62 400
62 607
62 239
62 1186
62 431
62 51
62 87
62 733
62 334
62 1060
62 1351
62 1300
62 273
62 566
62 73
62 139
62 948
62 1031
62 523
62 519
62 840
62 511
62 1291
62 303
62 979
62 27
62 391
62 1367
62 567
62 1231
62 95
62 225
62 478
62 1270
62 1370
62 426
62 177
62 264
62 129
62 309
62 1133
62 151
62 235
62 319
62 1001
62 985
62 831
62 323
62 248
62 889
62 169
62 404
62 332
62 300
62 1210
62 912
62 37
62 814
62 646
62 650
62 91
62 599
62 749
62 1329
62 534
62 1079
62 1228
62 1226
62 228
62 1172
62 529
62 562
62 1297
62 328
62 266
62 1397
62 1003
62 808
62 627
62 1395
62 1232
62 67
62 994
62 380
62 1299
62 1161
62 69
62 819
62 618
62 813
62 935
62 442
62 1074
62 919
62 1399
62 959
62 65
62 268
62 1235
62 1312
62 8
62 537
62 345
62 1319
62 43
62 588
62 1209
62 964
62 822
62 1050
62 70
62 1331
62 183
62 598
62 1125
62 1083
62 1303
62 1191
62 741
62 702
62 521
62 864
62 660
62 888
62 680
62 1101
62 88
62 34
62 84
62 1070
62 216
62 1323
62 692
62 114
62 136
62 732
62 56
62 553
62 1147
62 1069
62 1007
62 575
62 901
62 221
62 624
62 433
62 1247
62 194
62 663
62 188
62 694
62 1238
62 246
62 700
62 1005
62 1048
62 168
62 936
62 714
62 1071
62 109
62 90
62 793
62 13
62 861
62 6
62 122
62 980
62 1123
62 484
62 828
62 868
62 66
62 955
62 751
62 561
62 232
62 998
62 563
62 877
62 632
62 1162
62 47
62 890
62 10
62 1143
62 1157
62 167
62 1008
62 992
62 454
62 772
62 841
62 715
62 795
62 170
62 101
62 1274
62 1022
62 85
62 1176
62 205
62 887
62 976
62 406
62 1391
62 1220
62 1130
62 1357
62 838
62 1362
62 823
62 545
62 1246
62 1077
62 81
62 843
62 213
62 1398
62 1033
62 791
62 138
62 895
62 897
62 60
62 572
62 752
62 953
62 656
62 851
62 1284
62 472
62 64
62 1277
62 1151
62 134
62 638
62 1372
62 996
62 468
62 1121
62 596
62 117
62 208
62 1208
62 1177
62 683
62 128
62 1103
62 544
62 548
62 314
62 467
62 1110
62 925
62 707
62 1361
62 1153
62 946
62 164
62 392
62 578
62 716
62 311
62 1023
62 829
62 542
62 428
62 911
62 962
62 1328
62 748
62 1285
62 1011
62 161
62 119
62 799
62 1045
62 207
62 886
62 678
62 111
62 1272
62 25
62 1259
62 17
62 1179
62 1356
62 1146
62 494
62 26
62 717
62 1243
62 57
62 414
62 63
62 969
62 595
62 1378
62 1265
62 193
62 601
62 830
62 1248
62 1400
62 1212
62 40
62 1126
62 156
62 1371
62 676
62 543
62 2
62 1131
62 835
62 755
62 1024
62 981
62 250
62 1286
62 1343
62 986
62 1197
62 1333
62 916
62 409
62 449
62 158
62 336
62 644
62 1217
62 1136
62 628
62 36
62 616
62 1028
62 894
62 855
62 1027
62 470
62 1104
62 589
62 1276
62 462
62 626
62 739
62 937
62 500
62 159
62 956
62 1020
62 497
62 327
62 1349
62 75
62 1218
62 915
62 704
62 839
62 123
62 780
62 376
62 662
62 730
62 723
62 451
62 271
62 312
62 1073
62 1188
62 1117
62 370
62 1065
62 1178
62 355
62 1206
62 351
62 1029
62 587
62 836
62 153
62 712
62 524
62 1273
62 422
62 635
62 94
62 1205
62 1014
62 1293
62 263
62 379
62 713
62 502
62 349
62 427
62 818
62 1326
62 79
62 296
62 1094
62 274
62 126
62 1120
62 41
62 115
62 1187
62 1138
62 325
62 363
62 790
62 307
62 675
62 1215
62 1211
62 1189
62 517
62 31
62 1360
62 928
62 1396
62 1026
62 251
62 1257
62 77
62 997
62 796
62 882
62 917
62 245
62 1140
62 621
62 1148
62 728
62 412
62 372
62 1377
62 1165
62 163
62 520
62 1288
62 52
62 817
62 1325
62 420
62 689
62 219
62 473
62 7
62 1053
62 1239
62 445
62 983
62 1287
62 210
62 809
62 742
62 15
62 858
62 693
62 1321
62 1252
62 190
62 1315
62 1132
62 686
62 507
62 1335
62 923
62 49
62 35
62 1116
62 1384
62 1051
62 1260
62 231
62 227
62 329
62 294
62 951
62 880
62 899
62 597
62 884
62 1000
62 1365
62 1019
62 150
62 1346
62 982
62 353
62 465
62 1213
62 68
62 734
62 1080
62 368
62 600
62 321
62 1309
62 38
62 810
62 1012
62 1281
62 506
62 903
62 229
62 615
62 1307
62 302
62 421
62 782
62 182
62 402
62 1068
62 1086
62 802
62 1127
62 940
62 1255
62 634
62 1387
62 439
62 1385
62 549
62 867
62 419
62 304
62 275
62 576
62 166
62 1158
62 833
62 1072
62 495
62 318
62 1041
62 565
62 1222
62 743
62 482
62 874
62 1324
62 501
62 1264
62 731
62 342
62 464
62 602
62 1100
62 623
62 939
62 778
62 777
62 1056
62 395
62 1317
62 1344
62 288
62 1064
62 643
62 252
62 1390
62 1219
62 481
62 1305
62 1310
62 230
62 434
62 295
62 437
62 585
62 622
62 82
62 356
62 280
62 807
62 1128
62 236
62 249
62 908
62 396
62 590
62 905
62 924
62 556
62 957
62 872
62 1320
62 1108
62 1193
62 709
62 637
62 469
62 373
62 695
62 726
62 418
62 290
62 16
62 781
62 904
62 1030
62 1025
62 779
62 204
62 518
62 1241
62 238
62 1342
62 1203
62 440
62 1066
62 1111
62 942
62 456
62 1150
62 270
62 760
62 24
62 214
62 108
62 152
62 873
62 441
62 463
62 1389
62 93
62 1093
62 410
62 735
62 1336
62 536
62 141
62 768
62 898
62 1271
62 286
62 720
62 871
62 30
62 670
62 466
62 417
62 103
62 876
62 360
62 609
62 685
62 1163
62 603
62 719
62 783
62 401
62 801
62 866
62 1095
62 247
62 200
62 688
62 1166
62 869
62 1032
62 1113
62 1015
62 33
62 573
62 1330
62 703
62 491
62 480
62 1090
62 1181
62 146
62 797
62 292
62 1
62 1374
62 1055
62 121
62 113
62 837
62 1098
62 1049
62 385
62 1035
62 860
62 1112
62 1196
62 1314
62 630
62 149
62 902
62 1082
62 444
62 747
62 211
62 44
62 773
62 1375
62 350
62 293
62 679
62 1016
62 619
62 102
62 198
62 883
62 1338
62 187
62 1184
62 316
62 1369
62 757
62 1341
62 729
62 699
62 283
62 1036
62 11
62 725
62 1040
62 711
62 1308
62 879
62 1091
62 722
62 223
62 691
62 909
62 767
62 201
62 552
62 367
62 42
62 577
62 1289
62 1089
62 1122
62 530
62 859
62 1207
62 991
62 849
62 907
62 975
62 1144
62 1063
62 914
62 315
62 1229
62 281
62 436
62 1350
62 594
62 574
62 658
62 209
62 1345
62 581
62 881
62 1337
62 124
62 181
62 143
62 667
62 1304
62 1376
62 476
62 918
62 1018
62 870
62 1332
62 1167
62 674
62 613
62 110
62 865
62 184
62 390
62 284
62 681
62 554
62 195
62 1092
62 233
62 579
62 165
62 815
62 1298
62 580
62 856
62 701
62 415
62 639
62 320
62 753
62 92
62 862
62 532
62 794
62 59
62 1047
62 1164
62 792
62 806
62 673
62 503
62 285
62 1224
62 893
62 496
62 1245
62 423
62 1280
62 455
62 708
62 361
62 100
62 684
62 147
62 330
62 137
62 1017
62 388
62 374
62 557
62 1240
62 1394
62 538
62 78
62 1013
62 253
62 625
62 1388
62 706
62 740
62 645
62 1242
62 237
62 220
62 448
62 1075
62 499
62 1061
62 1358
62 824
62 416
62 746
62 1102
62 950
62 745
62 486
62 834
62 186
62 1057
62 805
62 172
62 371
62 12
62 705
62 614
62 906
62 265
62 620
62 1295
62 403
62 1088
62 878
62 1380
62 344
62 1279
62 359
62 640
62 820
62 958
62 118
62 1316
62 1199
62 1087
62 313
62 1002
62 738
62 244
62 28
62 1180
62 429
62 453
62 682
62 677
62 756
62 1152
62 1137
62 1134
62 278
62 968
62 832
62 132
62 130
62 14
62 1296
62 1160
62 1379
62 541
62 1169
62 811
62 1168
62 875
62 724
62 1170
62 1052
62 933
62 921
62 1334
62 1290
62 99
62 259
62 185
62 892
62 20
62 317
62 804
62 488
62 202
62 825
62 262
62 83
62 46
62 649
62 1194
62 489
62 405
62 1097
62 1096
62 1174
62 718
