63 990
63 631
63 1381
63 1352
63 989
63 175
63 533
63 375
63 763
63 988
63 1256
63 18
63 23
63 993
63 629
63 1355
63 973
63 277
63 308
63 721
63 547
63 272
63 1292
63 636
63 686
63 696
63 812
63 848
63 212
63 692
63 1107
63 624
63 133
63 697
63 386
63 774
63 106
63 1042
63 1156
63 1149
63 816
63 261
63 282
63 354
63 254
63 605
63 1195
63 971
63 1022
63 239
63 912
63 3
63 569
63 1145
63 226
63 1104
63 142
63 89
63 947
63 1201
63 384
63 638
63 222
63 1038
63 96
63 512
63 857
63 1351
63 326
63 736
63 926
63 279
63 970
63 672
63 784
63 242
63 225
63 800
63 88
63 776
63 1230
63 1091
63 938
63 352
63 435
63 1278
63 885
63 972
63 1115
63 1175
63 659
63 76
63 678
63 485
63 1325
63 61
63 522
63 199
63 1004
63 276
63 787
63 393
63 791
63 854
63 765
63 306
63 1171
63 1276
63 29
63 1166
63 62
63 566
63 382
63 1340
63 978
63 671
63 513
63 838
63 999
63 1283
63 647
63 131
63 176
63 595
63 661
63 136
63 1062
63 694
63 710
63 1231
63 196
63 888
63 984
63 764
63 438
63 1398
63 592
63 1021
63 174
63 1392
63 269
63 1387
63 655
63 808
63 520
63 173
63 9
63 546
63 766
63 378
63 171
63 492
63 846
63 508
63 1234
63 514
63 408
63 407
63 845
63 974
63 74
63 1143
63 48
63 555
63 1319
63 1045
63 1353
63 560
63 946
63 347
63 769
63 1258
63 1326
63 1173
63 72
63 258
63 340
63 900
63 992
63 1159
63 4
63 683
63 1218
63 192
63 381
63 1307
63 289
63 965
63 528
63 793
63 71
63 1077
63 120
63 531
63 648
63 1232
63 1114
63 104
63 420
63 189
63 105
63 1343
63 1067
63 1348
63 847
63 1124
63 177
63 954
63 788
63 1227
63 55
63 1162
63 967
63 591
63 411
63 5
63 634
63 1329
63 1251
63 758
63 666
63 987
63 338
63 1010
63 529
63 301
63 348
63 931
63 942
63 1200
63 1393
63 1182
63 1188
63 803
63 256
63 786
63 612
63 702
63 39
63 1135
63 1094
63 164
63 687
63 234
63 693
63 1214
63 525
63 911
63 598
63 58
63 1274
63 343
63 1105
63 389
63 179
63 364
63 331
63 145
63 1311
63 112
63 198
63 780
63 1076
63 1106
63 1205
63 353
63 949
63 593
63 887
63 519
63 567
63 822
63 1270
63 675
63 559
63 1395
63 1139
63 240
63 116
63 357
63 1059
63 759
63 994
63 19
63 1339
63 1323
63 140
63 218
63 948
63 431
63 1386
63 891
63 571
63 215
63 158
63 928
63 426
63 1190
63 1249
63 1009
63 627
63 358
63 1157
63 21
63 715
63 398
63 932
63 245
63 1133
63 443
63 570
63 664
63 217
63 1176
63 1039
63 114
63 930
63 432
63 287
63 424
63 413
63 1350
63 1313
63 751
63 366
63 80
63 125
63 698
63 50
63 690
63 224
63 148
63 1064
63 1095
63 962
63 77
63 797
63 890
63 1225
63 1178
63 915
63 754
63 986
63 139
63 511
63 1161
63 1177
63 604
63 558
63 430
63 608
63 852
63 1318
63 864
63 733
63 894
63 268
63 789
63 178
63 850
63 1060
63 1001
63 597
63 310
63 346
63 712
63 1069
63 842
63 45
63 1118
63 260
63 617
63 1282
63 1046
63 527
63 193
63 945
63 1101
63 929
63 243
63 1005
63 32
63 98
63 1269
63 861
63 229
63 483
63 1078
63 886
63 907
63 727
63 564
63 197
63 399
63 773
63 516
63 337
63 1250
63 400
63 370
63 1125
63 839
63 963
63 772
63 1300
63 1356
63 1070
63 650
63 1172
63 1354
63 333
63 927
63 1306
63 392
63 1212
63 144
63 213
63 1315
63 1130
63 922
63 1257
63 168
63 203
63 312
63 232
63 387
63 52
63 858
63 510
63 377
63 641
63 138
63 332
63 1268
63 1151
63 1081
63 1254
63 985
63 1223
63 1267
63 550
63 267
63 544
63 944
63 1136
63 1265
63 717
63 1336
63 551
63 588
63 298
63 1050
63 505
63 255
63 934
63 1109
63 553
63 565
63 56
63 998
63 750
63 1034
63 1147
63 526
63 1244
63 952
63 1247
63 982
63 69
63 1253
63 22
63 707
63 737
63 795
63 1191
63 603
63 897
63 274
63 205
63 1144
63 1119
63 823
63 1209
63 1347
63 146
63 827
63 450
63 53
63 1163
63 341
63 582
63 477
63 653
63 535
63 210
63 230
63 1363
63 665
63 183
63 335
63 434
63 206
63 568
63 996
63 1399
63 266
63 689
63 1324
63 425
63 642
63 561
63 606
63 1367
63 896
63 956
63 1179
63 156
63 809
63 1037
63 813
63 154
63 91
63 779
63 1164
63 394
63 309
63 863
63 1235
63 1003
63 1011
63 291
63 87
63 536
63 1065
63 524
63 123
63 509
63 191
63 844
63 446
63 762
63 964
63 257
63 1236
63 657
63 821
63 1192
63 955
63 1396
63 1301
63 324
63 1378
63 599
63 572
63 1044
63 646
63 1328
63 713
63 1155
63 290
63 25
63 135
63 1302
63 1154
63 345
63 601
63 365
63 1299
63 1185
63 13
63 632
63 904
63 1373
63 814
63 1216
63 1198
63 633
63 877
63 635
63 474
63 493
63 628
63 433
63 1322
63 596
63 1359
63 8
63 162
63 475
63 90
63 1031
63 1303
63 755
63 305
63 1288
63 673
63 263
63 923
63 979
63 709
63 798
63 480
63 1058
63 1382
63 1364
63 761
63 490
63 644
63 86
63 977
63 188
63 1293
63 1233
63 155
63 1397
63 63
63 1349
63 1277
63 1141
63 685
63 1226
63 785
63 464
63 1020
63 1327
63 1187
63 935
63 51
63 610
63 247
63 97
63 1129
63 626
63 575
63 643
63 1204
63 859
63 700
63 391
63 126
63 656
63 1014
63 807
63 1239
63 66
63 523
63 250
63 966
63 611
63 1237
63 936
63 843
63 37
63 1117
63 79
63 1040
63 1264
63 127
63 1238
63 84
63 465
63 960
63 1093
63 991
63 373
63 782
63 662
63 383
63 500
63 775
63 1261
63 515
63 853
63 695
63 458
63 208
63 31
63 1126
63 669
63 1165
63 1121
63 905
63 831
63 1099
63 119
63 216
63 1213
63 454
63 1007
63 157
63 826
63 1338
63 829
63 589
63 498
63 1357
63 95
63 40
63 1202
63 790
63 735
63 462
63 1024
63 545
63 1027
63 1385
63 1310
63 1053
63 1054
63 732
63 117
63 1221
63 1116
63 752
63 828
63 1051
63 770
63 1146
63 339
63 1098
63 600
63 1084
63 409
63 180
63 676
63 54
63 1335
63 470
63 1400
63 273
63 969
63 246
63 1208
63 1127
63 616
63 1092
63 299
63 323
63 1089
63 1074
63 163
63 363
63 484
63 796
63 539
63 194
63 452
63 1210
63 937
63 652
63 238
63 1275
63 1263
63 840
63 521
63 953
63 584
63 1371
63 412
63 397
63 161
63 334
63 501
63 1120
63 264
63 241
63 1006
63 943
63 1025
63 1206
63 122
63 1211
63 1008
63 461
63 882
63 64
63 1167
63 1368
63 868
63 725
63 204
63 680
63 307
63 856
63 1331
63 219
63 836
63 1285
63 221
63 924
63 1266
63 941
63 1132
63 1286
63 799
63 714
63 441
63 1100
63 460
63 165
63 167
63 447
63 1150
63 57
63 621
63 297
63 771
63 423
63 1243
63 129
63 1082
63 1228
63 586
63 749
63 651
63 1284
63 36
63 81
63 757
63 1312
63 1085
63 43
63 300
63 913
63 1246
63 748
63 688
63 674
63 517
63 497
63 41
63 889
63 473
63 1015
63 548
63 303
63 1090
63 1048
63 481
63 422
63 419
63 248
63 815
63 369
63 504
63 1262
63 663
63 910
63 1271
63 668
63 7
63 980
63 1043
63 841
63 1000
63 42
63 200
63 372
63 1391
63 901
63 741
63 65
63 1033
63 1321
63 583
63 482
63 1297
63 235
63 296
63 169
63 101
63 747
63 1259
63 1272
63 314
63 442
63 1140
63 457
63 506
63 404
63 920
63 6
63 739
63 903
63 1183
63 478
63 380
63 1123
63 1341
63 976
63 368
63 1072
63 1019
63 160
63 1158
63 1197
63 1291
63 182
63 115
63 830
63 959
63 1142
63 311
63 1370
63 884
63 1229
63 578
63 1383
63 428
63 27
63 576
63 107
63 211
63 1289
63 487
63 679
63 1023
63 427
63 711
63 1219
63 654
63 44
63 1148
63 1080
63 1305
63 866
63 109
63 983
63 75
63 421
63 362
63 744
63 251
63 742
63 360
63 607
63 1362
63 294
63 17
63 270
63 33
63 207
63 34
63 1066
63 704
63 734
63 534
63 1248
63 1083
63 328
63 494
63 1215
63 414
63 379
63 925
63 951
63 293
63 806
63 319
63 318
63 618
63 170
63 1287
63 73
63 1333
63 1294
63 1071
63 1186
63 899
63 275
63 1131
63 794
63 2
63 708
63 304
63 981
63 1110
63 883
63 819
63 623
63 67
63 70
63 1345
63 1168
63 1337
63 1122
63 491
63 1068
63 699
63 880
63 472
63 622
63 1102
63 288
63 1189
63 855
63 660
63 549
63 68
63 302
63 295
63 406
63 783
63 361
63 60
63 1255
63 602
63 818
63 778
63 1026
63 30
63 502
63 874
63 128
63 479
63 15
63 1314
63 1028
63 1361
63 495
63 997
63 280
63 1029
63 351
63 1153
63 917
63 1372
63 916
63 1035
63 231
63 851
63 466
63 865
63 543
63 292
63 1012
63 1320
63 879
63 609
63 10
63 228
63 919
63 537
63 1128
63 895
63 322
63 837
63 817
63 760
63 619
63 82
63 1108
63 201
63 350
63 459
63 355
63 1360
63 792
63 1111
63 47
63 78
63 728
63 902
63 957
63 252
63 468
63 810
63 961
63 805
63 153
63 1366
63 1138
63 1241
63 1342
63 209
63 1103
63 151
63 147
63 85
63 1036
63 590
63 1308
63 390
63 1317
63 906
63 1344
63 743
63 1273
63 860
63 329
63 440
63 463
63 149
63 562
63 835
63 1196
63 1394
63 556
63 542
63 1049
63 385
63 518
63 1330
63 190
63 159
63 26
63 1377
63 1112
63 1113
63 1002
63 563
63 1220
63 152
63 1217
63 881
63 540
63 186
63 439
63 670
63 103
63 437
63 336
63 833
63 402
63 1358
63 1056
63 166
63 532
63 1079
63 467
63 415
63 768
63 908
63 898
63 801
63 730
63 100
63 35
63 1032
63 1281
63 342
63 781
63 469
63 124
63 416
63 38
63 94
63 1
63 1346
63 1369
63 1332
63 726
63 767
63 325
63 271
63 376
63 939
63 283
63 615
63 691
63 1203
63 401
63 227
63 552
63 950
63 1030
63 716
63 1374
63 1309
63 719
63 1365
63 507
63 214
63 327
63 150
63 867
63 356
63 1086
63 1316
63 1016
63 1252
63 451
63 1134
63 449
63 1334
63 701
63 723
63 585
63 11
63 811
63 172
63 436
63 236
63 410
63 141
63 876
63 93
63 639
63 49
63 330
63 453
63 722
63 285
63 1375
63 1260
63 587
63 918
63 1061
63 1075
63 1170
63 1073
63 1181
63 371
63 134
63 909
63 388
63 740
63 233
63 577
63 315
63 554
63 1193
63 284
63 223
63 244
63 729
63 456
63 395
63 893
63 1222
63 834
63 720
63 849
63 871
63 1384
63 614
63 316
63 1017
63 496
63 1018
63 1055
63 349
63 975
63 870
63 1207
63 1057
63 181
63 703
63 143
63 445
63 24
63 1389
63 396
63 1041
63 1390
63 613
63 630
63 1224
63 108
63 286
63 195
63 253
63 249
63 320
63 958
63 503
63 746
63 574
63 869
63 620
63 321
63 1290
63 1169
63 1379
63 940
63 667
63 1199
63 102
63 1063
63 418
63 113
63 444
63 121
63 1380
63 59
63 417
63 1304
63 557
63 111
63 1298
63 802
63 1152
63 1180
63 1013
63 1052
63 706
63 637
63 820
63 873
63 265
63 92
63 878
63 914
63 1388
63 658
63 872
63 185
63 731
63 594
63 777
63 237
63 118
63 110
63 862
63 645
63 281
63 1242
63 530
63 403
63 573
63 677
63 137
63 1280
63 476
63 16
63 681
63 187
63 745
63 538
63 367
63 184
63 1245
63 1047
63 344
63 12
63 14
63 579
63 625
63 1184
63 1376
63 1160
63 486
63 682
63 1296
63 968
63 581
63 448
63 1279
63 374
63 1295
63 824
63 580
63 220
63 499
63 933
63 684
63 132
63 724
63 455
63 753
63 640
63 1240
63 705
63 921
63 541
63 756
63 1096
63 875
63 1137
63 359
63 1097
63 28
63 313
63 405
63 738
63 262
63 278
63 1088
63 1087
63 804
63 488
63 429
63 20
63 825
63 259
63 892
63 832
63 130
63 99
63 649
63 46
63 317
63 83
63 202
63 489
63 1194
63 1174
63 718
