73 332
73 494
73 1391
73 421
73 305
73 665
73 625
73 26
73 410
73 495
73 552
73 716
73 283
73 655
73 337
73 456
73 97
73 38
73 308
73 335
73 525
73 1374
73 517
73 370
73 401
73 342
73 166
73 360
73 1210
73 666
73 418
73 574
73 160
73 37
73 19
73 101
73 1230
73 357
73 849
73 35
73 583
73 1295
73 1252
73 798
73 103
73 573
73 1227
73 801
73 297
73 975
73 1372
73 1124
73 1155
73 1216
73 1367
73 1080
73 242
73 50
73 73
73 44
73 1333
73 71
73 265
73 1196
73 1287
73 1253
73 610
73 319
73 414
73 521
73 444
73 27
73 1254
73 575
73 851
73 355
73 1269
73 134
73 1369
73 258
73 955
73 56
73 137
73 465
73 1187
73 402
73 183
73 1304
73 1288
73 318
73 154
73 953
73 541
73 1263
73 559
73 979
73 383
73 1141
73 484
73 145
73 1311
73 1255
73 236
73 823
73 1189
73 347
73 550
73 1153
73 268
73 334
73 298
73 85
73 1259
73 153
73 1265
73 599
73 569
73 87
73 179
73 1225
73 514
73 1114
73 656
73 1264
73 362
73 234
73 1242
73 1030
73 333
73 746
73 224
73 68
73 167
73 161
73 327
73 927
73 397
73 670
73 556
73 409
73 903
73 650
73 481
73 1237
73 193
73 663
73 217
73 1012
73 169
73 25
73 1302
73 295
73 671
73 1286
73 818
73 176
73 667
73 369
73 537
73 1299
73 714
73 706
73 346
73 348
73 1074
73 902
73 1083
73 326
73 1377
73 345
73 486
73 131
73 944
73 219
73 824
73 874
73 1305
73 841
73 40
73 431
73 472
73 286
73 553
73 963
73 187
73 300
73 1109
73 568
73 960
73 873
73 10
73 39
73 11
73 1154
73 570
73 1317
73 1200
73 1301
73 658
73 1248
73 1226
73 535
73 491
73 358
73 572
73 1331
73 235
73 123
73 1386
73 563
73 1211
73 109
73 445
73 188
73 1335
73 719
73 803
73 1275
73 994
73 1214
73 1161
73 1310
73 241
73 34
73 637
73 871
73 1314
73 406
73 441
73 36
73 260
73 639
73 108
73 170
73 1014
73 468
73 925
73 542
73 1243
73 623
73 331
73 378
73 460
73 1215
73 526
73 1272
73 121
73 920
73 178
73 398
73 197
73 1105
73 372
73 1241
73 152
73 98
73 939
73 483
73 125
73 876
73 1198
73 41
73 60
73 316
73 291
73 1075
73 802
73 120
73 1028
73 303
73 549
73 896
73 651
73 455
73 562
73 86
73 516
73 726
73 744
73 1276
73 447
73 1072
73 1267
73 544
73 860
73 628
73 1077
73 28
73 1037
73 1274
73 1312
73 877
73 870
73 415
73 707
73 467
73 775
73 43
73 1282
73 102
73 119
73 1122
73 580
73 373
73 391
73 996
73 590
73 377
73 1247
73 196
73 991
73 585
73 969
73 720
73 469
73 207
73 192
73 770
73 490
73 1319
73 729
73 840
73 107
73 1328
73 214
73 267
73 1281
73 273
73 1197
73 51
73 442
73 1093
73 1260
73 821
73 908
73 1261
73 22
73 356
73 1099
73 72
73 594
73 1337
73 243
73 75
73 1158
73 1078
73 1039
73 626
73 520
73 518
73 540
73 330
73 339
73 394
73 668
73 1361
73 749
73 293
73 1025
73 1061
73 13
73 606
73 1228
73 1058
73 983
73 978
73 21
73 901
73 813
73 1384
73 112
73 130
73 1186
73 909
73 618
73 633
73 16
73 577
73 215
73 221
73 899
73 1298
73 1182
73 1322
73 403
73 12
73 55
73 115
73 306
73 919
73 1238
73 427
73 629
73 1330
73 1368
73 32
73 95
73 681
73 1201
73 739
73 307
73 512
73 916
73 352
73 1021
73 69
73 1327
73 660
73 507
73 826
73 1223
73 232
73 519
73 980
73 723
73 814
73 1209
73 1245
73 57
73 338
73 1110
73 412
73 838
73 376
73 809
73 680
73 396
73 248
73 669
73 527
73 315
73 457
73 615
73 93
73 1068
73 1236
73 1140
73 1011
73 240
73 848
73 1273
73 411
73 1076
73 473
73 80
73 61
73 1318
73 226
73 771
73 1159
73 508
73 233
73 1142
73 1121
73 126
73 100
73 598
73 203
73 395
73 1017
73 747
73 122
73 1160
73 261
73 62
73 323
73 827
73 774
73 1015
73 294
73 222
73 439
73 1297
73 329
73 900
73 359
73 664
73 256
73 997
73 350
73 741
73 1203
73 962
73 635
73 17
73 1177
73 687
73 1190
73 1106
73 1006
73 1185
73 728
73 64
73 567
73 23
73 1151
73 981
73 1149
73 63
73 336
73 700
73 437
73 926
73 828
73 531
73 24
73 1279
73 340
73 251
73 156
73 159
73 820
73 523
73 365
73 461
73 511
73 961
73 304
73 263
73 584
73 534
73 698
73 554
73 1266
73 951
73 1062
73 413
73 499
73 717
73 213
73 578
73 967
73 846
73 1045
73 724
73 172
73 227
73 1090
73 503
73 1296
73 453
73 954
73 181
73 30
73 992
73 1005
73 1081
73 1347
73 269
73 973
73 1373
73 124
73 581
73 1181
73 1108
73 819
73 299
73 835
73 1364
73 1026
73 966
73 1239
73 1348
73 1284
73 1285
73 1132
73 703
73 67
73 106
73 914
73 31
73 148
73 140
73 576
73 182
73 380
73 952
73 630
73 611
73 366
73 1183
73 1139
73 266
73 592
73 934
73 390
73 171
73 190
73 757
73 1383
73 194
73 816
73 1277
73 82
73 1244
73 833
73 314
73 974
73 586
73 487
73 504
73 917
73 854
73 1016
73 49
73 799
73 1018
73 497
73 482
73 309
73 344
73 1084
73 763
73 1221
73 384
73 168
73 480
73 1397
73 632
73 1283
73 940
73 946
73 1112
73 1352
73 324
73 545
73 1258
73 758
73 1020
73 861
73 751
73 844
73 1393
73 94
73 1355
73 1208
73 1207
73 1251
73 652
73 733
73 408
73 195
73 883
73 45
73 528
73 435
73 33
73 288
73 1231
73 1009
73 1315
73 1002
73 642
73 29
73 539
73 817
73 313
73 645
73 1362
73 417
73 1001
73 675
73 1031
73 593
73 921
73 296
73 881
73 943
73 672
73 597
73 79
73 310
73 404
73 276
73 311
73 1195
73 1363
73 1
73 302
73 702
73 416
73 245
73 280
73 1179
73 971
73 138
73 252
73 209
73 177
73 65
73 191
73 781
73 1129
73 204
73 463
73 1303
73 54
73 1071
73 1046
73 640
73 1262
73 379
73 231
73 646
73 1249
73 753
73 1008
73 184
73 1010
73 1123
73 438
73 230
73 1336
73 1029
73 1007
73 147
73 898
73 110
73 1268
73 1350
73 175
73 1256
73 284
73 1300
73 1013
73 1065
73 449
73 793
73 661
73 582
73 998
73 513
73 450
73 1128
73 1146
73 90
73 1115
73 694
73 965
73 1136
73 186
73 434
73 264
73 1320
73 893
73 600
73 715
73 96
73 862
73 440
73 530
73 929
73 587
73 662
73 328
73 1212
73 999
73 515
73 676
73 1218
73 865
73 1086
73 180
73 699
73 4
73 492
73 808
73 498
73 1023
73 1381
73 117
73 1119
73 1027
73 363
73 367
73 653
73 387
73 1324
73 289
73 1250
73 988
73 810
73 1138
73 509
73 679
73 436
73 48
73 608
73 522
73 1204
73 149
73 609
73 555
73 772
73 343
73 1356
73 1321
73 254
73 1390
73 368
73 761
73 475
73 688
73 538
73 206
73 1219
73 933
73 932
73 1313
73 458
73 428
73 386
73 839
73 868
73 1371
73 1382
73 708
73 354
73 501
73 1193
73 760
73 1171
73 14
73 596
73 1217
73 560
73 591
73 474
73 1144
73 1345
73 500
73 922
73 872
73 74
73 691
73 885
73 201
73 496
73 1032
73 595
73 164
73 1359
73 212
73 1292
73 1191
73 1380
73 375
73 1340
73 941
73 1360
73 389
73 216
73 70
73 151
73 533
73 8
73 229
73 1033
73 777
73 407
73 1130
73 889
73 938
73 1133
73 246
73 730
73 433
73 208
73 278
73 1199
73 695
73 1341
73 114
73 451
73 1323
73 150
73 1365
73 892
73 588
73 271
73 257
73 1169
73 270
73 1111
73 1192
73 1353
73 558
73 1066
73 882
73 128
73 285
73 1103
73 393
73 479
73 972
73 1270
73 146
73 847
73 443
73 1048
73 1019
73 225
73 557
73 561
73 1034
73 866
73 1107
73 931
73 807
73 452
73 1060
73 831
73 281
73 133
73 752
73 116
73 863
73 510
73 701
73 448
73 627
73 710
73 1069
73 605
73 957
73 1188
73 210
73 76
73 1342
73 274
73 1246
73 459
73 1131
73 543
73 1156
73 1220
73 1291
73 1396
73 890
73 322
73 683
73 607
73 977
73 950
73 843
73 250
73 990
73 253
73 1232
73 1054
73 158
73 132
73 783
73 1135
73 755
73 657
73 792
73 673
73 1395
73 790
73 1063
73 734
73 727
73 1157
73 364
73 959
73 748
73 712
73 1399
73 1339
73 1224
73 923
73 894
73 7
73 762
73 704
73 796
73 765
73 1055
73 887
73 1392
73 5
73 759
73 1120
73 1175
73 446
73 485
73 867
73 654
73 277
73 1205
73 884
73 2
73 1052
73 1370
73 1085
73 349
73 1376
73 1278
73 1118
73 764
73 189
73 1379
73 228
73 1070
73 142
73 89
73 1346
73 1308
73 641
73 1233
73 9
73 66
73 1041
73 564
73 612
73 850
73 432
73 1042
73 547
73 829
73 1257
73 1294
73 1389
73 388
73 84
73 911
73 786
73 984
73 1234
73 1378
73 1049
73 470
73 924
73 784
73 287
73 836
73 6
73 659
73 678
73 292
73 53
73 1206
73 173
73 78
73 488
73 945
73 947
73 880
73 930
73 185
73 1100
73 1024
73 139
73 767
73 400
73 1162
73 895
73 834
73 1043
73 601
73 1004
73 392
73 692
73 104
73 88
73 791
73 505
73 353
73 918
73 20
73 987
73 811
73 58
73 1147
73 301
73 780
73 205
73 750
73 993
73 1098
73 174
73 1050
73 47
73 624
73 949
73 1125
73 886
73 551
73 244
73 1293
73 1126
73 52
73 689
73 532
73 419
73 1375
73 290
73 262
73 77
73 1306
73 566
73 631
73 1349
73 247
73 493
73 989
73 1040
73 99
73 1079
73 1366
73 815
73 732
73 1332
73 677
73 825
73 1176
73 693
73 768
73 697
73 1036
73 797
73 351
73 613
73 536
73 317
73 1003
73 1082
73 105
73 1178
73 976
73 638
73 674
73 800
73 321
73 602
73 424
73 891
73 754
73 864
73 1073
73 1056
73 466
73 907
73 571
73 740
73 464
73 279
73 546
73 731
73 135
73 855
73 477
73 1213
73 617
73 604
73 1184
73 361
73 1059
73 1385
73 875
73 822
73 81
73 1148
73 779
73 272
73 1343
73 3
73 915
73 506
73 837
73 426
73 634
73 165
73 788
73 589
73 255
73 1092
73 1229
73 143
73 937
73 220
73 163
73 385
73 789
73 223
73 904
73 1326
73 804
73 795
73 782
73 690
73 374
73 1222
73 982
73 1165
73 621
73 696
73 202
73 1047
73 928
73 812
73 743
73 709
73 478
73 852
73 968
73 722
73 454
73 713
73 200
73 948
73 905
73 524
73 619
73 1134
73 1202
73 756
73 643
73 906
73 502
73 141
73 341
73 897
73 1067
73 275
73 462
73 636
73 705
73 325
73 371
73 935
73 1398
73 913
73 1143
73 622
73 830
73 845
73 425
73 1044
73 725
73 259
73 736
73 785
73 910
73 614
73 1351
73 787
73 711
73 942
73 1344
73 856
73 127
73 1309
73 1173
73 15
73 249
73 985
73 1053
73 1094
73 211
73 842
73 986
73 312
73 1087
73 742
73 1117
73 737
73 237
73 1170
73 956
73 92
73 1104
73 162
73 878
73 857
73 970
73 964
73 579
73 1329
73 1150
73 1000
73 1145
73 686
73 1051
73 1064
73 1172
73 1325
73 157
73 198
73 647
73 199
73 832
73 1163
73 1116
73 422
73 420
73 879
73 769
73 282
73 320
73 565
73 685
73 888
73 958
73 648
73 1394
73 1180
73 1057
73 1152
73 91
73 1307
73 1127
73 778
73 18
73 721
73 1338
73 136
73 381
73 649
73 548
73 805
73 936
73 773
73 155
73 111
73 1357
73 1271
73 476
73 1035
73 1334
73 1101
73 429
73 144
73 1089
73 399
73 46
73 853
73 806
73 1164
73 1167
73 489
73 239
73 869
73 1354
73 238
73 644
73 83
73 1280
73 118
73 129
73 1289
73 616
73 1102
73 766
73 745
73 42
73 776
73 735
73 738
73 794
73 603
73 684
73 1095
73 1400
73 1290
73 1235
73 1038
73 423
73 682
73 858
73 1387
73 1388
73 1168
73 430
73 620
73 718
73 1240
73 1022
73 218
73 1137
73 1088
73 912
73 1097
73 1166
73 1091
73 1194
73 859
73 382
73 1316
73 113
73 1358
73 59
73 1113
73 405
73 529
73 1096
73 1174
