74 656
74 575
74 38
74 1269
74 178
74 154
74 1230
74 1161
74 876
74 1286
74 409
74 1153
74 550
74 483
74 1252
74 176
74 242
74 340
74 1159
74 1099
74 169
74 1335
74 333
74 1227
74 519
74 516
74 10
74 665
74 1158
74 283
74 1318
74 1367
74 167
74 1155
74 719
74 981
74 1391
74 97
74 378
74 243
74 431
74 85
74 62
74 358
74 335
74 41
74 608
74 339
74 798
74 401
74 26
74 171
74 305
74 68
74 1263
74 258
74 535
74 1216
74 215
74 319
74 517
74 944
74 337
74 1374
74 860
74 655
74 628
74 308
74 35
74 1295
74 1288
74 39
74 994
74 276
74 1183
74 1157
74 50
74 347
74 1243
74 19
74 161
74 193
74 291
74 927
74 342
74 552
74 214
74 583
74 979
74 303
74 360
74 571
74 267
74 1314
74 1265
74 635
74 1011
74 570
74 125
74 22
74 554
74 40
74 213
74 1238
74 334
74 406
74 472
74 1331
74 1124
74 521
74 137
74 175
74 606
74 920
74 103
74 549
74 436
74 974
74 330
74 1156
74 1297
74 997
74 1009
74 343
74 1317
74 1142
74 553
74 131
74 625
74 268
74 671
74 372
74 183
74 1267
74 240
74 355
74 668
74 651
74 1274
74 1139
74 37
74 1237
74 348
74 526
74 295
74 203
74 438
74 1264
74 1313
74 810
74 1319
74 34
74 1109
74 670
74 1105
74 481
74 383
74 493
74 1151
74 1311
74 166
74 871
74 707
74 101
74 332
74 1312
74 11
74 437
74 978
74 537
74 490
74 666
74 1302
74 1258
74 302
74 352
74 1065
74 170
74 269
74 664
74 217
74 623
74 1327
74 95
74 576
74 1372
74 145
74 51
74 1006
74 329
74 1198
74 29
74 514
74 236
74 1114
74 168
74 71
74 511
74 1225
74 1196
74 410
74 1282
74 197
74 55
74 1386
74 1077
74 809
74 1228
74 444
74 87
74 1369
74 698
74 109
74 770
74 803
74 1348
74 36
74 758
74 983
74 661
74 45
74 1279
74 568
74 1287
74 123
74 1143
74 636
74 559
74 497
74 314
74 960
74 1078
74 398
74 1207
74 827
74 1315
74 598
74 413
74 1347
74 1154
74 1277
74 1253
74 160
74 1185
74 394
74 241
74 270
74 216
74 716
74 1072
74 226
74 1266
74 345
74 900
74 1244
74 98
74 524
74 156
74 408
74 595
74 397
74 838
74 908
74 457
74 1004
74 1223
74 569
74 591
74 80
74 190
74 27
74 364
74 980
74 814
74 1103
74 402
74 427
74 774
74 421
74 294
74 1226
74 695
74 495
74 726
74 60
74 572
74 1140
74 971
74 955
74 652
74 717
74 1211
74 556
74 946
74 963
74 43
74 610
74 909
74 1187
74 1254
74 574
74 1236
74 346
74 1215
74 582
74 1093
74 823
74 612
74 525
74 509
74 1012
74 615
74 300
74 896
74 1336
74 1074
74 480
74 484
74 592
74 72
74 807
74 407
74 1268
74 1003
74 32
74 988
74 1200
74 1242
74 1106
74 975
74 1255
74 996
74 849
74 196
74 121
74 1275
74 328
74 494
74 1305
74 566
74 140
74 159
74 562
74 646
74 1272
74 338
74 667
74 882
74 1141
74 251
74 687
74 61
74 715
74 12
74 182
74 694
74 650
74 1080
74 1195
74 604
74 411
74 1209
74 222
74 1010
74 700
74 714
74 590
74 771
74 73
74 925
74 245
74 1021
74 1284
74 821
74 1210
74 949
74 518
74 917
74 1107
74 586
74 152
74 578
74 903
74 465
74 1260
74 77
74 1273
74 618
74 260
74 252
74 504
74 264
74 297
74 219
74 90
74 277
74 505
74 487
74 311
74 1377
74 1346
74 273
74 1276
74 1204
74 141
74 1299
74 500
74 744
74 396
74 234
74 235
74 1364
74 344
74 593
74 416
74 584
74 1397
74 366
74 1182
74 475
74 1395
74 331
74 447
74 134
74 142
74 445
74 426
74 265
74 1328
74 1028
74 256
74 441
74 498
74 377
74 1285
74 17
74 510
74 1381
74 697
74 772
74 107
74 114
74 148
74 1037
74 357
74 669
74 1291
74 288
74 24
74 1353
74 306
74 969
74 962
74 702
74 474
74 1352
74 362
74 1075
74 207
74 324
74 972
74 369
74 873
74 720
74 874
74 1076
74 384
74 177
74 1310
74 1007
74 515
74 1
74 56
74 304
74 293
74 1270
74 126
74 993
74 151
74 609
74 120
74 298
74 965
74 902
74 631
74 835
74 6
74 901
74 1025
74 1062
74 280
74 64
74 65
74 880
74 30
74 1219
74 877
74 415
74 560
74 546
74 977
74 1138
74 192
74 633
74 263
74 23
74 868
74 1383
74 660
74 1177
74 639
74 992
74 589
74 813
74 327
74 395
74 1259
74 1189
74 188
74 13
74 373
74 1002
74 781
74 841
74 1251
74 588
74 762
74 1355
74 1192
74 491
74 57
74 414
74 866
74 1205
74 108
74 564
74 1149
74 1217
74 1191
74 1390
74 1384
74 795
74 501
74 689
74 1298
74 1350
74 74
74 654
74 1256
74 602
74 1144
74 253
74 206
74 952
74 1306
74 439
74 119
74 224
74 299
74 676
74 870
74 967
74 746
74 539
74 998
74 96
74 174
74 808
74 139
74 966
74 135
74 82
74 316
74 440
74 266
74 817
74 33
74 1208
74 453
74 404
74 506
74 1197
74 658
74 558
74 1345
74 1146
74 1281
74 1005
74 179
74 881
74 833
74 904
74 69
74 1283
74 158
74 336
74 1058
74 861
74 527
74 534
74 138
74 790
74 275
74 387
74 1333
74 315
74 350
74 819
74 1393
74 1147
74 914
74 418
74 959
74 940
74 1039
74 76
74 323
74 916
74 289
74 1083
74 164
74 227
74 482
74 1356
74 1214
74 672
74 124
74 1071
74 1203
74 48
74 391
74 21
74 28
74 605
74 961
74 84
74 799
74 1201
74 723
74 710
74 1247
74 191
74 848
74 789
74 75
74 106
74 25
74 899
74 508
74 953
74 775
74 791
74 365
74 1362
74 326
74 460
74 1181
74 741
74 681
74 79
74 544
74 1378
74 466
74 1115
74 254
74 1084
74 70
74 380
74 816
74 784
74 1248
74 310
74 449
74 611
74 1221
74 954
74 1323
74 370
74 212
74 1292
74 172
74 248
74 932
74 376
74 755
74 1179
74 375
74 1061
74 1233
74 563
74 629
74 1019
74 637
74 353
74 851
74 456
74 467
74 195
74 632
74 1361
74 461
74 1160
74 828
74 642
74 528
74 692
74 1027
74 477
74 1371
74 5
74 1373
74 1301
74 1110
74 943
74 840
74 540
74 1046
74 459
74 587
74 754
74 479
74 162
74 507
74 728
74 739
74 88
74 594
74 1123
74 63
74 1250
74 1337
74 1023
74 1359
74 354
74 1081
74 1278
74 973
74 1349
74 585
74 531
74 1008
74 865
74 49
74 424
74 255
74 675
74 492
74 1090
74 485
74 1368
74 1199
74 630
74 1101
74 53
74 622
74 567
74 1150
74 1261
74 210
74 530
74 116
74 1344
74 469
74 751
74 555
74 221
74 368
74 31
74 793
74 990
74 1370
74 184
74 1121
74 143
74 1232
74 318
74 663
74 747
74 180
74 721
74 538
74 1063
74 846
74 209
74 599
74 884
74 1300
74 435
74 624
74 1045
74 749
74 187
74 1342
74 363
74 1220
74 1382
74 1322
74 968
74 839
74 115
74 105
74 54
74 617
74 1098
74 533
74 926
74 502
74 1014
74 1294
74 112
74 1239
74 1241
74 44
74 1069
74 806
74 854
74 836
74 970
74 763
74 1380
74 512
74 89
74 16
74 257
74 1020
74 1341
74 455
74 1129
74 67
74 102
74 386
74 939
74 462
74 724
74 600
74 950
74 542
74 818
74 228
74 322
74 194
74 662
74 153
74 691
74 417
74 86
74 991
74 261
74 1351
74 430
74 204
74 412
74 597
74 911
74 934
74 104
74 1086
74 271
74 286
74 1186
74 768
74 1018
74 727
74 132
74 619
74 1249
74 580
74 1339
74 1030
74 696
74 621
74 678
74 250
74 657
74 446
74 274
74 285
74 640
74 543
74 296
74 941
74 1170
74 389
74 458
74 356
74 1389
74 1245
74 399
74 442
74 434
74 379
74 863
74 834
74 1304
74 503
74 1031
74 573
74 1326
74 1026
74 496
74 753
74 680
74 1365
74 951
74 93
74 748
74 468
74 393
74 708
74 451
74 843
74 231
74 913
74 885
74 581
74 232
74 557
74 448
74 1394
74 1085
74 100
74 272
74 989
74 1190
74 117
74 792
74 729
74 1379
74 433
74 1043
74 390
74 938
74 403
74 1100
74 607
74 321
74 4
74 1111
74 645
74 1165
74 163
74 3
74 889
74 1108
74 958
74 831
74 312
74 693
74 1330
74 7
74 463
74 826
74 800
74 761
74 898
74 1032
74 1222
74 208
74 309
74 1042
74 907
74 1128
74 520
74 706
74 1066
74 523
74 1296
74 1321
74 1131
74 1094
74 1148
74 400
74 2
74 1303
74 802
74 52
74 488
74 450
74 262
74 181
74 910
74 545
74 548
74 879
74 872
74 1218
74 287
74 281
74 733
74 984
74 301
74 704
74 1324
74 8
74 1073
74 1169
74 499
74 1040
74 653
74 764
74 1162
74 110
74 1049
74 149
74 976
74 278
74 1171
74 186
74 893
74 824
74 1001
74 829
74 122
74 1013
74 627
74 948
74 891
74 786
74 945
74 1175
74 701
74 1015
74 919
74 867
74 1257
74 596
74 883
74 777
74 1122
74 66
74 150
74 673
74 443
74 1017
74 804
74 659
74 1029
74 205
74 783
74 388
74 1246
74 805
74 1068
74 1385
74 536
74 1366
74 238
74 844
74 1375
74 9
74 601
74 999
74 765
74 812
74 470
74 1050
74 284
74 801
74 894
74 757
74 1102
74 486
74 547
74 730
74 230
74 647
74 683
74 1396
74 1212
74 561
74 313
74 58
74 847
74 947
74 1293
74 522
74 541
74 982
74 1360
74 220
74 290
74 922
74 820
74 1089
74 1188
74 1354
74 760
74 341
74 957
74 750
74 292
74 1130
74 887
74 1034
74 643
74 130
74 47
74 351
74 1320
74 349
74 1059
74 452
74 133
74 703
74 551
74 1070
74 374
74 850
74 1178
74 1392
74 185
74 830
74 759
74 428
74 367
74 796
74 1033
74 1016
74 1056
74 1135
74 189
74 711
74 532
74 1184
74 246
74 1340
74 845
74 787
74 987
74 890
74 1054
74 1133
74 822
74 1041
74 513
74 1262
74 422
74 111
74 1118
74 942
74 1132
74 1231
74 94
74 325
74 915
74 1308
74 776
74 282
74 173
74 1060
74 1193
74 78
74 679
74 1176
74 1064
74 473
74 200
74 1136
74 641
74 779
74 906
74 986
74 127
74 752
74 862
74 837
74 307
74 1180
74 1363
74 1055
74 1079
74 929
74 239
74 157
74 892
74 931
74 921
74 478
74 1329
74 964
74 895
74 1051
74 686
74 616
74 237
74 878
74 905
74 14
74 732
74 626
74 1399
74 425
74 165
74 128
74 780
74 1343
74 1000
74 201
74 454
74 1104
74 1213
74 930
74 1152
74 690
74 1119
74 464
74 18
74 603
74 788
74 129
74 924
74 199
74 918
74 923
74 1052
74 1125
74 385
74 419
74 1126
74 91
74 1202
74 225
74 743
74 745
74 317
74 725
74 1048
74 1338
74 223
74 638
74 1047
74 233
74 1398
74 785
74 1173
74 1234
74 83
74 613
74 767
74 782
74 1229
74 864
74 688
74 429
74 381
74 81
74 985
74 577
74 1112
74 888
74 244
74 811
74 147
74 956
74 1271
74 1224
74 1087
74 99
74 712
74 842
74 1206
74 1325
74 1145
74 734
74 1134
74 935
74 359
74 1024
74 674
74 699
74 1082
74 218
74 722
74 136
74 420
74 1309
74 320
74 620
74 1163
74 709
74 249
74 736
74 742
74 737
74 797
74 432
74 1044
74 1053
74 685
74 713
74 279
74 1067
74 1376
74 832
74 677
74 886
74 1092
74 1095
74 852
74 1117
74 1036
74 1120
74 773
74 634
74 371
74 15
74 756
74 155
74 1388
74 738
74 778
74 1307
74 769
74 1167
74 855
74 1357
74 1332
74 565
74 361
74 392
74 211
74 857
74 1116
74 1289
74 614
74 259
74 731
74 579
74 1172
74 649
74 937
74 146
74 229
74 928
74 1290
74 1164
74 1057
74 740
74 815
74 875
74 1280
74 1166
74 529
74 113
74 856
74 648
74 144
74 247
74 766
74 853
74 705
74 1022
74 1038
74 897
74 869
74 1387
74 476
74 644
74 92
74 118
74 933
74 20
74 936
74 1400
74 1168
74 1091
74 405
74 735
74 1113
74 794
74 42
74 718
74 1127
74 198
74 684
74 912
74 682
74 858
74 1334
74 1316
74 202
74 1088
74 1035
74 46
74 59
74 825
74 1235
74 1240
74 382
74 423
74 489
74 859
74 1097
74 1358
74 1137
74 1194
74 1096
74 1174
