76 1076
76 475
76 62
76 606
76 55
76 389
76 978
76 413
76 474
76 1258
76 50
76 74
76 570
76 254
76 80
76 306
76 333
76 378
76 525
76 1200
76 98
76 661
76 4
76 566
76 1355
76 1386
76 1395
76 1311
76 171
76 343
76 340
76 568
76 1230
76 861
76 203
76 347
76 477
76 348
76 260
76 1236
76 5
76 481
76 571
76 240
76 71
76 1027
76 29
76 965
76 305
76 352
76 145
76 408
76 1282
76 131
76 559
76 72
76 255
76 366
76 1101
76 66
76 497
76 966
76 242
76 761
76 646
76 1010
76 460
76 1382
76 611
76 258
76 668
76 61
76 331
76 941
76 967
76 243
76 1109
76 664
76 73
76 504
76 81
76 493
76 1256
76 1149
76 1009
76 592
76 949
76 346
76 329
76 324
76 1226
76 583
76 1099
76 1297
76 1266
76 23
76 1159
76 1185
76 572
76 241
76 546
76 981
76 302
76 397
76 848
76 562
76 1269
76 264
76 339
76 1073
76 51
76 39
76 438
76 1237
76 90
76 407
76 655
76 1043
76 1154
76 671
76 21
76 1315
76 575
76 193
76 1254
76 1004
76 383
76 586
76 154
76 564
76 710
76 95
76 775
76 584
76 959
76 355
76 307
76 687
76 1302
76 308
76 142
76 180
76 582
76 10
76 1335
76 3
76 980
76 1263
76 505
76 540
76 387
76 1071
76 569
76 944
76 963
76 1318
76 550
76 635
76 1225
76 1192
76 1312
76 406
76 628
76 303
76 101
76 53
76 337
76 492
76 784
76 401
76 197
76 1244
76 120
76 1204
76 447
76 1283
76 357
76 1021
76 13
76 1270
76 1367
76 1366
76 9
76 798
76 377
76 1078
76 192
76 1373
76 517
76 125
76 654
76 519
76 37
76 1214
76 749
76 1294
76 1129
76 831
76 1006
76 365
76 358
76 1011
76 267
76 338
76 527
76 971
76 323
76 1212
76 399
76 1003
76 938
76 920
76 1374
76 6
76 560
76 326
76 604
76 652
76 322
76 1161
76 461
76 1019
76 310
76 1191
76 300
76 485
76 593
76 840
76 567
76 166
76 462
76 63
76 1327
76 54
76 1286
76 509
76 328
76 40
76 515
76 537
76 1114
76 114
76 623
76 1007
76 977
76 836
76 1227
76 1223
76 539
76 676
76 1317
76 1105
76 1299
76 2
76 364
76 1261
76 1182
76 1381
76 1107
76 670
76 781
76 287
76 821
76 656
76 1322
76 1272
76 174
76 335
76 608
76 948
76 104
76 48
76 591
76 689
76 1081
76 189
76 463
76 827
76 199
76 962
76 82
76 524
76 268
76 870
76 1368
76 854
76 1278
76 1285
76 1249
76 983
76 362
76 1039
76 1372
76 169
76 1171
76 1156
76 925
76 442
76 1238
76 535
76 1100
76 1314
76 516
76 269
76 1391
76 823
76 226
76 1072
76 1348
76 748
76 1121
76 916
76 334
76 952
76 272
76 38
76 350
76 297
76 19
76 1216
76 43
76 31
76 998
76 1142
76 838
76 1267
76 291
76 294
76 774
76 867
76 133
76 398
76 554
76 103
76 273
76 1085
76 1028
76 865
76 744
76 178
76 1084
76 1397
76 727
76 873
76 495
76 409
76 68
76 1124
76 982
76 943
76 528
76 1141
76 236
76 960
76 467
76 79
76 762
76 206
76 990
76 1155
76 1259
76 896
76 34
76 910
76 512
76 695
76 257
76 707
76 87
76 45
76 30
76 276
76 404
76 167
76 274
76 1201
76 1158
76 176
76 115
76 1306
76 393
76 232
76 846
76 1069
76 885
76 901
76 108
76 770
76 530
76 135
76 91
76 445
76 1008
76 431
76 1044
76 1300
76 1050
76 1268
76 446
76 116
76 547
76 96
76 1205
76 224
76 56
76 298
76 375
76 1208
76 1264
76 299
76 457
76 1241
76 479
76 1115
76 1353
76 771
76 1067
76 168
76 665
76 490
76 332
76 1347
76 207
76 1210
76 1014
76 632
76 789
76 1255
76 585
76 830
76 1246
76 1061
76 1252
76 877
76 822
76 691
76 1198
76 666
76 395
76 814
76 1291
76 480
76 421
76 863
76 84
76 123
76 215
76 650
76 217
76 750
76 565
76 17
76 574
76 1070
76 835
76 435
76 1288
76 1377
76 961
76 975
76 449
76 342
76 1083
76 642
76 353
76 70
76 1265
76 1183
76 57
76 1077
76 26
76 426
76 165
76 261
76 544
76 336
76 76
76 663
76 605
76 437
76 1331
76 1189
76 164
76 630
76 330
76 1148
76 552
76 400
76 833
76 1383
76 411
76 159
76 105
76 188
76 1257
76 139
76 651
76 1098
76 470
76 314
76 1248
76 555
76 988
76 49
76 818
76 1361
76 160
76 1140
76 767
76 97
76 919
76 248
76 807
76 85
76 24
76 508
76 994
76 1143
76 1190
76 22
76 526
76 1301
76 1118
76 351
76 1074
76 117
76 319
76 1370
76 553
76 702
76 1187
76 641
76 191
76 558
76 556
76 698
76 754
76 542
76 183
76 791
76 728
76 1139
76 803
76 598
76 974
76 1328
76 853
76 1197
76 618
76 1023
76 238
76 327
76 77
76 1051
76 196
76 1086
76 842
76 1275
76 1179
76 1062
76 578
76 700
76 208
76 882
76 996
76 551
76 1344
76 1177
76 391
76 1119
76 1276
76 1356
76 954
76 610
76 175
76 1253
76 1123
76 1175
76 502
76 194
76 204
76 1359
76 997
76 819
76 739
76 124
76 16
76 170
76 418
76 669
76 1012
76 1173
76 402
76 860
76 458
76 1228
76 1346
76 841
76 741
76 1394
76 483
76 1054
76 826
76 414
76 417
76 720
76 425
76 507
76 1362
76 874
76 1233
76 869
76 880
76 667
76 1082
76 179
76 758
76 717
76 645
76 932
76 629
76 1060
76 369
76 1157
76 631
76 1147
76 382
76 148
76 1058
76 1354
76 1029
76 384
76 723
76 1037
76 221
76 151
76 500
76 1321
76 1339
76 737
76 759
76 636
76 394
76 1026
76 765
76 427
76 1323
76 60
76 1199
76 356
76 1042
76 973
76 312
76 441
76 549
76 386
76 1133
76 484
76 283
76 1251
76 295
76 1131
76 41
76 900
76 325
76 75
76 1365
76 763
76 940
76 1310
76 521
76 931
76 1384
76 65
76 271
76 662
76 235
76 845
76 513
76 1281
76 293
76 234
76 201
76 580
76 926
76 88
76 1207
76 534
76 32
76 829
76 498
76 277
76 930
76 588
76 1320
76 889
76 866
76 729
76 816
76 600
76 86
76 250
76 813
76 140
76 494
76 1217
76 1025
76 955
76 545
76 563
76 1371
76 1274
76 69
76 576
76 1106
76 783
76 1153
76 222
76 487
76 787
76 680
76 947
76 945
76 987
76 228
76 1024
76 443
76 1001
76 27
76 266
76 999
76 543
76 256
76 361
76 1020
76 913
76 410
76 106
76 929
76 514
76 876
76 64
76 195
76 612
76 376
76 52
76 213
76 989
76 1250
76 1319
76 381
76 1375
76 214
76 468
76 219
76 1243
76 984
76 1336
76 153
76 1034
76 158
76 1135
76 7
76 780
76 1340
76 315
76 1103
76 15
76 872
76 190
76 35
76 726
76 857
76 1079
76 1186
76 653
76 843
76 1357
76 380
76 1066
76 510
76 451
76 144
76 714
76 127
76 107
76 119
76 721
76 1390
76 972
76 1046
76 1229
76 701
76 934
76 301
76 871
76 156
76 459
76 927
76 597
76 1215
76 482
76 1287
76 1219
76 341
76 177
76 1313
76 111
76 478
76 454
76 657
76 246
76 1220
76 430
76 1000
76 1333
76 993
76 1296
76 304
76 1138
76 884
76 155
76 951
76 850
76 839
76 1128
76 686
76 363
76 173
76 732
76 899
76 851
76 263
76 976
76 908
76 917
76 716
76 659
76 1279
76 595
76 768
76 828
76 868
76 590
76 812
76 1151
76 625
76 465
76 309
76 1117
76 1065
76 109
76 647
76 953
76 675
76 36
76 354
76 923
76 1063
76 94
76 1178
76 466
76 760
76 1015
76 1378
76 895
76 660
76 985
76 1221
76 935
76 452
76 1132
76 205
76 548
76 292
76 112
76 496
76 697
76 1231
76 847
76 345
76 1053
76 518
76 1211
76 1292
76 1232
76 633
76 1213
76 1130
76 1016
76 752
76 531
76 511
76 887
76 1146
76 587
76 1045
76 1222
76 891
76 1349
76 1075
76 1352
76 289
76 436
76 766
76 1260
76 1056
76 1351
76 469
76 412
76 764
76 1048
76 672
76 1184
76 245
76 773
76 730
76 1364
76 1392
76 360
76 137
76 78
76 937
76 785
76 1209
76 793
76 1122
76 788
76 396
76 637
76 881
76 844
76 1031
76 523
76 685
76 472
76 1337
76 615
76 1041
76 1180
76 964
76 1399
76 379
76 1363
76 444
76 126
76 1
76 501
76 270
76 790
76 58
76 251
76 809
76 903
76 318
76 372
76 152
76 185
76 704
76 986
76 1341
76 28
76 47
76 1324
76 1195
76 1369
76 218
76 1360
76 912
76 349
76 777
76 138
76 231
76 522
76 690
76 424
76 161
76 141
76 1033
76 888
76 373
76 321
76 589
76 1295
76 703
76 1326
76 1277
76 1080
76 1284
76 979
76 883
76 1273
76 1188
76 599
76 1329
76 639
76 743
76 1040
76 769
76 181
76 733
76 786
76 1059
76 239
76 1090
76 533
76 1032
76 440
76 911
76 942
76 536
76 1305
76 1145
76 772
76 970
76 1022
76 1293
76 216
76 1218
76 212
76 1049
76 890
76 1393
76 122
76 370
76 67
76 795
76 182
76 1298
76 538
76 134
76 776
76 1202
76 33
76 683
76 223
76 1126
76 1172
76 93
76 837
76 603
76 448
76 719
76 909
76 624
76 102
76 1235
76 849
76 503
76 905
76 390
76 617
76 12
76 755
76 252
76 11
76 796
76 601
76 157
76 1018
76 616
76 464
76 1064
76 1110
76 915
76 280
76 1262
76 956
76 898
76 110
76 456
76 648
76 163
76 856
76 746
76 678
76 692
76 113
76 779
76 894
76 753
76 1193
76 1242
76 1165
76 428
76 904
76 1303
76 281
76 957
76 150
76 1181
76 374
76 89
76 709
76 594
76 419
76 801
76 1247
76 577
76 725
76 1108
76 602
76 817
76 713
76 922
76 59
76 368
76 1239
76 950
76 284
76 1104
76 694
76 681
76 712
76 924
76 506
76 8
76 751
76 581
76 1342
76 1005
76 969
76 288
76 914
76 1120
76 1038
76 810
76 44
76 1030
76 638
76 1055
76 1396
76 385
76 286
76 296
76 121
76 432
76 200
76 1203
76 946
76 1245
76 800
76 715
76 282
76 1162
76 736
76 991
76 1398
76 679
76 1196
76 316
76 928
76 1036
76 722
76 279
76 1116
76 311
76 1389
76 782
76 367
76 439
76 1309
76 708
76 388
76 1093
76 1289
76 1338
76 992
76 855
76 1068
76 622
76 227
76 1176
76 359
76 1112
76 699
76 852
76 1127
76 529
76 808
76 1136
76 864
76 1325
76 634
76 609
76 1234
76 225
76 626
76 450
76 579
76 627
76 1125
76 1113
76 893
76 799
76 573
76 1150
76 1160
76 936
76 902
76 1002
76 621
76 128
76 18
76 711
76 858
76 488
76 1343
76 344
76 561
76 742
76 433
76 824
76 1400
76 25
76 1330
76 607
76 693
76 806
76 1013
76 658
76 100
76 403
76 415
76 143
76 132
76 149
76 688
76 862
76 834
76 747
76 473
76 1047
76 696
76 1017
76 886
76 620
76 184
76 640
76 859
76 907
76 1350
76 1316
76 129
76 619
76 1304
76 249
76 187
76 476
76 1111
76 735
76 802
76 422
76 1307
76 209
76 285
76 265
76 210
76 14
76 1379
76 253
76 290
76 939
76 740
76 520
76 643
76 532
76 499
76 186
76 275
76 541
76 1097
76 434
76 1240
76 832
76 1152
76 731
76 1224
76 794
76 644
76 259
76 1380
76 220
76 392
76 229
76 1088
76 897
76 1332
76 706
76 596
76 734
76 820
76 1308
76 1388
76 1057
76 1206
76 1280
76 172
76 968
76 1089
76 1385
76 1102
76 230
76 815
76 313
76 613
76 918
76 453
76 237
76 1271
76 879
76 614
76 778
76 557
76 1345
76 1376
76 486
76 1087
76 1094
76 491
76 233
76 320
76 244
76 455
76 1096
76 1170
76 211
76 906
76 162
76 1290
76 674
76 99
76 278
76 705
76 147
76 805
76 1163
76 1144
76 745
76 198
76 371
76 1358
76 1092
76 136
76 757
76 1134
76 673
76 756
76 878
76 1387
76 792
76 1169
76 684
76 738
76 1166
76 797
76 416
76 247
76 317
76 423
76 130
76 146
76 1095
76 1091
76 682
76 1167
76 42
76 811
76 933
76 921
76 875
76 20
76 420
76 724
76 1052
76 958
76 677
76 118
76 1035
76 1334
76 92
76 1137
76 892
76 405
76 1164
76 825
76 83
76 429
76 262
76 804
76 489
76 202
76 1168
76 1194
76 46
76 649
76 1174
76 718
