81 672
81 312
81 631
81 755
81 279
81 18
81 1094
81 239
81 808
81 256
81 433
81 1091
81 1095
81 1164
81 634
81 230
81 225
81 434
81 547
81 1162
81 1292
81 924
81 42
81 709
81 911
81 229
81 800
81 1339
81 683
81 1188
81 1064
81 947
81 1352
81 52
81 1115
81 993
81 797
81 189
81 1353
81 175
81 795
81 277
81 289
81 212
81 638
81 815
81 1163
81 1351
81 791
81 1329
81 1062
81 593
81 696
81 76
81 671
81 311
81 598
81 984
81 1231
81 686
81 513
81 986
81 1038
81 516
81 1165
81 970
81 1092
81 725
81 354
81 1042
81 1336
81 222
81 282
81 780
81 1107
81 1338
81 23
81 812
81 712
81 140
81 985
81 708
81 772
81 226
81 520
81 345
81 561
81 936
81 713
81 759
81 1343
81 420
81 612
81 711
81 650
81 287
81 736
81 692
81 1350
81 674
81 1277
81 750
81 782
81 1307
81 858
81 468
81 533
81 990
81 592
81 1356
81 1213
81 1218
81 754
81 879
81 142
81 1349
81 915
81 766
81 776
81 567
81 886
81 1126
81 784
81 973
81 1289
81 803
81 203
81 816
81 301
81 133
81 948
81 793
81 928
81 1089
81 1278
81 1233
81 1130
81 426
81 790
81 514
81 171
81 431
81 644
81 120
81 1305
81 25
81 1179
81 747
81 721
81 1290
81 1001
81 508
81 926
81 74
81 1244
81 813
81 999
81 891
81 604
81 763
81 693
81 522
81 643
81 65
81 648
81 163
81 597
81 1167
81 1197
81 218
81 1378
81 781
81 719
81 700
81 989
81 284
81 430
81 216
81 144
81 198
81 769
81 544
81 261
81 1331
81 698
81 627
81 1166
81 174
81 685
81 956
81 624
81 375
81 762
81 857
81 954
81 1067
81 899
81 1234
81 291
81 1332
81 1363
81 774
81 690
81 1328
81 987
81 1306
81 601
81 205
81 783
81 1276
81 688
81 173
81 1355
81 1392
81 196
81 29
81 617
81 1066
81 127
81 814
81 53
81 40
81 679
81 749
81 446
81 1270
81 1239
81 206
81 136
81 177
81 526
81 1232
81 235
81 464
81 991
81 894
81 1154
81 707
81 694
81 1157
81 912
81 1070
81 676
81 512
81 787
81 89
81 1243
81 197
81 897
81 929
81 247
81 1271
81 901
81 1373
81 1145
81 462
81 600
81 511
81 1324
81 341
81 971
81 605
81 1044
81 675
81 288
81 859
81 632
81 1204
81 250
81 757
81 1393
81 1119
81 129
81 799
81 608
81 381
81 555
81 1069
81 215
81 333
81 368
81 887
81 673
81 545
81 752
81 232
81 531
81 1272
81 1147
81 558
81 1135
81 992
81 528
81 178
81 1398
81 78
81 678
81 1050
81 636
81 1151
81 988
81 1144
81 830
81 535
81 1161
81 423
81 112
81 1354
81 1171
81 890
81 715
81 86
81 972
81 1114
81 629
81 1074
81 1005
81 382
81 794
81 141
81 1118
81 779
81 326
81 998
81 164
81 1172
81 1195
81 88
81 653
81 846
81 1340
81 1319
81 19
81 938
81 1334
81 896
81 470
81 146
81 465
81 697
81 1106
81 200
81 435
81 758
81 5
81 51
81 72
81 106
81 1124
81 1202
81 717
81 1257
81 1267
81 923
81 1031
81 154
81 885
81 1300
81 1117
81 32
81 854
81 888
81 1400
81 425
81 1208
81 31
81 798
81 553
81 364
81 466
81 785
81 1201
81 922
81 384
81 199
81 269
81 1387
81 1348
81 1104
81 347
81 246
81 77
81 224
81 308
81 1274
81 443
81 662
81 1309
81 1397
81 373
81 9
81 764
81 806
81 845
81 918
81 1182
81 1077
81 1112
81 432
81 964
81 162
81 792
81 1320
81 521
81 71
81 680
81 1065
81 1399
81 1303
81 727
81 976
81 609
81 994
81 450
81 58
81 564
81 599
81 126
81 864
81 809
81 789
81 903
81 930
81 193
81 505
81 877
81 7
81 1035
81 665
81 39
81 1258
81 145
81 105
81 1048
81 390
81 737
81 340
81 852
81 357
81 70
81 1176
81 176
81 1357
81 805
81 64
81 907
81 270
81 314
81 602
81 733
81 1177
81 689
81 1156
81 1076
81 1008
81 1250
81 666
81 550
81 714
81 963
81 722
81 227
81 633
81 351
81 1125
81 920
81 213
81 704
81 352
81 452
81 95
81 372
81 1159
81 1223
81 1006
81 131
81 945
81 4
81 391
81 1129
81 788
81 827
81 45
81 847
81 441
81 519
81 139
81 192
81 588
81 1323
81 419
81 919
81 1149
81 807
81 272
81 380
81 523
81 765
81 997
81 1120
81 844
81 1367
81 927
81 408
81 427
81 647
81 626
81 900
81 66
81 157
81 242
81 55
81 1105
81 1251
81 1396
81 935
81 116
81 661
81 1325
81 1220
81 1116
81 61
81 179
81 243
81 641
81 1059
81 191
81 842
81 428
81 263
81 1259
81 1265
81 1024
81 1256
81 1269
81 1206
81 1318
81 252
81 967
81 331
81 1039
81 1142
81 1254
81 440
81 96
81 1368
81 97
81 1093
81 217
81 664
81 652
81 822
81 1132
81 710
81 1333
81 1175
81 1253
81 147
81 1036
81 863
81 746
81 904
81 786
81 393
81 1235
81 850
81 1313
81 438
81 343
81 559
81 996
81 529
81 306
81 1247
81 335
81 1060
81 104
81 974
81 659
81 1127
81 1301
81 1053
81 1037
81 826
81 1362
81 1327
81 310
81 268
81 411
81 1390
81 264
81 14
81 1342
81 525
81 1139
81 407
81 1283
81 1293
81 319
81 234
81 578
81 952
81 453
81 856
81 1211
81 362
81 1034
81 1153
81 595
81 946
81 510
81 3
81 953
81 876
81 276
81 1249
81 1141
81 656
81 296
81 699
81 551
81 902
81 1214
81 569
81 839
81 848
81 1227
81 221
81 413
81 742
81 416
81 1268
81 895
81 1359
81 337
81 194
81 1381
81 853
81 80
81 1321
81 1248
81 21
81 400
81 642
81 944
81 253
81 1299
81 669
81 490
81 596
81 290
81 1192
81 392
81 606
81 1173
81 1046
81 366
81 978
81 1178
81 1230
81 208
81 496
81 1022
81 811
81 338
81 934
81 1170
81 1266
81 248
81 1341
81 207
81 905
81 1395
81 334
81 386
81 60
81 424
81 1000
81 1021
81 297
81 657
81 135
81 728
81 1123
81 571
81 823
81 1337
81 1140
81 843
81 90
81 109
81 536
81 1090
81 473
81 1287
81 1190
81 761
81 546
81 861
81 836
81 255
81 695
81 415
81 233
81 275
81 75
81 332
81 48
81 370
81 1054
81 1155
81 1294
81 937
81 1058
81 1131
81 506
81 378
81 1385
81 931
81 1004
81 323
81 1360
81 1297
81 219
81 211
81 182
81 570
81 660
81 258
81 1168
81 1225
81 67
81 744
81 267
81 394
81 1212
81 238
81 487
81 1358
81 1286
81 188
81 860
81 309
81 917
81 492
81 1326
81 271
81 628
81 980
81 607
81 932
81 591
81 383
81 1191
81 748
81 739
81 1311
81 1386
81 209
81 1205
81 1246
81 735
81 734
81 1310
81 204
81 336
81 30
81 687
81 874
81 273
81 1133
81 618
81 589
81 1322
81 1200
81 257
81 454
81 1375
81 299
81 369
81 913
81 409
81 702
81 1082
81 69
81 85
81 566
81 1051
81 114
81 1071
81 457
81 1262
81 398
81 210
81 404
81 38
81 965
81 151
81 646
81 1007
81 943
81 201
81 1210
81 1080
81 122
81 155
81 13
81 41
81 880
81 741
81 801
81 1229
81 274
81 575
81 461
81 346
81 1238
81 1291
81 572
81 161
81 655
81 27
81 1198
81 1136
81 884
81 305
81 941
81 245
81 654
81 402
81 482
81 447
81 1043
81 33
81 796
81 1186
81 869
81 1
81 925
81 214
81 1285
81 47
81 485
81 1282
81 821
81 307
81 504
81 565
81 603
81 957
81 358
81 576
81 1284
81 910
81 1110
81 439
81 484
81 483
81 539
81 1020
81 810
81 1347
81 240
81 1143
81 324
81 1219
81 119
81 1221
81 616
81 389
81 743
81 348
81 1228
81 960
81 962
81 1361
81 760
81 1209
81 1025
81 128
81 254
81 148
81 1187
81 982
81 79
81 1391
81 979
81 889
81 494
81 568
81 831
81 469
81 740
81 8
81 610
81 730
81 1101
81 775
81 729
81 1028
81 1002
81 527
81 371
81 1081
81 951
81 1263
81 1389
81 37
81 682
81 115
81 87
81 1203
81 498
81 1364
81 458
81 1264
81 165
81 377
81 260
81 50
81 955
81 501
81 125
81 868
81 442
81 1366
81 883
81 620
81 732
81 266
81 1330
81 969
81 1056
81 100
81 1015
81 363
81 703
81 1224
81 1014
81 195
81 44
81 117
81 681
81 1216
81 840
81 977
81 933
81 91
81 1222
81 586
81 1345
81 543
81 916
81 828
81 1302
81 1382
81 841
81 406
81 1111
81 251
81 63
81 43
81 467
81 149
81 819
81 360
81 1146
81 180
81 295
81 1009
81 1344
81 73
81 835
81 1377
81 463
81 1380
81 22
81 1158
81 1078
81 6
81 36
81 611
81 298
81 328
81 959
81 412
81 1169
81 1012
81 62
81 300
81 560
81 170
81 123
81 515
81 421
81 870
81 98
81 56
81 356
81 315
81 472
81 751
81 68
81 1261
81 837
81 838
81 1275
81 1335
81 156
81 651
81 1150
81 1109
81 1138
81 1027
81 118
81 1010
81 540
81 318
81 701
81 137
81 872
81 15
81 459
81 1045
81 1040
81 403
81 1121
81 802
81 773
81 339
81 723
81 1113
81 500
81 1215
81 1281
81 54
81 966
81 187
81 387
81 1193
81 493
81 124
81 556
81 397
81 1068
81 1288
81 1280
81 1185
81 422
81 534
81 1383
81 107
81 365
81 621
81 101
81 1371
81 851
81 168
81 1055
81 949
81 399
81 537
81 908
81 658
81 12
81 509
81 981
81 1084
81 280
81 720
81 93
81 1217
81 82
81 1122
81 169
81 121
81 158
81 1255
81 379
81 961
81 1128
81 829
81 663
81 942
81 1346
81 294
81 635
81 138
81 716
81 17
81 1099
81 1183
81 833
81 92
81 1011
81 1317
81 548
81 706
81 770
81 172
81 1003
81 637
81 1273
81 524
81 2
81 818
81 563
81 293
81 353
81 549
81 1083
81 395
81 726
81 228
81 449
81 374
81 1314
81 677
81 445
81 882
81 1033
81 474
81 167
81 292
81 1102
81 478
81 303
81 583
81 241
81 1315
81 1103
81 1085
81 134
81 183
81 475
81 867
81 1384
81 1237
81 113
81 34
81 481
81 81
81 1370
81 330
81 893
81 1379
81 190
81 495
81 1316
81 1207
81 898
81 1108
81 582
81 1100
81 1394
81 497
81 878
81 456
81 1023
81 1181
81 1137
81 322
81 477
81 349
81 1304
81 160
81 304
81 668
81 84
81 532
81 35
81 834
81 278
81 667
81 622
81 460
81 325
81 436
81 231
81 401
81 1226
81 968
81 57
81 244
81 1196
81 584
81 771
81 376
81 283
81 502
81 26
81 724
81 865
81 1029
81 437
81 329
81 983
81 444
81 554
81 159
81 1098
81 1236
81 342
81 1032
81 517
81 855
81 94
81 327
81 640
81 921
81 1026
81 361
81 594
81 1041
81 1184
81 873
81 939
81 614
81 1079
81 767
81 10
81 1049
81 367
81 418
81 1086
81 396
81 491
81 166
81 1189
81 1072
81 451
81 286
81 1075
81 1134
81 503
81 906
81 285
81 1241
81 849
81 753
81 110
81 587
81 1312
81 613
81 417
81 479
81 1374
81 410
81 623
81 1308
81 562
81 817
81 102
81 321
81 820
81 1260
81 150
81 530
81 480
81 111
81 355
81 103
81 940
81 909
81 670
81 768
81 455
81 223
81 866
81 619
81 1030
81 249
81 1019
81 1180
81 388
81 958
81 1365
81 184
81 1245
81 302
81 580
81 625
81 542
81 414
81 49
81 265
81 518
81 615
81 705
81 1047
81 630
81 1376
81 429
81 585
81 1252
81 1152
81 975
81 486
81 152
81 237
81 590
81 181
81 538
81 1052
81 777
81 581
81 824
81 316
81 577
81 639
81 804
81 1018
81 1063
81 1372
81 220
81 344
81 1057
81 881
81 1148
81 132
81 950
81 574
81 236
81 1369
81 1073
81 871
81 350
81 186
81 359
81 143
81 1016
81 778
81 11
81 507
81 108
81 385
81 59
81 1298
81 1240
81 16
81 448
81 875
81 573
81 1242
81 579
81 1087
81 24
81 320
81 862
81 1279
81 153
81 1013
81 552
81 499
81 914
81 557
81 281
81 202
81 1017
81 20
81 541
81 731
81 28
81 476
81 1199
81 1160
81 691
81 1388
81 825
81 1061
81 99
81 313
81 756
81 185
81 645
81 83
81 649
81 1295
81 1088
81 1194
81 745
81 1096
81 738
81 262
81 1097
81 1296
81 684
81 130
81 892
81 832
81 489
81 317
81 488
81 259
81 405
81 46
81 718
81 1174
