83 224
83 680
83 665
83 539
83 241
83 19
83 1141
83 494
83 188
83 217
83 1301
83 179
83 26
83 854
83 418
83 298
83 559
83 583
83 851
83 537
83 191
83 460
83 335
83 1254
83 327
83 629
83 952
83 134
83 953
83 1372
83 468
83 963
83 1253
83 331
83 445
83 664
83 775
83 1084
83 1083
83 1367
83 512
83 771
83 1078
83 1230
83 319
83 332
83 1327
83 669
83 160
83 660
83 954
83 1109
83 17
83 336
83 242
83 106
83 1368
83 483
83 299
83 396
83 326
83 473
83 39
83 107
83 957
83 1304
83 233
83 527
83 383
83 1275
83 1039
83 563
83 1248
83 955
83 297
83 507
83 1386
83 1060
83 951
83 369
83 525
83 920
83 161
83 362
83 1058
83 1182
83 1021
83 87
83 1080
83 1031
83 1210
83 1390
83 898
83 337
83 309
83 444
83 1202
83 714
83 467
83 584
83 487
83 555
83 1269
83 1221
83 1302
83 1384
83 1196
83 633
83 573
83 626
83 393
83 703
83 207
83 580
83 873
83 919
83 1181
83 97
83 273
83 236
83 358
83 542
83 514
83 666
83 112
83 798
83 1045
83 802
83 706
83 841
83 72
83 394
83 1237
83 1189
83 1187
83 549
83 491
83 550
83 457
83 850
83 1262
83 300
83 1054
83 801
83 818
83 744
83 827
83 365
83 305
83 1267
83 380
83 934
83 45
83 847
83 398
83 1310
83 366
83 333
83 370
83 900
83 10
83 121
83 848
83 347
83 1383
83 926
83 528
83 495
83 630
83 1193
83 1037
83 498
83 1183
83 534
83 941
83 681
83 377
83 637
83 153
83 1186
83 375
83 846
83 998
83 267
83 961
83 222
83 170
83 472
83 657
83 276
83 257
83 196
83 966
83 389
83 27
83 1389
83 1333
83 930
83 556
83 435
83 927
83 35
83 180
83 379
83 450
83 50
83 372
83 261
83 1029
83 1209
83 352
83 1374
83 37
83 987
83 98
83 73
83 754
83 553
83 1028
83 1105
83 1081
83 167
83 324
83 169
83 965
83 1283
83 38
83 960
83 540
83 610
83 376
83 402
83 733
83 318
83 266
83 62
83 348
83 770
83 1251
83 16
83 979
83 1190
83 294
83 1125
83 93
83 1191
83 751
83 23
83 243
83 410
83 996
83 154
83 116
83 119
83 1149
83 997
83 855
83 109
83 1281
83 404
83 94
83 1261
83 22
83 456
83 391
83 246
83 591
83 1074
83 611
83 126
83 1359
83 183
83 587
83 166
83 295
83 397
83 1259
83 1026
83 21
83 260
83 1034
83 940
83 903
83 54
83 739
83 140
83 1171
83 1185
83 1238
83 461
83 765
83 221
83 607
83 395
83 931
83 43
83 653
83 784
83 232
83 663
83 105
83 1006
83 1317
83 345
83 1008
83 1086
83 1203
83 1256
83 1252
83 342
83 668
83 48
83 1245
83 515
83 849
83 872
83 1236
83 110
83 659
83 194
83 386
83 944
83 582
83 1208
83 286
83 1142
83 562
83 1106
83 863
83 651
83 625
83 310
83 240
83 145
83 427
83 1216
83 451
83 586
83 408
83 1161
83 1227
83 1129
83 475
83 1265
83 1312
83 1303
83 1133
83 1198
83 101
83 442
83 814
83 774
83 916
83 1153
83 34
83 367
83 984
83 1201
83 490
83 1055
83 264
83 1059
83 178
83 414
83 826
83 355
83 1273
83 871
83 523
83 1121
83 411
83 71
83 535
83 901
83 517
83 306
83 1391
83 967
83 176
83 338
83 641
83 65
83 585
83 269
83 1223
83 283
83 1048
83 11
83 187
83 1043
83 115
83 1392
83 291
83 387
83 1118
83 385
83 102
83 341
83 978
83 413
83 1260
83 133
83 988
83 195
83 378
83 932
83 421
83 289
83 652
83 49
83 889
83 148
83 723
83 447
83 234
83 1007
83 974
83 351
83 895
83 303
83 831
83 741
83 5
83 1135
83 131
83 533
83 1099
83 1012
83 159
83 349
83 181
83 1286
83 3
83 1110
83 819
83 1050
83 1154
83 777
83 594
83 730
83 990
83 1014
83 1263
83 618
83 1366
83 1146
83 1266
83 821
83 428
83 1276
83 1228
83 103
83 227
83 6
83 840
83 599
83 764
83 248
83 173
83 1056
83 190
83 308
83 687
83 1362
83 30
83 1192
83 1249
83 761
83 228
83 671
83 1179
83 56
83 945
83 667
83 1200
83 593
83 564
83 55
83 1285
83 980
83 732
83 339
83 95
83 654
83 41
83 1255
83 484
83 258
83 268
83 1295
83 605
83 117
83 635
83 359
83 1225
83 1309
83 1264
83 1246
83 1306
83 104
83 504
83 1311
83 551
83 1214
83 1108
83 1382
83 68
83 29
83 388
83 1361
83 828
83 1077
83 432
83 149
83 193
83 1139
83 192
83 526
83 645
83 151
83 835
83 1023
83 1211
83 852
83 750
83 843
83 1299
83 922
83 1123
83 935
83 572
83 403
83 729
83 1068
83 340
83 1377
83 1159
83 346
83 1076
83 125
83 1234
83 1119
83 1062
83 1206
83 458
83 672
83 1277
83 122
83 407
83 623
83 639
83 400
83 574
83 1009
83 206
83 929
83 1272
83 86
83 1033
83 1232
83 570
83 578
83 108
83 177
83 1112
83 1300
83 1314
83 973
83 1222
83 1330
83 891
83 959
83 455
83 474
83 343
83 293
83 1079
83 226
83 558
83 263
83 1369
83 1138
83 409
83 590
83 1041
83 789
83 1397
83 89
83 323
83 704
83 731
83 753
83 545
83 384
83 1370
83 592
83 265
83 1011
83 521
83 1085
83 130
83 829
83 787
83 438
83 1175
83 755
83 485
83 128
83 1067
83 628
83 501
83 1124
83 152
83 1288
83 270
83 60
83 1025
83 271
83 32
83 4
83 785
83 1278
83 938
83 820
83 581
83 360
83 530
83 1090
83 716
83 862
83 24
83 1044
83 1353
83 1231
83 157
83 500
83 557
83 788
83 212
83 509
83 508
83 700
83 251
83 57
83 1140
83 13
83 84
83 1297
83 734
83 937
83 1365
83 31
83 1148
83 887
83 1376
83 1215
83 1258
83 760
83 28
83 1132
83 1363
83 503
83 53
83 1063
83 743
83 90
83 296
83 1399
83 943
83 833
83 150
83 577
83 203
83 913
83 329
83 452
83 842
83 439
83 1158
83 763
83 412
83 1268
83 70
83 208
83 552
83 609
83 18
83 137
83 656
83 313
83 864
83 437
83 1284
83 316
83 803
83 454
83 1241
83 390
83 272
83 1294
83 459
83 63
83 449
83 983
83 1184
83 554
83 496
83 357
83 2
83 1364
83 705
83 171
83 817
83 728
83 256
83 719
83 655
83 175
83 813
83 1001
83 322
83 216
83 908
83 469
83 1071
83 977
83 350
83 844
83 364
83 885
83 1155
83 280
83 120
83 1318
83 492
83 658
83 890
83 1049
83 511
83 1287
83 1120
83 1017
83 1070
83 899
83 136
83 1122
83 670
83 75
83 627
83 1032
83 1244
83 989
83 124
83 250
83 301
83 939
83 219
83 642
83 1052
83 1393
83 1036
83 1337
83 1226
83 1233
83 499
83 213
83 1355
83 235
83 1030
83 579
83 40
83 1073
83 111
83 823
83 868
83 215
83 917
83 661
83 1197
83 964
83 897
83 752
83 356
83 1308
83 138
83 866
83 426
83 1282
83 1331
83 786
83 1126
83 702
83 67
83 1220
83 568
83 440
83 510
83 824
83 576
83 334
83 1151
83 129
83 321
83 425
83 520
83 1195
83 307
83 921
83 371
83 85
83 1010
83 742
83 720
83 676
83 470
83 328
83 918
83 477
83 694
83 168
83 225
83 893
83 465
83 877
83 401
83 497
83 156
83 304
83 223
83 947
83 8
83 281
83 96
83 647
83 575
83 277
83 1103
83 1145
83 531
83 123
83 600
83 516
83 1322
83 135
83 1243
83 861
83 1313
83 601
83 47
83 762
83 392
83 544
83 446
83 1375
83 1072
83 1016
83 567
83 541
83 441
83 518
83 1046
83 373
83 278
83 61
83 118
83 486
83 51
83 519
83 522
83 1160
83 662
83 561
83 838
83 189
83 648
83 311
83 1321
83 615
83 288
83 1204
83 793
83 1339
83 44
83 1335
83 482
83 867
83 1015
83 650
83 1114
83 417
83 839
83 204
83 981
83 905
83 314
83 142
83 354
83 735
83 675
83 688
83 479
83 1395
83 800
83 58
83 538
83 127
83 595
83 914
83 1298
83 993
83 697
83 302
83 64
83 1065
83 36
83 1111
83 646
83 478
83 756
83 415
83 424
83 1328
83 1250
83 543
83 894
83 1053
83 69
83 907
83 975
83 781
83 231
83 88
83 1371
83 950
83 999
83 896
83 186
83 1042
83 962
83 699
83 1107
83 80
83 1315
83 33
83 1131
83 1047
83 7
83 684
83 99
83 710
83 909
83 1360
83 1130
83 870
83 588
83 845
83 884
83 925
83 91
83 1115
83 1027
83 184
83 330
83 406
83 1003
83 247
83 1069
83 76
83 292
83 25
83 612
83 114
83 254
83 1352
83 505
83 147
83 560
83 1217
83 726
83 325
83 749
83 229
83 606
83 1188
83 956
83 632
83 737
83 1378
83 1136
83 779
83 1354
83 830
83 1385
83 772
83 1005
83 683
83 698
83 422
83 949
83 1176
83 1024
83 1373
83 971
83 808
83 1242
83 344
83 1247
83 197
83 608
83 1348
83 15
83 214
83 1340
83 255
83 936
83 464
83 1224
83 164
83 569
83 969
83 210
83 1274
83 463
83 1270
83 420
83 596
83 382
83 1319
83 1381
83 758
83 12
83 279
83 1356
83 1002
83 923
83 434
83 571
83 717
83 1178
83 132
83 928
83 9
83 315
83 902
83 182
83 598
83 284
83 158
83 1075
83 1329
83 481
83 994
83 1279
83 363
83 769
83 317
83 1343
83 1207
83 799
83 1199
83 1051
83 1137
83 419
83 910
83 992
83 513
83 368
83 1013
83 1396
83 139
83 249
83 1
83 707
83 757
83 436
83 480
83 1342
83 597
83 1020
83 1038
83 431
83 1257
83 566
83 1305
83 690
83 778
83 942
83 524
83 1134
83 546
83 736
83 433
83 722
83 691
83 613
83 886
83 689
83 381
83 853
83 532
83 985
83 155
83 1307
83 946
83 1320
83 1152
83 604
83 488
83 1004
83 881
83 892
83 74
83 1100
83 1116
83 220
83 693
83 790
83 738
83 82
83 748
83 1357
83 502
83 972
83 20
83 1061
83 462
83 677
83 547
83 1218
83 874
83 836
83 443
83 201
83 199
83 1173
83 759
83 282
83 948
83 911
83 782
83 285
83 795
83 493
83 287
83 1240
83 174
83 252
83 361
83 1291
83 809
83 1019
83 1271
83 837
83 1157
83 1341
83 991
83 146
83 860
83 727
83 915
83 602
83 1336
83 812
83 876
83 1087
83 822
83 1229
83 506
83 1018
83 1351
83 636
83 205
83 869
83 1213
83 1040
83 816
83 1128
83 875
83 172
83 1292
83 768
83 796
83 92
83 589
83 353
83 644
83 81
83 721
83 832
83 724
83 976
83 1239
83 1293
83 1323
83 230
83 701
83 678
83 1156
83 1324
83 810
83 1162
83 692
83 617
83 312
83 882
83 198
83 448
83 634
83 776
83 14
83 1000
83 904
83 100
83 476
83 1082
83 640
83 144
83 1093
83 1117
83 780
83 712
83 883
83 374
83 52
83 696
83 1177
83 1088
83 143
83 1127
83 1398
83 747
83 1057
83 1172
83 1235
83 986
83 245
83 1347
83 906
83 1104
83 1326
83 970
83 746
83 1143
83 767
83 791
83 399
83 162
83 200
83 631
83 766
83 621
83 715
83 429
83 466
83 1394
83 79
83 1349
83 209
83 924
83 740
83 888
83 1289
83 141
83 679
83 202
83 619
83 912
83 1212
83 783
83 1150
83 773
83 1144
83 1180
83 857
83 1205
83 1035
83 865
83 416
83 686
83 237
83 165
83 1101
83 614
83 163
83 536
83 1350
83 1296
83 1280
83 682
83 982
83 880
83 825
83 1387
83 244
83 320
83 290
83 238
83 695
83 1094
83 1098
83 624
83 804
83 1346
83 239
83 1332
83 685
83 622
83 423
83 1219
83 1338
83 1066
83 713
83 1400
83 66
83 1194
83 709
83 834
83 958
83 259
83 453
83 46
83 1344
83 218
83 616
83 643
83 274
83 1092
83 430
83 638
83 1064
83 797
83 565
83 1113
83 792
83 529
83 674
83 807
83 1388
83 856
83 933
83 1165
83 1325
83 725
83 745
83 78
83 275
83 879
83 968
83 59
83 548
83 673
83 1022
83 1345
83 708
83 603
83 1095
83 1147
83 794
83 878
83 77
83 211
83 185
83 489
83 1380
83 253
83 649
83 1358
83 42
83 113
83 1163
83 858
83 262
83 815
83 1089
83 1379
83 1334
83 83
83 620
83 1290
83 1169
83 1316
83 1174
83 1170
83 711
83 1167
83 1091
83 1102
83 805
83 811
83 718
83 806
83 1164
83 859
83 1166
83 1168
83 405
83 1097
83 1096
