86 1074
86 516
86 755
86 431
86 19
86 1305
86 598
86 38
86 544
86 494
86 1269
86 813
86 40
86 1353
86 1272
86 1062
86 372
86 876
86 1197
86 997
86 41
86 719
86 1161
86 772
86 319
86 214
86 1227
86 235
86 175
86 345
86 801
86 1153
86 256
86 215
86 1259
86 535
86 60
86 879
86 567
86 332
86 1267
86 665
86 508
86 176
86 468
86 1066
86 1218
86 68
86 650
86 1331
86 1333
86 1265
86 188
86 597
86 1337
86 391
86 1349
86 1285
86 369
86 421
86 1069
86 297
86 860
86 1155
86 514
86 51
86 141
86 698
86 1367
86 171
86 798
86 203
86 39
86 1244
86 295
86 803
86 519
86 874
86 196
86 337
86 790
86 1151
86 170
86 600
86 1243
86 318
86 999
86 1373
86 402
86 37
86 809
86 920
86 346
86 179
86 1391
86 1106
86 109
86 994
86 911
86 354
86 953
86 1179
86 1154
86 901
86 289
86 120
86 347
86 226
86 511
86 221
86 814
86 213
86 896
86 725
86 593
86 311
86 808
86 919
86 1292
86 1266
86 197
86 227
86 193
86 154
86 700
86 314
86 1162
86 608
86 680
86 1336
86 1356
86 335
86 1318
86 27
86 1225
86 791
86 127
86 676
86 656
86 301
86 1006
86 195
86 1208
86 248
86 681
86 1114
86 268
86 252
86 243
86 288
86 1158
86 1286
86 1001
86 357
86 807
86 991
86 1378
86 781
86 545
86 1124
86 29
86 1187
86 65
86 242
86 1210
86 1327
86 525
86 728
86 409
86 52
86 783
86 925
86 795
86 1297
86 708
86 441
86 207
86 1339
86 1306
86 1257
86 137
86 594
86 232
86 360
86 1231
86 71
86 823
86 1328
86 1377
86 521
86 1115
86 1077
86 973
86 550
86 472
86 612
86 618
86 174
86 330
86 415
86 556
86 1276
86 333
86 74
86 224
86 917
86 841
86 553
86 1214
86 484
86 1311
86 1317
86 482
86 955
86 331
86 495
86 312
86 287
86 443
86 368
86 744
86 1314
86 178
86 1248
86 671
86 1159
86 1070
86 1105
86 739
86 308
86 465
86 192
86 774
86 952
86 666
86 291
86 161
86 520
86 1350
86 1310
86 747
86 844
86 815
86 793
86 717
86 633
86 1397
86 72
86 526
86 575
86 334
86 222
86 1
86 370
86 924
86 979
86 467
86 126
86 1141
86 758
86 1037
86 216
86 1287
86 234
86 549
86 1171
86 816
86 687
86 76
86 1362
86 1230
86 568
86 305
86 592
86 413
86 713
86 1118
86 1020
86 25
86 217
86 453
86 880
86 501
86 932
86 1274
86 140
86 1319
86 273
86 1390
86 43
86 1239
86 831
86 1076
86 655
86 1359
86 606
86 258
86 846
86 927
86 683
86 1058
86 1299
86 916
86 75
86 702
86 1303
86 124
86 923
86 631
86 427
86 716
86 1119
86 707
86 1065
86 173
86 1021
86 434
86 926
86 980
86 1031
86 1142
86 56
86 160
86 277
86 32
86 200
86 775
86 693
86 572
86 746
86 578
86 145
86 1302
86 264
86 990
86 704
86 749
86 159
86 1253
86 167
86 599
86 537
86 652
86 212
86 261
86 523
86 658
86 799
86 267
86 1126
86 929
86 763
86 1355
86 752
86 642
86 1093
86 609
86 1157
86 97
86 121
86 1270
86 496
86 390
86 1351
86 947
86 411
86 426
86 93
86 692
86 177
86 1223
86 954
86 836
86 35
86 561
86 848
86 433
86 286
86 191
86 380
86 418
86 800
86 1288
86 903
86 632
86 694
86 183
86 31
86 819
86 517
86 395
86 1177
86 513
86 1368
86 1005
86 1211
86 1039
86 1002
86 229
86 23
86 686
86 1083
86 899
86 339
86 1156
86 50
86 1123
86 1129
86 1130
86 438
86 709
86 948
86 569
86 1275
86 1068
86 194
86 714
86 70
86 1140
86 672
86 64
86 1324
86 36
86 86
86 384
86 512
86 230
86 80
86 326
86 637
86 182
86 1263
86 1135
86 984
86 826
86 270
86 1190
86 269
86 722
86 1255
86 233
86 643
86 461
86 741
86 1232
86 122
86 373
86 263
86 1258
86 1329
86 663
86 653
86 570
86 112
86 1107
86 885
86 1064
86 963
86 1237
86 450
86 762
86 712
86 14
86 131
86 366
86 1028
86 90
86 1075
86 604
86 444
86 810
86 404
86 821
86 1080
86 1284
86 760
86 1200
86 670
86 1228
86 204
86 296
86 921
86 26
86 854
86 1090
86 827
86 1014
86 340
86 210
86 78
86 1132
86 1109
86 1340
86 543
86 362
86 1092
86 1012
86 1071
86 782
86 1216
86 446
86 114
86 464
86 638
86 1363
86 30
86 271
86 336
86 95
86 403
86 1144
86 293
86 654
86 1278
86 1025
86 660
86 219
86 1182
86 1254
86 397
86 61
86 847
86 107
86 378
86 251
86 856
86 1343
86 998
86 685
86 435
86 1046
86 780
86 960
86 974
86 1330
86 100
86 558
86 1042
86 250
86 1300
86 986
86 720
86 845
86 863
86 1238
86 1165
86 988
86 1055
86 922
86 45
86 792
86 965
86 410
86 839
86 1163
86 498
86 588
86 408
86 440
86 710
86 1277
86 1380
86 85
86 115
86 283
86 307
86 239
86 753
86 699
86 967
86 727
86 750
86 1138
86 225
86 342
86 358
86 447
86 63
86 669
86 400
86 551
86 1384
86 905
86 1233
86 34
86 893
86 5
86 1186
86 338
86 802
86 456
86 469
86 1360
86 515
86 1341
86 266
86 209
86 106
86 492
86 992
86 1209
86 996
86 172
86 900
86 764
86 971
86 1112
86 1110
86 1094
86 1219
86 559
86 733
86 891
86 605
86 166
86 44
86 280
86 1313
86 779
86 729
86 978
86 1294
86 383
86 627
86 442
86 711
86 628
86 1213
86 851
86 833
86 528
86 908
86 201
86 355
86 241
86 595
86 765
86 761
86 53
86 981
86 1224
86 726
86 784
86 1133
86 1018
86 944
86 1252
86 294
86 928
86 206
86 586
86 490
86 635
86 1196
86 688
86 1131
86 1247
86 253
86 757
86 356
86 184
86 1084
86 902
86 706
86 169
86 915
86 985
86 1204
86 401
86 284
86 634
86 838
86 4
86 818
86 522
86 352
86 861
86 907
86 840
86 1304
86 730
86 1352
86 96
86 1054
86 69
86 540
86 462
86 883
86 1293
86 412
86 1198
86 993
86 1108
86 425
86 510
86 386
86 374
86 969
86 1249
86 898
86 1283
86 300
86 445
86 13
86 1399
86 641
86 10
86 849
86 398
86 964
86 279
86 1045
86 629
86 1185
86 246
86 58
86 1192
86 1375
86 1207
86 884
86 1176
86 1146
86 828
86 1389
86 626
86 1008
86 1260
86 935
86 419
86 664
86 976
86 88
86 1372
86 610
86 895
86 602
86 1191
86 33
86 1136
86 1050
86 554
86 675
86 1188
86 1268
86 601
86 466
86 67
86 407
86 1323
86 151
86 886
86 723
86 315
86 527
86 759
86 1009
86 1386
86 536
86 697
86 870
86 21
86 1122
86 945
86 910
86 1264
86 871
86 257
86 189
86 1139
86 1120
86 1051
86 125
86 530
86 327
86 190
86 1078
86 748
86 987
86 473
86 583
86 890
86 119
86 1201
86 455
86 1374
86 1234
86 470
86 894
86 625
86 904
86 546
86 1261
86 882
86 673
86 363
86 1246
86 500
86 937
86 1060
86 867
86 1081
86 913
86 887
86 1181
86 236
86 806
86 147
86 12
86 505
86 123
86 103
86 457
86 1121
86 1043
86 934
86 1170
86 1312
86 87
86 1029
86 9
86 198
86 1007
86 299
86 1044
86 822
86 276
86 156
86 101
86 941
86 1215
86 877
86 1322
86 375
86 1290
86 961
86 796
86 938
86 208
86 574
86 690
86 1301
86 589
86 1315
86 1382
86 1393
86 245
86 1361
86 724
86 1048
86 657
86 751
86 918
86 483
86 260
86 1212
86 1220
86 1024
86 943
86 661
86 1262
86 416
86 678
86 365
86 662
86 1195
86 148
86 479
86 771
86 1282
86 1193
86 873
86 946
86 292
86 951
86 290
86 563
86 623
86 116
86 1099
86 310
86 972
86 309
86 428
86 547
86 1175
86 721
86 703
86 580
86 564
86 835
86 975
86 983
86 164
86 1251
86 667
86 843
86 1067
86 503
86 850
86 377
86 322
86 1379
86 449
86 367
86 1169
86 1321
86 830
86 187
86 1117
86 149
86 607
86 696
86 1364
86 205
86 842
86 231
86 866
86 17
86 298
86 591
86 956
86 77
86 940
86 977
86 811
86 715
86 668
86 936
86 1203
86 1164
86 142
86 48
86 487
86 1147
86 133
86 957
86 970
86 129
86 348
86 989
86 1125
86 584
86 770
86 857
86 62
86 1095
86 1347
86 878
86 324
86 1365
86 359
86 1091
86 134
86 1395
86 824
86 481
86 582
86 769
86 79
86 323
86 144
86 150
86 254
86 639
86 42
86 1172
86 1015
86 504
86 966
86 452
86 6
86 695
86 1189
86 539
86 1342
86 636
86 497
86 930
86 1396
86 1271
86 909
86 139
86 1281
86 392
86 152
86 1383
86 454
86 590
86 108
86 1145
86 1381
86 364
86 534
86 57
86 1369
86 1250
86 1086
86 805
86 754
86 577
86 393
86 379
86 1059
86 651
86 1000
86 1034
86 303
86 1291
86 1256
86 66
86 1049
86 1348
86 341
86 54
86 1335
86 689
86 533
86 1326
86 506
86 950
86 316
86 829
86 1089
86 1325
86 491
86 812
86 1221
86 343
86 1128
86 868
86 458
86 104
86 351
86 552
86 624
86 1366
86 1111
86 448
86 531
86 1183
86 15
86 1217
86 852
86 1098
86 1023
86 420
86 962
86 1033
86 1273
86 186
86 740
86 329
86 98
86 11
86 1149
86 736
86 1320
86 611
86 786
86 168
86 432
86 1101
86 1371
86 306
86 199
86 55
86 439
86 394
86 581
86 1354
86 640
86 18
86 1332
86 1027
86 73
86 180
86 278
86 1392
86 463
86 555
86 939
86 265
86 1173
86 1178
86 371
86 785
86 1245
86 889
86 28
86 1205
86 1053
86 22
86 102
86 542
86 576
86 1036
86 820
86 381
86 1072
86 485
86 138
86 742
86 933
86 424
86 240
86 1103
86 931
86 105
86 1004
86 499
86 646
86 853
86 679
86 16
86 734
86 414
86 1073
86 701
86 1226
86 1056
86 376
86 460
86 1222
86 659
86 872
86 1019
86 304
86 406
86 797
86 674
86 587
86 430
86 509
86 89
86 566
86 477
86 1011
86 732
86 396
86 1338
86 648
86 1160
86 914
86 562
86 117
86 1017
86 1032
86 571
86 617
86 153
86 136
86 1309
86 777
86 1061
86 349
86 735
86 906
86 1116
86 743
86 1241
86 135
86 968
86 272
86 585
86 864
86 834
86 881
86 47
86 474
86 897
86 1040
86 1370
86 475
86 388
86 1236
86 737
86 486
86 1127
86 788
86 451
86 389
86 1398
86 282
86 862
86 776
86 507
86 417
86 1307
86 1143
86 1087
86 8
86 1289
86 766
86 1295
86 82
86 1202
86 647
86 541
86 768
86 1134
86 220
86 1242
86 1150
86 146
86 281
86 1229
86 91
86 865
86 321
86 2
86 1010
86 1167
86 3
86 157
86 1041
86 218
86 255
86 532
86 630
86 237
86 274
86 459
86 1026
86 223
86 423
86 705
86 789
86 1079
86 247
86 1063
86 1184
86 1279
86 128
86 132
86 387
86 1206
86 959
86 49
86 84
86 644
86 275
86 767
86 285
86 94
86 596
86 1016
86 560
86 837
86 794
86 328
86 1035
86 1085
86 1104
86 1385
86 163
86 787
86 325
86 1148
86 211
86 1345
86 158
86 1357
86 645
86 165
86 1013
86 238
86 493
86 942
86 478
86 1298
86 888
86 1102
86 615
86 1346
86 20
86 1100
86 1400
86 7
86 518
86 613
86 350
86 1166
86 1376
86 1030
86 437
86 1334
86 817
86 557
86 502
86 548
86 912
86 181
86 1038
86 1057
86 982
86 24
86 361
86 244
86 892
86 1003
86 313
86 573
86 1022
86 143
86 249
86 480
86 1082
86 228
86 804
86 92
86 162
86 858
86 677
86 579
86 622
86 130
86 949
86 855
86 1280
86 344
86 118
86 385
86 353
86 399
86 110
86 111
86 524
86 869
86 832
86 1308
86 113
86 621
86 859
86 1296
86 81
86 958
86 1235
86 1052
86 422
86 436
86 1152
86 1344
86 1394
86 1168
86 538
86 603
86 529
86 1199
86 429
86 619
86 875
86 185
86 1387
86 1113
86 616
86 620
86 1180
86 155
86 825
86 99
86 1047
86 731
86 476
86 202
86 302
86 565
86 614
86 773
86 691
86 745
86 1088
86 488
86 649
86 682
86 756
86 262
86 382
86 738
86 1137
86 1388
86 320
86 1358
86 83
86 1240
86 778
86 1316
86 317
86 259
86 1097
86 684
86 59
86 1194
86 46
86 489
86 718
86 1096
86 1174
86 405
