88 617
88 622
88 616
88 621
88 548
88 1150
88 1348
88 806
88 275
88 1102
88 807
88 1147
88 1319
88 431
88 1274
88 619
88 715
88 510
88 969
88 1114
88 163
88 810
88 162
88 608
88 805
88 1124
88 615
88 994
88 182
88 245
88 624
88 1243
88 1292
88 971
88 505
88 758
88 1011
88 1103
88 717
88 1345
88 958
88 1247
88 1162
88 77
88 1161
88 178
88 176
88 1157
88 1219
88 253
88 816
88 774
88 882
88 174
88 438
88 811
88 860
88 69
88 697
88 1004
88 1159
88 803
88 154
88 692
88 618
88 436
88 1077
88 516
88 1009
88 671
88 175
88 896
88 1166
88 809
88 1349
88 197
88 226
88 1211
88 1352
88 524
88 880
88 1230
88 944
88 946
88 1347
88 612
88 1331
88 519
88 243
88 1163
88 721
88 430
88 76
88 354
88 1094
88 604
88 1065
88 631
88 992
88 812
88 1291
88 143
88 711
88 1313
88 203
88 32
88 876
88 795
88 620
88 1258
88 747
88 698
88 251
88 708
88 215
88 949
88 1093
88 571
88 1170
88 696
88 1165
88 234
88 531
88 1225
88 974
88 791
88 1269
88 598
88 282
88 999
88 506
88 533
88 8
88 993
88 1164
88 1378
88 1155
88 927
88 948
88 1391
88 575
88 1353
88 378
88 606
88 483
88 1299
88 1350
88 776
88 1344
88 1216
88 973
88 808
88 635
88 303
88 650
88 1003
88 1227
88 1062
88 1139
88 972
88 792
88 719
88 1380
88 164
88 1156
88 1335
88 673
88 340
88 1074
88 656
88 29
88 1393
88 636
88 1305
88 308
88 493
88 40
88 1107
88 41
88 813
88 1144
88 567
88 632
88 1218
88 1381
88 628
88 230
88 1195
88 158
88 368
88 1351
88 125
88 514
88 509
88 156
88 511
88 1346
88 1143
88 384
88 19
88 983
88 1284
88 1354
88 690
88 725
88 263
88 868
88 1355
88 602
88 314
88 1341
88 981
88 68
88 614
88 1323
88 1336
88 716
88 433
88 988
88 141
88 925
88 960
88 61
88 239
88 1214
88 497
88 140
88 613
88 96
88 1158
88 148
88 592
88 242
88 443
88 1223
88 1318
88 759
88 1115
88 62
88 643
88 665
88 370
88 122
88 109
88 968
88 979
88 561
88 290
88 171
88 800
88 605
88 799
88 333
88 192
88 22
88 36
88 1153
88 27
88 95
88 772
88 301
88 1042
88 780
88 138
88 909
88 1183
88 1095
88 879
88 547
88 289
88 85
88 56
88 1046
88 678
88 358
88 43
88 413
88 1091
88 566
88 796
88 1006
88 1140
88 343
88 1201
88 1277
88 328
88 411
88 700
88 550
88 1101
88 1169
88 1285
88 1177
88 48
88 555
88 258
88 472
88 1312
88 687
88 1089
88 51
88 347
88 1196
88 381
88 360
88 947
88 1339
88 357
88 911
88 904
88 222
88 996
88 416
88 210
88 490
88 568
88 1064
88 666
88 655
88 1151
88 1385
88 762
88 595
88 1367
88 834
88 694
88 114
88 1379
88 520
88 1001
88 60
88 280
88 142
88 991
88 672
88 311
88 599
88 169
88 814
88 1270
88 596
88 238
88 970
88 217
88 1105
88 335
88 79
88 1005
88 80
88 793
88 453
88 256
88 18
88 526
88 261
88 339
88 513
88 170
88 874
88 910
88 1142
88 482
88 707
88 657
88 609
88 67
88 10
88 878
88 424
88 288
88 372
88 569
88 582
88 218
88 593
88 1010
88 900
88 668
88 558
88 293
88 39
88 86
88 1278
88 652
88 728
88 97
88 786
88 884
88 770
88 407
88 713
88 225
88 798
88 726
88 589
88 1007
88 399
88 1104
88 442
88 345
88 1369
88 1286
88 269
88 183
88 277
88 913
88 661
88 337
88 908
88 1111
88 658
88 409
88 712
88 1226
88 1244
88 38
88 601
88 710
88 695
88 168
88 446
88 990
88 1090
88 546
88 522
88 549
88 161
88 982
88 923
88 58
88 375
88 583
88 702
88 1342
88 332
88 408
88 70
88 193
88 989
88 74
88 1239
88 106
88 560
88 498
88 1021
88 917
88 521
88 421
88 512
88 415
88 804
88 131
88 1076
88 291
88 827
88 465
88 610
88 1256
88 1338
88 651
88 196
88 1191
88 1261
88 1266
88 1040
88 12
88 50
88 274
88 346
88 915
88 1340
88 334
88 160
88 1327
88 883
88 1188
88 100
88 570
88 907
88 1306
88 481
88 768
88 120
88 435
88 391
88 123
88 352
88 1311
88 212
88 231
88 492
88 235
88 173
88 1324
88 977
88 962
88 532
88 207
88 693
88 295
88 1207
88 1360
88 1149
88 276
88 1326
88 1217
88 1328
88 508
88 205
88 952
88 638
88 528
88 386
88 659
88 789
88 145
88 1168
88 126
88 980
88 1209
88 294
88 709
88 535
88 219
88 177
88 1373
88 1303
88 474
88 502
88 744
88 1187
88 714
88 1265
88 248
88 1099
88 523
88 338
88 72
88 300
88 749
88 25
88 683
88 938
88 268
88 199
88 578
88 751
88 959
88 797
88 536
88 829
88 1263
88 1314
88 57
88 283
88 394
88 821
88 449
88 676
88 846
88 213
88 755
88 204
88 1098
88 484
88 450
88 53
88 727
88 642
88 1167
88 1252
88 1154
88 844
88 1215
88 35
88 37
88 1264
88 1085
88 986
88 1106
88 373
88 1237
88 1267
88 1250
88 1205
88 260
88 704
88 1251
88 1362
88 1066
88 252
88 1383
88 518
88 279
88 224
88 214
88 664
88 823
88 458
88 552
88 1276
88 1075
88 1232
88 194
88 1080
88 267
88 675
88 965
88 1297
88 52
88 544
88 1198
88 1377
88 1
88 836
88 434
88 137
88 383
88 439
88 250
88 1364
88 116
88 963
88 1343
88 464
88 101
88 33
88 240
88 13
88 838
88 586
88 543
88 633
88 905
88 1022
88 790
88 871
88 998
88 647
88 45
88 305
88 590
88 828
88 66
88 922
88 117
88 1092
88 1186
88 686
88 11
88 331
88 1002
88 491
88 588
88 31
88 517
88 34
88 584
88 1204
88 139
88 227
88 103
88 670
88 71
88 861
88 246
88 924
88 480
88 1078
88 748
88 157
88 466
88 55
88 1136
88 997
88 83
88 119
88 1275
88 1012
88 1234
88 559
88 781
88 1197
88 1294
88 1228
88 363
88 427
88 21
88 1242
88 674
88 1182
88 1018
88 1233
88 515
88 920
88 901
88 127
88 885
88 654
88 501
88 362
88 597
88 934
88 485
88 1310
88 1287
88 1033
88 319
88 459
88 209
88 124
88 1231
88 1019
88 206
88 629
88 184
88 1325
88 737
88 229
88 877
88 556
88 330
88 679
88 287
88 787
88 1262
88 306
88 939
88 23
88 954
88 1037
88 1141
88 364
88 89
88 1356
88 272
88 554
88 1337
88 1039
88 978
88 216
88 591
88 5
88 1110
88 401
88 1125
88 285
88 75
88 1008
88 1135
88 302
88 835
88 266
88 841
88 931
88 90
88 763
88 1372
88 1000
88 398
88 932
88 366
88 1329
88 1333
88 63
88 1315
88 179
88 895
88 7
88 494
88 847
88 426
88 369
88 1282
88 534
88 557
88 297
88 112
88 1317
88 926
88 82
88 406
88 752
88 1386
88 172
88 1397
88 975
88 817
88 64
88 121
88 1395
88 1257
88 783
88 325
88 848
88 495
88 461
88 1359
88 581
88 893
88 420
88 1175
88 1069
88 237
88 784
88 623
88 437
88 134
88 891
88 105
88 771
88 881
88 765
88 1249
88 342
88 147
88 316
88 232
88 312
88 611
88 1272
88 914
88 976
88 950
88 456
88 1302
88 1192
88 1283
88 603
88 1176
88 432
88 564
88 1109
88 1288
88 733
88 819
88 902
88 487
88 296
88 545
88 1210
88 1308
88 600
88 104
88 414
88 457
88 254
88 187
88 688
88 393
88 1020
88 788
88 228
88 462
88 1025
88 1190
88 1084
88 1392
88 380
88 1268
88 1255
88 553
88 200
88 65
88 778
88 315
88 1253
88 537
88 691
88 736
88 500
88 1068
88 1236
88 348
88 264
88 136
88 662
88 1246
88 365
88 73
88 270
88 916
88 1208
88 648
88 663
88 78
88 1238
88 102
88 945
88 503
88 1221
88 627
88 1057
88 757
88 504
88 1171
88 1254
88 1138
88 782
88 1185
88 1031
88 1145
88 864
88 754
88 1293
88 634
88 159
88 525
88 850
88 441
88 720
88 400
88 802
88 410
88 689
88 639
88 929
88 1370
88 1173
88 128
88 1015
88 304
88 953
88 189
88 286
88 273
88 906
88 745
88 440
88 1034
88 475
88 646
88 830
88 167
88 723
88 135
88 98
88 447
88 961
88 429
88 1072
88 262
88 1058
88 1028
88 220
88 919
88 211
88 750
88 133
88 955
88 186
88 190
88 402
88 649
88 903
88 527
88 479
88 1307
88 425
88 151
88 936
88 1043
88 822
88 840
88 853
88 766
88 1259
88 1332
88 1030
88 42
88 849
88 198
88 397
88 49
88 6
88 1260
88 845
88 1394
88 355
88 729
88 1304
88 1128
88 576
88 1023
88 887
88 1371
88 685
88 826
88 724
88 477
88 327
88 863
88 843
88 1179
88 1079
88 93
88 1398
88 444
88 188
88 153
88 1301
88 144
88 930
88 1014
88 1146
88 866
88 680
88 572
88 669
88 842
88 88
88 779
88 594
88 857
88 943
88 966
88 1363
88 1322
88 1017
88 265
88 146
88 640
88 107
88 152
88 329
88 964
88 741
88 26
88 626
88 1374
88 1013
88 815
88 326
88 47
88 1390
88 499
88 739
88 149
88 1212
88 191
88 92
88 324
88 412
88 395
88 794
88 801
88 221
88 1300
88 1081
88 428
88 660
88 351
88 1027
88 470
88 1389
88 417
88 1368
88 888
88 1108
88 889
88 1382
88 529
88 318
88 746
88 1083
88 451
88 129
88 839
88 132
88 1055
88 377
88 967
88 1035
88 321
88 54
88 1129
88 1199
88 764
88 241
88 894
88 478
88 392
88 422
88 607
88 1290
88 1130
88 448
88 356
88 865
88 898
88 223
88 1321
88 87
88 775
88 1172
88 1044
88 1200
88 637
88 467
88 1118
88 255
88 1178
88 150
88 249
88 4
88 542
88 1387
88 1365
88 785
88 1063
88 473
88 867
88 299
88 344
88 244
88 984
88 1271
88 831
88 247
88 374
88 1384
88 1016
88 563
88 353
88 1202
88 44
88 912
88 1032
88 469
88 166
88 91
88 851
88 862
88 855
88 1388
88 9
88 899
88 539
88 271
88 1298
88 445
88 1049
88 587
88 742
88 681
88 1133
88 854
88 1052
88 195
88 1273
88 928
88 323
88 951
88 985
88 1399
88 17
88 942
88 454
88 404
88 1396
88 1248
88 577
88 468
88 341
88 1045
88 630
88 419
88 644
88 322
88 1295
88 180
88 886
88 463
88 30
88 551
88 987
88 1361
88 257
88 818
88 486
88 769
88 859
88 181
88 1086
88 1330
88 455
88 562
88 858
88 292
88 108
88 890
88 573
88 3
88 1121
88 856
88 1400
88 165
88 1281
88 1220
88 585
88 350
88 298
88 313
88 1229
88 761
88 460
88 1026
88 753
88 1070
88 281
88 208
88 574
88 155
88 653
88 389
88 1038
88 1056
88 1160
88 777
88 371
88 641
88 1119
88 875
88 667
88 233
88 309
88 1036
88 115
88 1213
88 1120
88 1060
88 852
88 730
88 1123
88 396
88 367
88 379
88 1189
88 892
88 1071
88 336
88 387
88 1061
88 320
88 1279
88 403
88 1320
88 732
88 349
88 833
88 897
88 957
88 84
88 452
88 1029
88 418
88 731
88 1100
88 236
88 722
88 1131
88 706
88 1181
88 310
88 1289
88 1117
88 423
88 918
88 1148
88 1375
88 390
88 540
88 1203
88 699
88 935
88 1067
88 1059
88 734
88 1376
88 625
88 1041
88 110
88 1082
88 773
88 1113
88 1126
88 388
88 677
88 307
88 940
88 1235
88 937
88 284
88 376
88 1048
88 1152
88 24
88 1054
88 496
88 28
88 185
88 956
88 870
88 824
88 738
88 565
88 1024
88 1050
88 1193
88 837
88 1224
88 1053
88 820
88 1206
88 1334
88 113
88 1132
88 1357
88 941
88 756
88 684
88 361
88 1366
88 760
88 507
88 1122
88 1127
88 1280
88 703
88 1047
88 1051
88 701
88 81
88 130
88 645
88 530
88 201
88 385
88 873
88 1073
88 718
88 476
88 111
88 872
88 1134
88 538
88 1112
88 15
88 1087
88 1184
88 488
88 740
88 359
88 767
88 921
88 405
88 94
88 580
88 99
88 1222
88 2
88 1316
88 382
88 278
88 14
88 735
88 743
88 16
88 1241
88 933
88 1245
88 1116
88 579
88 705
88 1296
88 1309
88 202
88 541
88 46
88 1180
88 832
88 869
88 682
88 20
88 1088
88 118
88 489
88 259
88 1097
88 825
88 59
88 317
88 1358
88 1174
88 1240
88 1096
88 1137
88 1194
