89 52
89 1338
89 924
89 433
89 1290
89 205
89 782
89 189
89 711
89 791
89 1332
89 793
89 783
89 685
89 815
89 1092
89 757
89 709
89 674
89 675
89 708
89 683
89 970
89 1271
89 1064
89 225
89 712
89 312
89 593
89 526
89 200
89 632
89 1188
89 693
89 694
89 676
89 1328
89 774
89 1334
89 1352
89 1162
89 696
89 440
89 1095
89 1292
89 1163
89 465
89 803
89 984
89 226
89 920
89 1341
89 797
89 277
89 781
89 794
89 987
89 699
89 1331
89 1165
89 174
89 222
89 973
89 1115
89 919
89 879
89 985
89 780
89 335
89 638
89 243
89 1339
89 994
89 229
89 759
89 755
89 993
89 197
89 750
89 287
89 713
89 213
89 464
89 1006
89 1197
89 453
89 282
89 409
89 434
89 686
89 545
89 333
89 70
89 679
89 986
89 567
89 1351
89 812
89 175
89 279
89 1094
89 1343
89 1349
89 634
89 1233
89 513
89 288
89 519
89 1289
89 291
89 1337
89 880
89 1272
89 426
89 814
89 997
89 989
89 173
89 203
89 1353
89 692
89 948
89 600
89 516
89 592
89 176
89 991
89 431
89 779
89 250
89 284
89 468
89 1212
89 146
89 1329
89 435
89 749
89 1218
89 801
89 976
89 813
89 1336
89 990
89 19
89 1089
89 508
89 1231
89 326
89 643
89 106
89 1164
89 76
89 1144
89 1213
89 535
89 672
89 215
89 289
89 971
89 748
89 25
89 310
89 1195
89 671
89 564
89 252
89 901
89 918
89 1350
89 1333
89 341
89 1267
89 929
89 1229
89 230
89 74
89 700
89 39
89 544
89 798
89 420
89 1001
89 1342
89 124
89 1062
89 650
89 972
89 520
89 212
89 216
89 795
89 1355
89 1141
89 947
89 218
89 235
89 404
89 631
89 177
89 941
89 78
89 1266
89 680
89 511
89 1114
89 1066
89 597
89 662
89 1300
89 710
89 375
89 1091
89 1107
89 902
89 612
89 601
89 116
89 725
89 772
89 256
89 127
89 198
89 242
89 689
89 1244
89 311
89 1198
89 1090
89 224
89 97
89 18
89 23
89 678
89 1112
89 1232
89 354
89 522
89 261
89 608
89 40
89 217
89 561
89 29
89 721
89 1187
89 988
89 346
89 258
89 1076
89 512
89 1074
89 746
89 118
89 775
89 1243
89 514
89 792
89 206
89 56
89 915
89 257
89 1161
89 14
89 232
89 636
89 886
89 578
89 633
89 547
89 673
89 441
89 452
89 1283
89 270
89 747
89 992
89 588
89 71
89 505
89 899
89 1378
89 276
89 192
89 938
89 347
89 690
89 487
89 430
89 701
89 1270
89 64
89 247
89 214
89 698
89 191
89 331
89 922
89 894
89 38
89 651
89 659
89 131
89 133
89 967
89 1373
89 1124
89 591
89 877
89 340
89 852
89 1303
89 427
89 688
89 604
89 695
89 490
89 1170
89 800
89 796
89 1258
89 1277
89 917
89 784
89 351
89 1179
89 1256
89 627
89 1356
89 996
89 999
89 1204
89 1227
89 1222
89 1377
89 139
89 357
89 1306
89 1105
89 126
89 120
89 1275
89 719
89 1307
89 790
89 80
89 599
89 308
89 179
89 1145
89 65
89 697
89 926
89 246
89 147
89 1042
89 129
89 911
89 895
89 334
89 653
89 1159
89 550
89 221
89 239
89 1320
89 808
89 51
89 199
89 1
89 1171
89 1309
89 816
89 979
89 1154
89 204
89 193
89 372
89 362
89 1254
89 323
89 66
89 629
89 496
89 301
89 1250
89 605
89 1044
89 494
89 142
89 558
89 1169
89 1367
89 188
89 60
89 1265
89 1081
89 1239
89 1371
89 413
89 1209
89 687
89 1106
89 1130
89 443
89 1223
89 389
89 1391
89 1182
89 96
89 366
89 525
89 521
89 72
89 900
89 666
89 704
89 196
89 923
89 290
89 1390
89 1080
89 559
89 846
89 1173
89 528
89 758
89 86
89 105
89 415
89 233
89 48
89 63
89 297
89 387
89 891
89 598
89 555
89 570
89 1214
89 669
89 157
89 925
89 4
89 251
89 336
89 1253
89 624
89 161
89 1082
89 916
89 101
89 345
89 611
89 769
89 42
89 1005
89 268
89 483
89 540
89 358
89 318
89 1186
89 897
89 305
89 1234
89 963
89 380
89 566
89 219
89 114
89 1276
89 264
89 903
89 921
89 1166
89 122
89 1230
89 715
89 1325
89 533
89 89
89 9
89 763
89 255
89 1305
89 737
89 665
89 707
89 269
89 446
89 141
89 373
89 470
89 30
89 896
89 717
89 484
89 1299
89 1151
89 956
89 1153
89 1249
89 1070
89 1175
89 765
89 857
89 1149
89 657
89 319
89 1280
89 682
89 442
89 848
89 337
89 943
89 703
89 423
89 806
89 240
89 965
89 61
89 407
89 752
89 26
89 95
89 1397
89 136
89 1278
89 112
89 31
89 1028
89 201
89 1284
89 571
89 474
89 569
89 1368
89 378
89 576
89 960
89 1000
89 1038
89 32
89 1302
89 432
89 1202
89 1274
89 53
89 1269
89 1008
89 1393
89 1228
89 786
89 946
89 182
89 1348
89 652
89 850
89 766
89 154
89 998
89 178
89 876
89 733
89 860
89 377
89 1324
89 145
89 104
89 369
89 1359
89 664
89 1330
89 390
89 702
89 472
89 1135
89 241
89 137
89 356
89 1380
89 306
89 1285
89 1340
89 1319
89 1216
89 1323
89 1167
89 953
89 810
89 77
89 1220
89 1208
89 1259
89 1225
89 1104
89 1263
89 754
89 1039
89 55
89 352
89 307
89 419
89 644
89 728
89 1395
89 2
89 974
89 1288
89 966
89 907
89 844
89 510
89 964
89 1287
89 927
89 171
89 418
89 1040
89 383
89 314
89 498
89 610
89 7
89 475
89 961
89 1297
89 324
89 830
89 1118
89 928
89 75
89 1024
89 807
89 467
89 172
89 641
89 811
89 776
89 1067
89 1366
89 371
89 787
89 1058
89 332
89 885
89 210
89 391
89 1381
89 845
89 248
89 438
89 1191
89 397
89 842
89 37
89 27
89 1109
89 789
89 1111
89 67
89 10
89 338
89 260
89 681
89 954
89 1211
89 637
89 1172
89 1318
89 469
89 398
89 504
89 267
89 73
89 933
89 1310
89 1034
89 527
89 98
89 272
89 1048
89 1093
89 1398
89 45
89 87
89 1116
89 382
89 1293
89 827
89 854
89 1200
89 88
89 1399
89 539
89 492
89 330
89 368
89 847
89 655
89 1201
89 1155
89 365
89 888
89 821
89 245
89 408
89 864
89 456
89 411
89 568
89 384
89 370
89 1281
89 910
89 1157
89 58
89 421
89 764
89 1065
89 1192
89 1050
89 1247
89 194
89 33
89 254
89 656
89 1354
89 1301
89 392
89 1110
89 1129
89 1386
89 1357
89 937
89 575
89 744
89 785
89 809
89 736
89 537
89 799
89 1248
89 386
89 1046
89 890
89 589
89 1311
89 945
89 5
89 1131
89 1327
89 296
89 315
89 1361
89 1177
89 3
89 364
89 556
89 1362
89 936
89 57
89 41
89 670
89 1126
89 869
89 148
89 959
89 617
89 1291
89 1120
89 553
89 416
89 457
89 661
89 562
89 234
89 836
89 165
89 1251
89 412
89 123
89 887
89 360
89 572
89 912
89 163
89 1238
89 949
89 445
89 12
89 1132
89 300
89 606
89 1078
89 1117
89 1077
89 770
89 762
89 531
89 607
89 21
89 978
89 343
89 1210
89 144
89 1326
89 1363
89 207
89 1375
89 1313
89 54
89 1069
89 935
89 839
89 401
89 771
89 1221
89 838
89 473
89 1294
89 1020
89 381
89 1075
89 934
89 788
89 942
89 551
89 125
89 913
89 1282
89 1246
89 1036
89 1203
89 253
89 94
89 863
89 1347
89 1059
89 1012
89 497
89 663
89 1385
89 1224
89 195
89 294
89 955
89 69
89 714
89 642
89 596
89 609
89 138
89 424
89 1268
89 209
89 565
89 327
89 348
89 969
89 1004
89 1147
89 493
89 164
89 44
89 1119
89 273
89 668
89 819
89 727
89 402
89 1002
89 115
89 741
89 826
89 1037
89 1054
89 952
89 574
89 140
89 211
89 858
89 1125
89 1138
89 523
89 1264
89 625
89 461
89 626
89 549
89 1084
89 160
89 1068
89 1071
89 121
89 50
89 227
89 529
89 843
89 534
89 17
89 236
89 1139
89 450
89 309
89 151
89 47
89 823
89 742
89 706
89 363
89 501
89 1207
89 1051
89 595
89 439
89 1387
89 180
89 265
89 732
89 554
89 107
89 342
89 13
89 546
89 1219
89 1261
89 100
89 1400
89 187
89 394
89 646
89 1382
89 1396
89 1189
89 428
89 156
89 329
89 648
89 298
89 658
89 339
89 477
89 1031
89 1262
89 874
89 1158
89 930
89 1237
89 1140
89 884
89 299
89 957
89 1257
89 1322
89 1392
89 1136
89 722
89 1127
89 654
89 417
89 1190
89 1043
89 882
89 1176
89 190
89 716
89 743
89 400
89 1035
89 1364
89 822
89 374
89 618
89 1146
89 726
89 1056
89 208
89 169
89 1260
89 1143
89 1315
89 1286
89 166
89 278
89 134
89 515
89 1009
89 1007
89 1142
89 1011
89 883
89 1025
89 167
89 406
89 856
89 1360
89 840
89 280
89 543
89 1072
89 1236
89 454
89 238
89 283
89 861
89 1021
89 859
89 81
89 393
89 1335
89 647
89 660
89 1206
89 481
89 1374
89 458
89 170
89 767
89 293
89 85
89 802
89 1394
89 485
89 135
89 266
89 500
89 503
89 1178
89 905
89 932
89 1181
89 583
89 444
89 729
89 84
89 62
89 162
89 68
89 1055
89 263
89 35
89 831
89 1014
89 316
89 22
89 1101
89 1010
89 560
89 667
89 805
89 119
89 853
89 548
89 1156
89 841
89 1344
89 635
89 761
89 1168
89 870
89 628
89 1123
89 851
89 425
89 730
89 90
89 1226
89 980
89 524
89 1235
89 1273
89 79
89 944
89 1045
89 1133
89 835
89 828
89 159
89 1217
89 951
89 872
89 1321
89 602
89 739
89 350
89 740
89 459
89 931
89 1314
89 486
89 1372
89 1346
89 867
89 1245
89 1185
89 482
89 1053
89 1255
89 1304
89 1196
89 491
89 1061
89 36
89 183
89 940
89 1121
89 1184
89 908
89 590
89 292
89 1060
89 462
89 150
89 1384
89 8
89 460
89 1358
89 1032
89 495
89 109
89 1033
89 376
89 455
89 93
89 1085
89 773
89 1122
89 1152
89 1099
89 530
89 359
89 939
89 977
89 873
89 1379
89 734
89 723
89 108
89 155
89 981
89 584
89 355
89 1027
89 1205
89 1113
89 532
89 735
89 1128
89 753
89 303
89 1383
89 615
89 1083
89 586
89 541
89 889
89 43
89 103
89 275
89 228
89 295
89 975
89 231
89 34
89 410
89 818
89 563
89 538
89 983
89 868
89 414
89 630
89 403
89 1193
89 507
89 117
89 447
89 286
89 865
89 168
89 1183
89 1098
89 184
89 304
89 878
89 720
89 517
89 271
89 1389
89 379
89 536
89 11
89 1073
89 1103
89 866
89 313
89 466
89 1215
89 677
89 829
89 361
89 1317
89 616
89 751
89 15
89 1241
89 1365
89 353
89 594
89 962
89 982
89 449
89 603
89 149
89 581
89 614
89 128
89 153
89 1370
89 577
89 422
89 202
89 1079
89 1003
89 506
89 904
89 28
89 705
89 1345
89 1252
89 893
89 437
89 1019
89 1108
89 1022
89 325
89 436
89 906
89 6
89 102
89 621
89 274
89 367
89 479
89 582
89 1015
89 91
89 1137
89 16
89 92
89 1312
89 451
89 833
89 1102
89 837
89 113
89 321
89 1086
89 395
89 613
89 302
89 322
89 463
89 623
89 573
89 509
89 478
89 249
89 768
89 1240
89 1023
89 349
89 639
89 1018
89 760
89 968
89 328
89 1180
89 1030
89 909
89 1100
89 1148
89 158
89 871
89 396
89 585
89 399
89 881
89 898
89 622
89 49
89 132
89 1016
89 552
89 152
89 480
89 580
89 502
89 1049
89 1041
89 1242
89 24
89 817
89 1026
89 82
89 542
89 1150
89 20
89 587
89 448
89 834
89 388
89 110
89 1295
89 1057
89 1376
89 950
89 1029
89 691
89 429
89 849
89 777
89 220
89 804
89 820
89 1279
89 645
89 855
89 285
89 223
89 1199
89 824
89 1369
89 111
89 99
89 59
89 518
89 1296
89 862
89 1047
89 237
89 1063
89 385
89 1134
89 914
89 181
89 281
89 344
89 143
89 476
89 620
89 724
89 640
89 1298
89 557
89 1052
89 731
89 1308
89 244
89 186
89 1013
89 892
89 185
89 1087
89 1017
89 778
89 619
89 579
89 499
89 832
89 1160
89 684
89 875
89 1088
89 1194
89 1316
89 649
89 130
89 488
89 958
89 738
89 1388
89 745
89 320
89 1097
89 317
89 1096
89 756
89 489
89 825
89 259
89 262
89 83
89 718
89 1174
89 46
89 405
