97 1331
97 1243
97 882
97 810
97 806
97 243
97 860
97 807
97 811
97 1170
97 925
97 137
97 805
97 880
97 253
97 1269
97 994
97 472
97 608
97 774
97 409
97 251
97 979
97 715
97 969
97 431
97 1103
97 708
97 215
97 1006
97 176
97 876
97 245
97 182
97 38
97 141
97 1318
97 803
97 791
97 535
97 213
97 908
97 1319
97 433
97 1274
97 27
97 1227
97 1093
97 758
97 154
97 1161
97 1313
97 717
97 516
97 719
97 909
97 656
97 1153
97 725
97 335
97 1158
97 1074
97 36
97 971
97 1349
97 781
97 1157
97 1292
97 519
97 76
97 505
97 726
97 813
97 32
97 214
97 1211
97 896
97 798
97 1336
97 747
97 1165
97 795
97 19
97 1327
97 1077
97 368
97 440
97 175
97 711
97 1124
97 665
97 372
97 1102
97 124
97 650
97 1379
97 997
97 242
97 575
97 41
97 809
97 698
97 1151
97 288
97 598
97 511
97 453
97 1155
97 1391
97 670
97 69
97 308
97 415
97 1219
97 1299
97 1380
97 265
97 1367
97 911
97 490
97 178
97 12
97 197
97 1169
97 1150
97 716
97 968
97 97
97 946
97 1328
97 981
97 748
97 878
97 169
97 728
97 792
97 700
97 1114
97 345
97 1272
97 1090
97 1144
97 427
97 161
97 219
97 1
97 721
97 226
97 60
97 612
97 52
97 319
97 917
97 216
97 1159
97 1207
97 40
97 280
97 77
97 814
97 68
97 1286
97 609
97 1011
97 1105
97 772
97 671
97 441
97 903
97 1162
97 1216
97 416
97 960
97 697
97 1094
97 291
97 673
97 258
97 421
97 1196
97 1277
97 203
97 230
97 333
97 526
97 506
97 1305
97 804
97 834
97 384
97 983
97 554
97 676
97 263
97 65
97 1111
97 293
97 790
97 1267
97 1348
97 927
97 360
97 1347
97 252
97 1062
97 311
97 314
97 510
97 992
97 692
97 1353
97 1260
97 521
97 783
97 1352
97 974
97 1341
97 1244
97 1230
97 906
97 262
97 170
97 1001
97 1065
97 1335
97 1156
97 879
97 378
97 295
97 131
97 655
97 658
97 868
97 595
97 988
97 51
97 652
97 944
97 207
97 1265
97 248
97 632
97 687
97 1089
97 1350
97 234
97 483
97 624
97 1337
97 85
97 816
97 465
97 334
97 1317
97 1377
97 283
97 1310
97 337
97 346
97 884
97 172
97 275
97 495
97 358
97 75
97 1339
97 264
97 238
97 702
97 1163
97 438
97 162
97 296
97 714
97 1140
97 273
97 534
97 26
97 808
97 210
97 578
97 695
97 231
97 469
97 126
97 1346
97 491
97 1195
97 524
97 64
97 1276
97 100
97 544
97 904
97 924
97 156
97 160
97 1197
97 183
97 1005
97 678
97 177
97 746
97 643
97 1247
97 549
97 768
97 532
97 1187
97 109
97 235
97 354
97 642
97 592
97 297
97 35
97 1242
97 193
97 1142
97 411
97 900
97 1253
97 1314
97 537
97 520
97 445
97 330
97 597
97 1378
97 589
97 174
97 696
97 1228
97 1351
97 171
97 1364
97 1208
97 39
97 501
97 993
97 482
97 666
97 56
97 401
97 1323
97 651
97 134
97 602
97 114
97 217
97 391
97 37
97 590
97 1009
97 1266
97 402
97 567
97 556
97 256
97 1008
97 631
97 1329
97 1284
97 498
97 902
97 799
97 96
97 138
97 1287
97 28
97 1342
97 1333
97 823
97 316
97 1345
97 497
97 286
97 999
97 1160
97 80
97 1064
97 618
97 1218
97 1078
97 29
97 148
97 1106
97 1183
97 710
97 514
97 1258
97 1303
97 10
97 704
97 78
97 672
97 50
97 517
97 125
97 132
97 340
97 555
97 1107
97 276
97 332
97 1393
97 759
97 1007
97 724
97 305
97 290
97 222
97 1141
97 142
97 694
97 158
97 920
97 604
97 557
97 1075
97 11
97 1147
97 1369
97 373
97 570
97 209
97 681
97 1115
97 550
97 1223
97 508
97 1215
97 588
97 1177
97 594
97 1311
97 953
97 1164
97 1099
97 143
97 893
97 793
97 70
97 910
97 947
97 753
97 328
97 93
97 712
97 502
97 1288
97 963
97 973
97 468
97 435
97 693
97 357
97 599
97 1291
97 62
97 583
97 970
97 1225
97 621
97 408
97 1264
97 955
97 617
97 568
97 303
97 638
97 1042
97 980
97 1139
97 442
97 619
97 190
97 569
97 61
97 318
97 220
97 410
97 628
97 339
97 566
97 8
97 606
97 95
97 301
97 270
97 720
97 121
97 350
97 633
97 972
97 493
97 636
97 1312
97 952
97 1255
97 722
97 232
97 635
97 444
97 294
97 515
97 770
97 285
97 370
97 1192
97 593
97 1326
97 1239
97 1356
97 22
97 639
97 424
97 610
97 494
97 1263
97 780
97 1362
97 429
97 1373
97 755
97 25
97 1037
97 503
97 637
97 1181
97 1198
97 122
97 1166
97 102
97 533
97 939
97 67
97 430
97 1154
97 200
97 915
97 895
97 866
97 1275
97 71
97 204
97 184
97 187
97 961
97 581
97 450
97 932
97 289
97 729
97 239
97 362
97 821
97 771
97 1032
97 269
97 958
97 1095
97 1294
97 899
97 877
97 390
97 948
97 312
97 762
97 347
97 57
97 151
97 398
97 6
97 397
97 600
97 383
97 34
97 871
97 277
97 1297
97 413
97 492
97 991
97 1238
97 86
97 74
97 836
97 847
97 196
97 685
97 496
97 1252
97 443
97 907
97 1270
97 1046
97 1214
97 139
97 103
97 707
97 194
97 1259
97 552
97 237
97 407
97 1217
97 1295
97 838
97 582
97 812
97 33
97 313
97 775
97 484
97 874
97 268
97 527
97 338
97 315
97 426
97 1372
97 1285
97 1066
97 749
97 1012
97 779
97 727
97 744
97 1003
97 1072
97 668
97 1289
97 1110
97 1302
97 1354
97 1186
97 564
97 1143
97 241
97 1182
97 1209
97 883
97 474
97 989
97 480
97 846
97 1004
97 751
97 380
97 31
97 849
97 679
97 926
97 905
97 622
97 934
97 13
97 342
97 1023
97 531
97 127
97 584
97 571
97 1109
97 439
97 509
97 140
97 418
97 1108
97 90
97 894
97 369
97 436
97 206
97 1360
97 1076
97 394
97 797
97 467
97 919
97 1397
97 221
97 701
97 449
97 43
97 536
97 331
97 163
97 815
97 996
97 1201
97 892
97 553
97 990
97 87
97 386
97 113
97 1332
97 224
97 287
97 79
97 827
97 713
97 456
97 260
97 1374
97 669
97 167
97 45
97 1344
97 282
97 518
97 1080
97 605
97 192
97 1040
97 1390
97 205
97 1030
97 1237
97 828
97 1002
97 663
97 98
97 1385
97 998
97 1340
97 1381
97 921
97 559
97 664
97 300
97 227
97 1149
97 434
97 1271
97 757
97 1383
97 1359
97 267
97 487
97 153
97 1278
97 1000
97 173
97 950
97 640
97 179
97 461
97 800
97 1101
97 119
97 1226
97 543
97 1021
97 101
97 145
97 459
97 986
97 323
97 1389
97 796
97 596
97 675
97 654
97 504
97 1176
97 764
97 627
97 1018
97 500
97 1220
97 802
97 881
97 1370
97 352
97 188
97 848
97 1188
97 1290
97 649
97 1330
97 240
97 586
97 48
97 660
97 21
97 1315
97 525
97 321
97 680
97 254
97 1233
97 1254
97 841
97 1246
97 336
97 723
97 1146
97 540
97 530
97 914
97 657
97 246
97 481
97 30
97 106
97 1306
97 916
97 1361
97 425
97 1262
97 512
97 558
97 709
97 1083
97 381
97 304
97 561
97 129
97 674
97 539
97 1293
97 1384
97 266
97 587
97 164
97 1013
97 1028
97 819
97 1210
97 1168
97 1308
97 343
97 72
97 789
97 189
97 367
97 913
97 355
97 157
97 745
97 776
97 625
97 1167
97 327
97 528
97 18
97 545
97 547
97 1338
97 395
97 1375
97 875
97 451
97 967
97 623
97 965
97 404
97 1355
97 417
97 706
97 1268
97 824
97 957
97 817
97 1033
97 406
97 615
97 923
97 1301
97 159
97 901
97 363
97 135
97 486
97 199
97 366
97 739
97 168
97 112
97 984
97 23
97 1204
97 414
97 479
97 195
97 107
97 236
97 689
97 1085
97 616
97 147
97 977
97 73
97 1261
97 5
97 457
97 261
97 1068
97 523
97 1136
97 829
97 1019
97 1231
97 356
97 844
97 548
97 166
97 1039
97 348
97 365
97 419
97 374
97 833
97 1256
97 591
97 763
97 1232
97 607
97 17
97 1343
97 1084
97 667
97 447
97 470
97 364
97 1026
97 202
97 1058
97 978
97 522
97 1324
97 83
97 801
97 1131
97 1130
97 839
97 661
97 1138
97 1086
97 1191
97 225
97 862
97 683
97 1179
97 1304
97 843
97 1249
97 752
97 1063
97 455
97 861
97 1236
97 601
97 223
97 1248
97 284
97 690
97 63
97 466
97 864
97 55
97 292
97 945
97 647
97 1251
97 1031
97 14
97 1025
97 1221
97 123
97 1321
97 1129
97 250
97 850
97 477
97 1282
97 1057
97 1234
97 1017
97 1092
97 1386
97 863
97 89
97 1020
97 1185
97 1368
97 1281
97 47
97 1279
97 959
97 949
97 91
97 1273
97 922
97 951
97 1320
97 446
97 1257
97 1298
97 298
97 116
97 458
97 1135
97 938
97 1322
97 82
97 377
97 326
97 1371
97 376
97 1029
97 1128
97 228
97 966
97 399
97 1283
97 1300
97 201
97 1203
97 379
97 840
97 741
97 375
97 662
97 1010
97 1091
97 1152
97 120
97 835
97 782
97 831
97 750
97 1190
97 1171
97 428
97 563
97 1081
97 322
97 574
97 754
97 1388
97 1069
97 186
97 513
97 54
97 279
97 324
97 271
97 412
97 1395
97 733
97 629
97 281
97 325
97 475
97 212
97 1334
97 191
97 1071
97 44
97 560
97 1125
97 954
97 943
97 58
97 1325
97 551
97 403
97 310
97 1200
97 1049
97 546
97 117
97 233
97 448
97 826
97 1045
97 1133
97 181
97 1148
97 306
97 49
97 437
97 136
97 611
97 53
97 278
97 1014
97 344
97 887
97 1015
97 845
97 42
97 898
97 108
97 329
97 1250
97 1212
97 1098
97 385
97 1118
97 320
97 462
97 1145
97 975
97 1229
97 393
97 274
97 152
97 1189
97 507
97 576
97 1205
97 987
97 787
97 371
97 885
97 784
97 299
97 464
97 105
97 485
97 92
97 889
97 1376
97 942
97 730
97 756
97 130
97 400
97 659
97 688
97 940
97 865
97 626
97 573
97 1175
97 218
97 818
97 562
97 1104
97 1398
97 1055
97 786
97 962
97 66
97 873
97 855
97 396
97 104
97 422
97 929
97 452
97 420
97 703
97 1113
97 646
97 976
97 388
97 935
97 580
97 1396
97 302
97 389
97 918
97 198
97 1060
97 851
97 257
97 473
97 572
97 1043
97 585
97 736
97 149
97 1382
97 211
97 1213
97 653
97 982
97 128
97 1079
97 931
97 1016
97 150
97 387
97 1126
97 941
97 686
97 88
97 1399
97 1027
97 1061
97 630
97 1052
97 351
97 1051
97 872
97 677
97 208
97 9
97 890
97 742
97 542
97 229
97 854
97 1123
97 867
97 1053
97 249
97 255
97 1070
97 985
97 743
97 777
97 1050
97 489
97 699
97 1392
97 765
97 1222
97 577
97 1280
97 538
97 1199
97 4
97 737
97 46
97 478
97 488
97 499
97 115
97 641
97 603
97 460
97 1034
97 1224
97 1041
97 1365
97 309
97 842
97 870
97 820
97 891
97 146
97 1394
97 1112
97 1202
97 1173
97 1307
97 1056
97 359
97 1054
97 1363
97 392
97 133
97 830
97 7
97 1245
97 307
97 244
97 1122
97 769
97 1387
97 24
97 1048
97 432
97 3
97 778
97 705
97 634
97 1121
97 15
97 613
97 822
97 454
97 691
97 648
97 341
97 788
97 886
97 180
97 645
97 1036
97 853
97 1073
97 247
97 272
97 1366
97 349
97 2
97 1357
97 620
97 760
97 1134
97 1206
97 1172
97 761
97 1024
97 930
97 1047
97 1193
97 16
97 766
97 1117
97 888
97 99
97 794
97 837
97 463
97 614
97 731
97 361
97 1241
97 856
97 165
97 644
97 1184
97 1309
97 732
97 529
97 718
97 1087
97 84
97 852
97 937
97 111
97 1400
97 353
97 1022
97 1044
97 144
97 1178
97 956
97 857
97 579
97 897
97 1132
97 1120
97 81
97 738
97 1119
97 185
97 541
97 785
97 928
97 20
97 1180
97 734
97 1038
97 964
97 1059
97 94
97 832
97 933
97 735
97 110
97 1296
97 740
97 1100
97 1116
97 1082
97 936
97 684
97 1067
97 476
97 825
97 1127
97 1035
97 858
97 565
97 423
97 767
97 1174
97 869
97 859
97 1316
97 773
97 155
97 912
97 118
97 1088
97 682
97 382
97 1358
97 1235
97 317
97 405
97 259
97 1097
97 1137
97 1240
97 59
97 1194
97 1096
