98 638
98 1089
98 226
98 803
98 711
98 774
98 1094
98 924
98 1162
98 624
98 631
98 526
98 793
98 612
98 516
98 758
98 519
98 222
98 1343
98 792
98 643
98 1323
98 465
98 1393
98 1064
98 797
98 1292
98 712
98 986
98 213
98 971
98 52
98 511
98 994
98 988
98 678
98 683
98 176
98 1124
98 721
98 1062
98 772
98 1095
98 215
98 700
98 632
98 1163
98 588
98 791
98 946
98 288
98 999
98 816
98 1105
98 989
98 1239
98 1349
98 880
98 1336
98 69
98 277
98 650
98 420
98 808
98 608
98 1218
98 692
98 230
98 694
98 1243
98 992
98 673
98 795
98 431
98 696
98 514
98 225
98 747
98 697
98 433
98 1107
98 972
98 544
98 384
98 925
98 1353
98 1115
98 698
98 245
98 1352
98 1074
98 812
98 592
98 175
98 578
98 178
98 61
98 308
98 203
98 636
98 1164
98 671
98 599
98 970
98 182
98 174
98 1093
98 258
98 809
98 717
98 605
98 77
98 687
98 282
98 896
98 1277
98 911
98 713
98 212
98 513
98 709
98 1001
98 569
98 1339
98 917
98 969
98 1276
98 1331
98 757
98 1165
98 948
98 857
98 301
98 214
98 1077
98 197
98 600
98 752
98 354
98 521
98 676
98 1325
98 1267
98 76
98 990
98 1195
98 672
98 915
98 1300
98 708
98 993
98 472
98 1177
98 269
98 810
98 715
98 759
98 60
98 570
98 1151
98 239
98 1227
98 601
98 1341
98 947
98 368
98 490
98 505
98 627
98 807
98 1303
98 674
98 923
98 642
98 1046
98 1351
98 424
98 1269
98 416
98 219
98 1318
98 1114
98 1362
98 426
98 289
98 1311
98 597
98 443
98 1347
98 595
98 973
98 1188
98 1104
98 1005
98 568
98 799
98 1265
98 520
98 27
98 1155
98 173
98 522
98 210
98 243
98 1294
98 796
98 651
98 1380
98 900
98 1228
98 685
98 1219
98 813
98 1234
98 334
98 256
98 561
98 1106
98 535
98 749
98 567
98 510
98 1377
98 391
98 217
98 533
98 783
98 1387
98 1156
98 276
98 979
98 647
98 1157
98 1337
98 693
98 686
98 196
98 192
98 1111
98 1187
98 736
98 279
98 815
98 1159
98 834
98 879
98 287
98 1378
98 571
98 291
98 248
98 138
98 19
98 1211
98 1293
98 177
98 704
98 1201
98 798
98 234
98 876
98 211
98 1284
98 493
98 860
98 1364
98 868
98 148
98 821
98 1258
98 1329
98 846
98 1305
98 1313
98 1373
98 780
98 122
98 56
98 655
98 1247
98 438
98 566
98 41
98 786
98 1251
98 902
98 782
98 36
98 748
98 216
98 251
98 633
98 545
98 508
98 205
98 1006
98 242
98 1161
98 1340
98 1225
98 814
98 675
98 40
98 656
98 199
98 974
98 710
98 1356
98 776
98 333
98 381
98 290
98 1
98 1345
98 18
98 938
98 1037
98 1158
98 725
98 800
98 1355
98 1147
98 193
98 23
98 235
98 733
98 1338
98 206
98 141
98 864
98 335
98 1214
98 415
98 1398
98 311
98 409
98 1319
98 264
98 25
98 358
98 482
98 702
98 1272
98 1348
98 112
98 1169
98 828
98 512
98 922
98 1346
98 1266
98 593
98 1342
98 1216
98 763
98 707
98 1274
98 71
98 1065
98 1145
98 145
98 231
98 440
98 161
98 920
98 1153
98 838
98 564
98 253
98 604
98 1042
98 127
98 596
98 894
98 806
98 598
98 338
98 811
98 926
98 1354
98 1207
98 506
98 172
98 1135
98 652
98 139
98 934
98 337
98 29
98 160
98 547
98 1230
98 346
98 400
98 357
98 38
98 679
98 805
98 1130
98 189
98 910
98 200
98 1381
98 589
98 70
98 1066
98 432
98 498
98 728
98 531
98 250
98 171
98 980
98 435
98 1040
98 492
98 156
98 392
98 1333
98 927
98 1069
98 412
98 754
98 1271
98 845
98 1136
98 147
98 770
98 8
98 1175
98 125
98 848
98 434
98 89
98 464
98 1154
98 114
98 843
98 1396
98 1171
98 157
98 229
98 1092
98 727
98 310
98 939
98 935
98 72
98 1392
98 164
98 991
98 885
98 1039
98 273
98 766
98 1078
98 1099
98 442
98 62
98 430
98 146
98 292
98 1397
98 874
98 1091
98 386
98 666
98 360
98 1278
98 136
98 1144
98 252
98 751
98 340
98 1179
98 280
98 477
98 550
98 1360
98 755
98 670
98 209
98 1004
98 929
98 523
98 1223
98 154
98 5
98 1379
98 886
98 823
98 1192
98 617
98 1176
98 575
98 690
98 750
98 1166
98 665
98 847
98 58
98 515
98 1299
98 411
98 425
98 1233
98 1328
98 1286
98 380
98 1142
98 261
98 32
98 48
98 762
98 39
98 179
98 952
98 453
98 996
98 1283
98 67
98 37
98 109
98 945
98 372
98 366
98 586
98 668
98 246
98 133
98 232
98 483
98 1215
98 944
98 784
98 1326
98 1009
98 369
98 314
98 326
98 1359
98 408
98 765
98 610
98 1068
98 746
98 162
98 1008
98 1291
98 659
98 634
98 378
98 528
98 1197
98 22
98 74
98 844
98 328
98 80
98 781
98 1172
98 204
98 985
98 916
98 106
98 33
98 124
98 1210
98 1244
98 439
98 75
98 370
98 364
98 221
98 1367
98 1250
98 398
98 375
98 1306
98 468
98 266
98 543
98 882
98 66
98 1138
98 1186
98 163
98 1249
98 1385
98 21
98 268
98 1108
98 194
98 1287
98 963
98 919
98 907
98 295
98 158
98 441
98 895
98 316
98 191
98 680
98 618
98 744
98 1139
98 913
98 79
98 345
98 997
98 1259
98 1391
98 1090
98 932
98 1140
98 842
98 419
98 790
98 1198
98 981
98 275
98 183
98 877
98 606
98 905
98 1282
98 297
98 254
98 107
98 461
98 1075
98 546
98 1270
98 891
98 1021
98 363
98 582
98 63
98 497
98 534
98 142
98 1101
98 1275
98 422
98 341
98 469
98 450
98 931
98 6
98 901
98 1332
98 332
98 903
98 525
98 1285
98 1076
98 1058
98 591
98 131
98 352
98 57
98 487
98 955
98 1109
98 1246
98 768
98 889
98 296
98 224
98 603
98 459
98 960
98 664
98 669
98 745
98 347
98 86
98 318
98 1232
98 140
98 1183
98 822
98 293
98 888
98 827
98 198
98 609
98 1170
98 227
98 474
98 878
98 1044
98 1288
98 421
98 559
98 170
98 457
98 319
98 485
98 260
98 10
98 1383
98 306
98 719
98 549
98 657
98 1254
98 285
98 116
98 1084
98 383
98 1399
98 560
98 852
98 648
98 247
98 93
98 1262
98 51
98 829
98 218
98 1350
98 495
98 427
98 105
98 764
98 1167
98 1060
98 331
98 1182
98 26
98 1264
98 1053
98 303
98 100
98 305
98 1020
98 653
98 365
98 1208
98 159
98 1322
98 240
98 831
98 841
98 850
98 641
98 1238
98 104
98 238
98 769
98 863
98 95
98 529
98 959
98 1103
98 584
98 551
98 663
98 446
98 532
98 509
98 788
98 853
98 789
98 1014
98 96
98 861
98 126
98 558
98 399
98 904
98 741
98 13
98 1070
98 1327
98 836
98 458
98 207
98 315
98 983
98 50
98 987
98 1302
98 1143
98 977
98 119
98 1221
98 34
98 283
98 1102
98 68
98 1202
98 1133
98 144
98 1190
98 348
98 688
98 714
98 12
98 887
98 771
98 1002
98 524
98 819
98 97
98 1131
98 9
98 404
98 342
98 267
98 390
98 936
98 1213
98 45
98 336
98 1031
98 553
98 548
98 602
98 1196
98 1261
98 1263
98 394
98 1019
98 661
98 362
98 87
98 286
98 984
98 555
98 121
98 169
98 78
98 965
98 716
98 413
98 890
98 1310
98 1229
98 1118
98 31
98 629
98 44
98 393
98 968
98 590
98 339
98 1086
98 407
98 739
98 188
98 1071
98 1085
98 527
98 1386
98 1370
98 129
98 42
98 1321
98 1307
98 909
98 556
98 1081
98 312
98 883
98 937
98 658
98 500
98 55
98 1256
98 726
98 491
98 518
98 43
98 1149
98 270
98 998
98 190
98 893
98 801
98 967
98 1141
98 699
98 484
98 1400
98 775
98 1315
98 356
98 954
98 1168
98 1253
98 695
98 168
98 858
98 494
98 1388
98 300
98 91
98 123
98 607
98 1314
98 1257
98 454
98 1217
98 644
98 504
98 953
98 635
98 839
98 1033
98 1054
98 137
98 1372
98 241
98 101
98 1023
98 11
98 628
98 537
98 978
98 92
98 626
98 1012
98 1173
98 64
98 1123
98 35
98 1067
98 501
98 184
98 1231
98 1117
98 572
98 1129
98 1301
98 1022
98 1119
98 1371
98 899
98 1317
98 263
98 1079
98 1344
98 373
98 1018
98 1297
98 1034
98 856
98 475
98 826
98 1063
98 1226
98 134
98 304
98 503
98 1185
98 1268
98 961
98 539
98 1057
98 470
98 1290
98 1110
98 830
98 201
98 662
98 576
98 53
98 1150
98 536
98 90
98 1237
98 1007
98 1369
98 1026
98 1335
98 397
98 787
98 908
98 1200
98 467
98 1128
98 622
98 1003
98 753
98 1334
98 343
98 1049
98 1030
98 479
98 583
98 1127
98 881
98 840
98 779
98 117
98 654
98 732
98 982
98 1382
98 389
98 88
98 1055
98 906
98 445
98 321
98 621
98 854
98 98
98 950
98 1390
98 859
98 120
98 54
98 1043
98 729
98 1146
98 785
98 451
98 1028
98 228
98 374
98 884
98 517
98 557
98 898
98 444
98 82
98 3
98 1120
98 410
98 1126
98 1205
98 402
98 167
98 456
98 1011
98 274
98 113
98 480
98 1357
98 47
98 377
98 481
98 1025
98 447
98 1212
98 1242
98 1035
98 1363
98 299
98 1260
98 143
98 1308
98 637
98 367
98 237
98 135
98 65
98 871
98 660
98 236
98 742
98 223
98 428
98 1289
98 1248
98 619
98 735
98 956
98 1013
98 1038
98 1361
98 1050
98 1320
98 1125
98 414
98 85
98 1209
98 309
98 4
98 1015
98 616
98 1330
98 1080
98 730
98 1017
98 298
98 272
98 817
98 307
98 313
98 1280
98 478
98 502
98 1010
98 928
98 153
98 1178
98 257
98 1083
98 1000
98 73
98 833
98 540
98 951
98 1255
98 802
98 102
98 958
98 855
98 1122
98 1181
98 737
98 1312
98 681
98 912
98 322
98 15
98 208
98 1324
98 1098
98 611
98 943
98 1032
98 284
98 330
98 930
98 1191
98 646
98 150
98 949
98 594
98 615
98 1236
98 406
98 957
98 187
98 581
98 462
98 914
98 151
98 1252
98 761
98 1059
98 452
98 964
98 1045
98 1113
98 1204
98 1148
98 350
98 324
98 835
98 1024
98 417
98 1132
98 255
98 351
98 804
98 30
98 128
98 942
98 976
98 778
98 233
98 1220
98 387
98 849
98 249
98 1384
98 220
98 327
98 429
98 103
98 1389
98 371
98 639
98 1365
98 720
98 323
98 361
98 677
98 1029
98 265
98 554
98 722
98 149
98 473
98 918
98 294
98 395
98 1072
98 449
98 355
98 1027
98 1051
98 1368
98 325
98 1036
98 1016
98 941
98 1304
98 320
98 195
98 866
98 1048
98 862
98 962
98 966
98 186
98 530
98 701
98 724
98 155
98 152
98 562
98 1273
98 1047
98 423
98 460
98 1395
98 181
98 777
98 577
98 1206
98 587
98 706
98 689
98 496
98 376
98 897
98 818
98 1375
98 418
98 1189
98 640
98 281
98 466
98 1224
98 349
98 455
98 892
98 115
98 463
98 731
98 486
98 1056
98 14
98 329
98 180
98 794
98 1374
98 940
98 1121
98 975
98 1366
98 851
98 379
98 353
98 1281
98 649
98 734
98 385
98 448
98 625
98 703
98 542
98 166
98 165
98 563
98 865
98 1112
98 723
98 1087
98 667
98 49
98 552
98 760
98 1394
98 824
98 623
98 436
98 921
98 476
98 7
98 401
98 382
98 1376
98 1073
98 1193
98 1116
98 740
98 271
98 388
98 585
98 1041
98 1235
98 773
98 820
98 396
98 1082
98 1222
98 94
98 756
98 867
98 1295
98 875
98 111
98 507
98 132
98 437
98 244
98 344
98 743
98 933
98 108
98 24
98 17
98 1052
98 2
98 630
98 28
98 1160
98 81
98 84
98 1309
98 873
98 574
98 403
98 573
98 832
98 1203
98 1298
98 1152
98 1100
98 870
98 837
98 1134
98 499
98 565
98 262
98 202
98 359
98 130
98 613
98 1061
98 705
98 1241
98 1358
98 645
98 767
98 872
98 1279
98 684
98 869
98 16
98 620
98 1245
98 1180
98 278
98 302
98 579
98 691
98 1199
98 738
98 538
98 118
98 580
98 614
98 20
98 1088
98 185
98 1316
98 825
98 1184
98 46
98 110
98 682
98 99
98 541
98 1296
98 489
98 1137
98 488
98 1240
98 1097
98 718
98 1174
98 83
98 59
98 1096
98 317
98 259
98 405
98 1194
