1 51
1 184
1 12
1 359
1 746
1 56
1 944
1 665
1 879
1 878
1 13
1 1186
1 435
1 486
1 14
1 141
1 573
1 253
1 875
1 817
1 874
1 584
1 818
1 414
1 663
1 1169
1 332
1 792
1 78
1 102
1 1144
1 1263
1 781
1 876
1 100
1 1340
1 1149
1 800
1 747
1 300
1 884
1 1194
1 685
1 1328
1 453
1 925
1 283
1 1191
1 491
1 329
1 1042
1 497
1 252
1 606
1 202
1 29
1 378
1 305
1 1034
1 327
1 284
1 429
1 540
1 526
1 1163
1 1121
1 415
1 982
1 592
1 686
1 1048
1 261
1 5
1 294
1 1331
1 431
1 563
1 729
1 1155
1 1361
1 585
1 811
1 1168
1 316
1 25
1 1201
1 719
1 494
1 251
1 158
1 328
1 280
1 495
1 546
1 195
1 728
1 1165
1 456
1 142
1 1128
1 1212
1 726
1 160
1 193
1 220
1 1198
1 306
1 657
1 1334
1 472
1 240
1 293
1 725
1 390
1 358
1 799
1 114
1 1332
1 101
1 564
1 1167
1 1372
1 1158
1 180
1 542
1 1050
1 57
1 883
1 50
1 104
1 120
1 1261
1 629
1 62
1 1164
1 395
1 860
1 1338
1 601
1 1268
1 354
1 430
1 1063
1 345
1 1365
1 219
1 1197
1 630
1 981
1 625
1 1393
1 1003
1 315
1 634
1 311
1 522
1 513
1 197
1 235
1 192
1 1305
1 398
1 1380
1 509
1 1026
1 349
1 554
1 755
1 578
1 623
1 1327
1 1246
1 69
1 566
1 364
1 541
1 951
1 1037
1 1207
1 700
1 147
1 666
1 662
1 1073
1 204
1 370
1 1074
1 687
1 571
1 216
1 309
1 1304
1 872
1 670
1 976
1 525
1 1066
1 35
1 962
1 717
1 1104
1 75
1 707
1 1341
1 1161
1 795
1 1125
1 27
1 640
1 214
1 1111
1 635
1 1166
1 658
1 52
1 481
1 404
1 33
1 1254
1 1213
1 36
1 303
1 23
1 272
1 1236
1 572
1 1232
1 999
1 302
1 438
1 45
1 880
1 493
1 577
1 909
1 638
1 791
1 1300
1 47
1 145
1 713
1 1389
1 1091
1 1090
1 1089
1 41
1 423
1 1219
1 292
1 1348
1 593
1 1200
1 798
1 1366
1 873
1 576
1 399
1 1113
1 156
1 84
1 1065
1 1311
1 1226
1 655
1 559
1 1012
1 959
1 1110
1 94
1 455
1 1097
1 1162
1 1282
1 1315
1 1064
1 1106
1 1147
1 1098
1 516
1 123
1 232
1 172
1 882
1 1196
1 1051
1 712
1 552
1 464
1 914
1 1107
1 529
1 374
1 960
1 416
1 983
1 1157
1 1101
1 226
1 352
1 801
1 347
1 121
1 49
1 1298
1 206
1 1260
1 144
1 1170
1 1061
1 1395
1 1215
1 1192
1 565
1 135
1 95
1 92
1 555
1 973
1 643
1 1258
1 865
1 203
1 238
1 836
1 285
1 1040
1 964
1 209
1 908
1 871
1 1385
1 406
1 588
1 260
1 994
1 1335
1 436
1 661
1 98
1 568
1 353
1 963
1 784
1 269
1 762
1 348
1 82
1 245
1 55
1 242
1 485
1 215
1 343
1 911
1 295
1 1303
1 672
1 1218
1 1180
1 208
1 519
1 789
1 21
1 262
1 991
1 721
1 1307
1 917
1 675
1 44
1 862
1 1314
1 859
1 165
1 77
1 711
1 181
1 1250
1 1255
1 733
1 263
1 211
1 169
1 1202
1 157
1 524
1 1124
1 579
1 38
1 500
1 166
1 1072
1 443
1 297
1 24
1 97
1 170
1 1399
1 334
1 941
1 1143
1 683
1 1140
1 1216
1 1114
1 1151
1 53
1 267
1 1225
1 550
1 6
1 37
1 689
1 110
1 978
1 321
1 724
1 539
1 81
1 1028
1 314
1 342
1 1253
1 1310
1 335
1 980
1 637
1 560
1 1279
1 824
1 490
1 754
1 28
1 30
1 1394
1 947
1 1185
1 618
1 549
1 628
1 1007
1 1374
1 502
1 124
1 154
1 591
1 1346
1 140
1 76
1 107
1 812
1 1205
1 1002
1 690
1 1391
1 804
1 80
1 759
1 624
1 407
1 553
1 709
1 645
1 668
1 751
1 1378
1 538
1 945
1 1339
1 304
1 581
1 350
1 1178
1 1386
1 574
1 331
1 366
1 583
1 651
1 396
1 159
1 11
1 237
1 164
1 603
1 810
1 1235
1 939
1 387
1 1159
1 474
1 20
1 174
1 886
1 667
1 274
1 1103
1 213
1 757
1 223
1 586
1 119
1 67
1 1379
1 1325
1 567
1 338
1 649
1 986
1 1337
1 85
1 916
1 1244
1 927
1 587
1 449
1 1224
1 325
1 373
1 243
1 774
1 439
1 948
1 861
1 1099
1 19
1 339
1 877
1 73
1 767
1 185
1 1264
1 1271
1 1088
1 1204
1 928
1 1077
1 264
1 1290
1 1043
1 714
1 176
1 66
1 998
1 1084
1 473
1 72
1 218
1 2
1 391
1 397
1 530
1 177
1 108
1 1336
1 244
1 1285
1 447
1 1281
1 58
1 1181
1 90
1 1015
1 89
1 1312
1 562
1 641
1 1344
1 776
1 979
1 1286
1 924
1 904
1 1355
1 288
1 764
1 626
1 420
1 1292
1 421
1 96
1 1222
1 1295
1 1087
1 446
1 1206
1 1177
1 632
1 698
1 61
1 869
1 60
1 1239
1 118
1 937
1 808
1 1096
1 900
1 815
1 582
1 834
1 1153
1 1299
1 814
1 1001
1 1320
1 1100
1 602
1 701
1 1062
1 620
1 773
1 1081
1 987
1 1115
1 695
1 708
1 229
1 912
1 790
1 508
1 506
1 703
1 1375
1 222
1 1324
1 40
1 308
1 1004
1 466
1 520
1 676
1 972
1 838
1 462
1 783
1 1217
1 442
1 476
1 570
1 946
1 371
1 91
1 1270
1 187
1 1230
1 227
1 168
1 870
1 589
1 543
1 1000
1 715
1 1011
1 966
1 413
1 465
1 605
1 671
1 74
1 1154
1 383
1 896
1 1283
1 1269
1 822
1 794
1 319
1 1350
1 129
1 682
1 1242
1 296
1 333
1 437
1 1184
1 433
1 631
1 536
1 1321
1 518
1 9
1 894
1 1059
1 248
1 307
1 1071
1 71
1 677
1 1280
1 388
1 681
1 918
1 239
1 360
1 70
1 1381
1 225
1 217
1 1195
1 441
1 656
1 722
1 1356
1 1020
1 440
1 1183
1 468
1 1199
1 826
1 410
1 997
1 615
1 797
1 139
1 22
1 270
1 816
1 1027
1 236
1 201
1 68
1 173
1 547
1 1297
1 1354
1 380
1 636
1 739
1 1211
1 968
1 1351
1 919
1 1008
1 1095
1 548
1 888
1 740
1 1362
1 1175
1 122
1 604
1 923
1 1313
1 152
1 489
1 163
1 417
1 83
1 310
1 287
1 702
1 54
1 1241
1 268
1 1349
1 255
1 961
1 921
1 79
1 1229
1 975
1 34
1 463
1 128
1 679
1 580
1 600
1 88
1 710
1 569
1 1294
1 344
1 369
1 266
1 1277
1 205
1 183
1 1345
1 1274
1 103
1 1309
1 805
1 511
1 179
1 1319
1 1265
1 375
1 32
1 1179
1 621
1 899
1 1093
1 1322
1 990
1 199
1 699
1 125
1 230
1 796
1 146
1 1248
1 575
1 42
1 1289
1 646
1 1343
1 974
1 189
1 212
1 7
1 401
1 660
1 131
1 704
1 1203
1 198
1 1160
1 1296
1 1347
1 1373
1 1134
1 673
