10 302
10 949
10 493
10 524
10 1199
10 1098
10 691
10 405
10 1143
10 436
10 616
10 1010
10 442
10 1150
10 649
10 328
10 621
10 611
10 110
10 283
10 617
10 438
10 781
10 364
10 538
10 475
10 830
10 259
10 355
10 101
10 1257
10 406
10 272
10 1046
10 586
10 1236
10 1099
10 791
10 575
10 656
10 294
10 548
10 329
10 240
10 552
10 1355
10 667
10 1250
10 1011
10 1180
10 635
10 232
10 482
10 1214
10 1290
10 171
10 463
10 1161
10 630
10 1252
10 421
10 481
10 313
10 614
10 71
10 360
10 103
10 1386
10 413
10 1164
10 68
10 615
10 1335
10 1103
10 620
10 1336
10 1312
10 612
10 29
10 1183
10 327
10 540
10 1159
10 1067
10 1258
10 1157
10 190
10 541
10 907
10 966
10 1269
10 1264
10 415
10 1204
10 606
10 127
10 546
10 1286
10 1009
10 975
10 1238
10 866
10 579
10 462
10 506
10 446
10 253
10 97
10 622
10 1222
10 1068
10 888
10 185
10 619
10 1303
10 10
10 542
10 695
10 499
10 243
10 416
10 628
10 1154
10 1100
10 414
10 139
10 618
10 304
10 804
10 131
10 862
10 1391
10 1187
10 353
10 1043
10 236
10 657
10 455
10 1364
10 1295
10 74
10 623
10 645
10 998
10 566
10 810
10 59
10 9
10 401
10 572
10 73
10 183
10 490
10 583
10 976
10 786
10 467
10 108
10 1004
10 536
10 151
10 1395
10 534
10 982
10 609
10 1191
10 1309
10 325
10 807
10 1114
10 776
10 558
10 874
10 343
10 559
10 1096
10 573
10 378
10 668
10 129
10 348
10 365
10 197
10 576
10 947
10 1285
10 174
10 654
10 193
10 990
10 495
10 915
10 1230
10 1368
10 1054
10 461
10 332
10 1315
10 811
10 443
10 624
10 1001
10 1156
10 262
10 944
10 466
10 1263
10 1110
10 686
10 159
10 533
10 82
10 522
10 260
10 92
10 449
10 1376
10 380
10 70
10 345
10 981
10 23
10 550
10 1185
10 1227
10 1025
10 958
10 1305
10 55
10 1212
10 434
10 299
10 447
10 1287
10 782
10 1123
10 263
10 914
10 238
10 456
10 87
10 167
10 1394
10 1007
10 1385
10 625
10 48
10 613
10 242
10 877
10 1216
10 1151
10 80
10 483
10 1027
10 117
10 1057
10 410
10 1237
10 1226
10 912
10 759
10 338
10 81
10 779
10 1139
10 498
10 124
10 216
10 330
10 172
10 435
10 169
10 441
10 716
10 1349
10 812
10 102
10 352
10 1028
10 488
10 970
10 640
10 592
10 166
10 77
10 25
10 596
10 366
10 1337
10 1003
10 505
10 1274
10 437
10 817
10 1298
10 1319
10 477
10 14
10 340
10 1065
10 554
10 173
10 244
10 580
10 209
10 1082
10 531
10 146
10 1343
10 63
10 1147
10 303
10 85
10 637
10 1380
10 27
10 91
10 823
10 210
10 142
10 873
10 890
10 971
10 341
10 608
10 1053
10 502
10 992
10 819
10 1353
10 1313
10 234
10 1291
10 853
10 1340
10 886
10 789
10 342
10 1224
10 292
10 1318
10 1254
10 69
10 296
10 997
10 780
10 518
10 1115
10 160
10 795
10 962
10 578
10 1322
10 762
10 991
10 822
10 44
10 37
10 646
10 632
10 50
10 880
10 1374
10 595
10 309
10 905
10 370
10 200
10 602
10 201
10 1024
10 946
10 1342
10 996
10 824
10 1198
10 911
10 1127
10 589
10 198
10 125
10 627
10 529
10 820
10 56
10 687
10 1351
10 1378
10 1163
10 165
10 1282
10 801
10 1292
10 1075
10 844
10 917
10 1056
10 986
10 430
10 593
10 845
10 188
10 1192
10 1018
10 1262
10 132
10 1371
10 248
10 396
10 513
10 212
10 1341
10 674
10 1278
10 1205
10 205
10 753
10 1279
10 239
10 1228
10 721
10 516
10 1365
10 688
10 1277
10 1165
10 1055
10 1155
10 815
10 217
10 1218
10 564
10 553
10 187
10 658
10 1072
10 894
10 651
10 710
10 423
10 282
10 24
10 412
10 767
10 927
10 1379
10 49
10 138
10 836
10 829
10 186
10 754
10 690
10 1190
10 497
10 727
10 926
10 1362
10 494
10 1101
10 297
10 491
10 588
10 1066
10 84
10 100
10 33
10 1131
10 1281
10 391
10 748
10 1400
10 1091
10 758
10 1109
10 821
10 431
10 876
10 1188
10 204
10 936
10 1294
10 1296
10 1000
10 381
10 719
10 717
10 1162
10 679
10 40
10 1345
10 1166
10 1201
10 729
10 1339
10 96
10 1219
10 740
10 8
10 300
10 571
10 1077
10 122
10 661
10 275
10 1179
10 464
10 964
10 1170
10 643
10 1040
10 1144
10 79
10 693
10 1093
10 707
10 1382
10 796
10 713
10 53
10 1113
10 47
10 64
10 170
10 314
10 426
10 825
10 1225
10 805
10 1289
10 213
10 924
10 113
10 1325
10 1104
10 246
10 662
10 709
10 561
10 858
10 692
10 1356
10 999
10 636
10 1300
10 94
10 797
10 994
10 928
10 1097
10 792
10 1373
10 869
10 696
10 712
10 1047
10 766
10 225
10 486
10 89
10 315
10 827
10 1209
