100 760
100 1122
100 822
100 1013
100 739
100 1126
100 1172
100 740
100 897
100 1171
100 741
100 1017
100 887
100 743
100 849
100 1068
100 885
100 823
100 930
100 953
100 848
100 1067
100 769
100 928
100 889
100 825
100 1051
100 890
100 1071
100 888
100 1033
100 1052
100 886
100 1145
100 1131
100 1118
100 826
100 824
100 1070
100 932
100 642
100 1123
100 935
100 1173
100 1037
100 951
100 831
100 862
100 926
100 1117
100 843
100 1044
100 1129
100 894
100 929
100 975
100 1069
100 934
100 1119
100 957
100 1043
100 847
100 853
100 742
100 841
100 763
100 828
100 1034
100 1146
100 956
100 851
100 998
100 764
100 1174
100 1132
100 1121
100 1048
100 765
100 1133
100 852
100 761
100 955
100 1053
100 1368
100 1178
100 936
100 412
100 744
100 1038
100 400
100 943
100 898
100 854
100 1050
100 938
100 1030
100 1360
100 1031
100 1116
100 1293
100 1060
100 838
100 193
100 1023
100 737
100 827
100 1137
100 1024
100 326
100 950
100 1036
100 830
100 376
100 1135
100 863
100 891
100 1026
100 820
100 931
100 937
100 1042
100 839
100 583
100 392
100 1177
100 915
100 1016
100 1400
100 1358
100 1127
100 1294
100 977
100 1357
100 1020
100 1035
100 188
100 364
100 762
100 1184
100 389
100 967
100 263
100 31
100 94
100 1059
100 224
100 850
100 1359
100 179
100 512
100 1125
100 15
100 68
100 1012
100 1049
100 1363
100 11
100 1128
100 241
100 1019
100 1138
100 81
100 508
100 1399
100 1322
100 856
100 1366
100 669
100 1372
100 118
100 1106
100 460
100 54
100 382
100 425
100 1022
100 428
100 1120
100 297
100 857
100 1327
100 590
100 1371
100 1130
100 662
100 17
100 592
100 1134
100 1014
100 1027
100 1362
100 1029
100 105
100 462
100 952
100 1291
100 1301
100 944
100 279
100 322
100 502
100 348
100 171
100 627
100 377
100 404
100 775
100 102
100 1041
100 350
100 870
100 170
100 533
100 814
100 1058
100 1396
100 1386
100 961
100 414
100 522
100 1175
100 829
100 858
100 426
100 750
100 766
100 582
100 1387
100 565
100 331
100 384
100 751
100 539
100 941
100 1240
100 562
100 736
100 701
100 383
100 1203
100 448
100 714
100 993
100 874
100 717
100 1356
100 50
100 306
100 19
100 783
100 1032
100 1040
100 55
100 603
100 948
100 1039
100 445
100 23
100 844
100 318
100 1212
100 131
100 1228
100 559
100 135
100 127
100 152
100 196
100 1015
100 1237
100 1376
100 560
100 918
100 1082
100 1222
100 966
100 984
100 818
100 1176
100 1021
100 954
100 442
100 173
100 836
100 62
100 833
100 341
100 191
100 1061
100 770
100 947
100 846
100 629
100 216
100 1066
100 593
100 266
100 916
100 419
100 1028
100 1260
100 16
100 237
100 864
100 726
100 580
100 970
100 1374
100 309
100 1109
100 1283
100 859
100 352
100 771
100 271
100 1223
100 1299
100 1282
100 985
100 136
100 463
100 217
100 940
100 1263
100 1392
100 302
100 1321
100 410
100 1055
100 1375
100 353
100 504
100 1337
100 686
100 177
100 653
100 1234
100 169
100 387
100 1245
100 1238
100 1005
100 1292
100 1279
100 784
100 49
100 40
100 280
100 213
100 336
100 1236
100 574
100 767
100 772
100 1328
100 1398
100 138
100 435
100 73
100 1334
100 865
100 145
100 174
100 776
100 1159
100 1001
100 53
100 949
100 1361
100 698
100 1332
100 456
100 342
100 379
100 1072
100 924
100 1000
100 1315
100 1224
100 1304
100 195
100 7
100 703
100 71
100 786
100 72
100 1115
100 799
100 591
100 473
100 543
100 96
100 914
100 759
100 1156
100 277
100 576
100 637
100 349
100 1278
100 206
100 528
100 971
100 658
100 680
100 535
100 14
100 804
100 433
100 272
100 1170
100 134
100 80
100 1390
100 32
100 1057
100 343
100 779
100 346
100 1136
100 1018
100 812
100 821
100 489
100 1339
100 529
100 197
100 816
100 252
100 1095
100 1241
100 722
100 1281
100 718
100 144
100 42
100 219
100 381
100 611
100 1215
100 1002
100 1302
100 97
100 287
100 92
100 1380
100 214
100 149
100 1230
100 1349
100 1311
100 917
100 441
100 234
100 39
100 262
100 305
100 182
100 1108
100 588
100 987
100 671
100 548
100 1326
100 901
100 202
100 1064
100 201
100 1047
100 162
100 474
100 125
100 1076
100 85
100 1296
100 324
100 28
100 484
100 1025
100 1202
100 1211
100 59
100 1382
100 610
100 748
100 521
100 164
100 999
100 538
100 749
100 1270
100 781
100 100
100 678
100 595
100 1344
100 187
100 1199
100 623
100 976
100 927
100 646
100 240
100 26
100 600
100 1094
100 650
100 198
100 697
100 550
100 151
100 362
100 655
100 672
100 261
100 255
100 494
100 89
100 990
100 1142
100 845
100 1351
100 599
100 316
100 210
100 79
100 572
100 518
100 1229
100 337
100 1195
100 168
100 923
100 1100
100 43
100 1271
100 443
100 1250
100 431
100 1341
100 503
100 1227
100 520
100 258
100 299
100 444
100 798
100 8
100 416
100 208
100 267
100 1274
100 319
100 371
100 1319
100 899
100 573
100 973
100 807
100 245
100 1221
100 1310
100 345
100 685
100 95
100 1093
100 1317
100 705
100 809
100 517
100 44
100 212
100 315
100 286
100 1153
100 1355
100 905
100 746
100 380
100 589
100 1352
100 189
100 4
100 645
100 1009
100 496
100 1232
100 1381
100 806
100 664
100 634
100 933
100 1096
100 925
100 185
100 811
100 311
100 959
100 124
100 406
100 21
100 1364
100 242
100 1213
100 1188
100 1139
100 1004
100 304
100 695
100 997
100 875
100 1367
100 1324
100 1
100 57
100 133
100 594
100 1111
100 291
100 972
100 1350
100 375
100 715
100 1309
100 1097
100 275
100 74
100 132
100 328
100 123
100 334
100 1092
100 666
100 254
100 792
100 992
100 1075
100 983
100 437
100 1062
100 892
100 598
100 347
100 1307
100 693
100 1165
100 340
100 1169
100 1395
100 534
100 1098
100 1313
100 1247
100 909
100 9
100 597
100 303
100 513
100 649
100 1205
100 260
100 205
100 633
100 675
100 667
100 142
100 1289
100 239
100 1265
100 282
100 156
100 1147
100 296
100 1287
100 36
100 355
100 711
100 939
100 815
100 141
100 1218
100 568
100 87
100 657
100 434
100 1191
100 1074
100 120
100 896
100 481
100 1338
100 1167
100 692
100 1099
100 1331
100 773
100 33
100 449
100 117
100 547
100 606
100 546
100 450
100 1249
100 233
100 1164
100 803
100 1243
100 797
100 139
100 466
100 1110
100 1008
100 176
100 403
100 186
100 1316
100 754
100 690
100 638
100 1323
100 249
100 800
100 397
100 602
100 782
100 293
100 69
100 604
100 780
100 536
100 61
100 1259
100 1196
100 712
100 52
100 269
100 147
100 129
100 2
100 184
100 190
100 390
100 1273
100 1091
100 60
100 447
100 912
100 58
100 946
100 417
100 613
100 615
100 128
100 876
100 204
100 1295
100 566
100 344
100 1207
100 220
100 395
100 1157
100 1217
100 1297
100 1251
100 679
100 506
100 338
100 1154
100 259
100 308
100 729
100 919
100 618
100 519
100 794
100 166
100 867
100 601
100 363
100 1220
100 1077
100 661
100 211
100 620
100 1163
100 290
100 1264
100 964
100 1107
100 942
100 531
100 788
100 1346
100 707
100 553
100 796
100 713
100 317
100 29
100 614
100 673
100 541
100 453
100 1225
100 276
100 974
100 114
100 511
100 24
100 172
100 1342
100 628
100 683
100 688
100 110
100 1235
100 625
100 51
100 624
100 962
100 493
100 288
100 660
100 230
100 25
100 636
100 1300
100 270
100 1204
100 996
100 66
100 991
100 229
100 994
100 1239
100 274
100 401
100 209
100 753
100 1277
100 140
100 1144
100 710
100 165
100 83
100 199
100 721
100 82
100 163
100 1201
100 329
100 244
