11 495
11 556
11 738
11 654
11 1327
11 472
11 1186
11 1356
11 557
11 20
11 28
11 491
11 72
11 305
11 540
11 335
11 27
11 25
11 570
11 1314
11 273
11 572
11 1310
11 370
11 508
11 304
11 1389
11 843
11 1157
11 147
11 1248
11 1156
11 192
11 567
11 110
11 160
11 1238
11 421
11 64
11 525
11 242
11 1218
11 1307
11 1231
11 300
11 190
11 1149
11 402
11 36
11 688
11 93
11 435
11 232
11 1252
11 360
11 1280
11 494
11 889
11 1319
11 745
11 334
11 263
11 939
11 349
11 177
11 321
11 629
11 65
11 1274
11 1037
11 327
11 777
11 180
11 132
11 473
11 301
11 665
11 641
11 411
11 359
11 1106
11 467
11 634
11 279
11 308
11 262
11 1258
11 802
11 1000
11 1192
11 58
11 593
11 317
11 1108
11 667
11 836
11 320
11 1200
11 1390
11 184
11 209
11 252
11 1206
11 1375
11 341
11 284
11 104
11 1311
11 56
11 981
11 456
11 264
11 1253
11 903
11 670
11 39
11 1370
11 35
11 422
11 410
11 1387
11 62
11 13
11 657
11 814
11 1135
11 256
11 1394
11 1229
11 662
11 1124
11 364
11 1220
11 78
11 625
11 571
11 1181
11 1242
11 639
11 1208
11 57
11 201
11 372
11 2
11 439
11 319
11 1246
11 6
11 186
11 831
11 912
11 292
11 719
11 771
11 296
11 730
11 1312
11 1005
11 339
11 551
11 663
11 404
11 568
11 977
11 940
11 1392
11 403
11 1293
11 733
11 577
11 606
11 527
11 155
11 666
11 724
11 122
11 1182
11 941
11 1322
11 479
11 157
11 1191
11 648
11 1321
11 107
11 1263
11 1100
11 966
11 328
11 4
11 423
11 458
11 504
11 144
11 1393
11 998
11 1065
11 1245
11 1179
11 1198
11 11
11 1285
11 1107
11 1214
11 158
11 276
11 700
11 1304
11 5
11 73
11 1056
11 260
11 1361
11 1269
11 287
11 499
11 1083
11 537
11 965
11 734
11 1072
11 543
11 309
11 369
11 415
11 322
11 609
11 726
11 266
11 291
11 91
11 1235
11 591
11 307
11 483
11 506
11 611
11 112
11 1007
11 1138
11 178
11 947
11 486
11 500
11 425
11 517
11 171
11 682
11 612
11 482
11 164
11 656
11 741
11 1236
11 1276
11 97
11 453
11 1043
11 689
11 373
11 1309
11 442
11 117
11 526
11 1185
11 475
11 34
11 1202
11 235
11 331
11 221
11 731
11 1148
11 51
11 535
11 569
11 1313
11 23
11 258
11 49
11 957
11 445
11 728
11 498
11 71
11 853
11 94
11 98
11 855
11 1114
11 336
11 1303
11 1391
11 645
11 561
11 329
11 736
11 976
11 644
11 565
11 1382
11 1364
11 1073
11 650
11 990
11 283
11 668
11 459
11 1337
11 833
11 350
11 124
11 552
11 114
11 934
11 798
11 306
11 330
11 757
11 191
11 371
11 253
11 926
11 1029
11 44
11 1197
11 583
11 424
11 111
11 1110
11 1081
11 1059
11 356
11 746
11 575
11 1006
11 786
11 1219
11 1224
11 1193
11 917
11 581
11 497
11 1078
11 1055
11 12
11 627
11 1278
11 1190
11 928
11 496
11 787
11 985
11 732
11 389
11 84
11 92
11 989
11 660
11 149
11 156
11 1151
11 1260
11 721
11 1077
11 807
11 1377
11 810
11 481
11 1042
11 1147
11 980
11 1265
11 207
11 449
11 826
11 1205
11 345
11 837
11 1294
11 90
11 608
11 677
11 233
11 1399
11 268
11 636
11 1317
11 323
11 357
11 368
11 1376
11 852
11 1288
11 1194
11 784
11 181
11 142
11 573
11 914
11 1035
11 281
11 446
11 169
11 607
11 800
11 1085
11 118
11 1076
11 550
11 161
11 944
11 351
11 622
11 248
11 366
11 477
11 293
11 987
11 921
11 963
11 1137
11 87
11 16
11 392
11 805
11 519
11 159
11 1233
11 992
11 1383
11 188
11 1047
11 140
11 218
11 1379
11 375
11 999
11 585
11 230
11 672
11 1225
11 1267
11 1054
11 478
11 1232
11 1201
11 175
11 397
11 365
11 1283
11 754
11 704
11 937
11 1129
11 179
11 417
11 1002
11 310
11 702
11 515
11 1210
11 267
11 635
11 1241
11 1164
11 362
11 562
11 1315
11 507
11 81
11 476
11 1187
11 428
11 812
11 1367
11 586
11 1203
11 613
11 15
11 1152
11 1074
11 664
11 1087
11 542
11 342
11 901
11 1207
11 1336
11 255
11 1103
11 750
11 576
11 1251
11 1281
11 1257
11 1109
11 1136
11 630
11 406
11 1053
11 1189
11 579
11 972
11 470
11 927
11 804
11 828
11 1105
11 243
11 1061
11 492
11 1273
11 1119
11 760
11 946
11 115
11 806
11 14
11 590
11 1266
11 518
11 379
11 391
11 297
11 854
11 823
11 412
11 457
11 739
11 587
11 1184
11 962
11 638
11 401
11 145
11 172
11 1041
11 469
11 1031
11 829
11 871
11 769
11 265
11 1101
11 978
11 559
11 1239
11 444
11 578
11 170
11 658
11 674
11 1346
11 1173
11 460
11 835
11 1368
11 131
11 1320
11 231
11 503
11 907
11 461
11 626
11 1244
11 429
11 489
11 588
11 1352
11 694
11 1030
11 1228
11 698
11 398
11 920
11 54
11 669
11 533
11 538
11 563
11 1063
11 108
11 1240
11 1068
11 229
11 204
11 289
11 119
11 765
11 1365
11 394
11 1044
11 706
11 1086
11 913
11 318
11 246
11 1050
11 193
11 1079
11 1300
11 1297
11 99
11 880
11 381
11 216
11 332
11 840
11 803
11 101
11 1016
11 996
11 454
11 788
11 793
11 1295
11 770
11 547
11 759
11 385
11 1123
11 325
11 19
11 1373
11 227
11 997
11 395
11 123
11 659
11 206
11 1217
11 167
11 1316
11 930
11 1153
11 761
11 1160
11 26
11 1318
11 1098
11 701
11 1221
11 684
11 530
11 661
11 60
11 1271
11 205
11 1052
11 822
11 974
11 1014
11 1112
11 311
11 285
11 1089
11 390
11 938
11 705
11 574
11 384
11 1374
11 988
11 949
11 1298
11 899
11 1279
11 352
11 1396
11 302
11 929
11 936
11 553
11 775
11 1084
11 872
11 1259
11 548
11 983
11 904
11 1080
11 916
11 47
11 582
11 892
11 380
11 347
11 982
11 1013
11 1040
11 692
11 514
11 683
11 1366
11 1270
11 863
11 1255
11 1180
11 640
11 778
11 1010
11 864
11 560
11 448
11 199
11 909
11 764
11 1213
11 794
11 616
11 219
11 1324
11 1329
11 1333
11 393
11 584
11 1292
11 344
11 1398
11 933
11 409
11 89
11 776
11 455
11 1128
11 595
11 523
11 46
11 509
11 1150
11 532
11 857
11 1378
11 886
11 848
11 1023
11 294
11 693
11 130
11 896
11 1291
11 274
11 1301
11 173
11 187
11 1070
11 1209
11 437
11 1247
11 818
11 480
11 785
11 1380
11 1088
11 589
11 993
11 842
11 887
11 763
11 811
11 1212
11 1175
11 652
11 850
11 1046
11 96
11 1230
11 451
11 1234
11 1008
11 408
11 869
11 1127
11 38
11 1067
11 1343
11 1384
11 1036
11 1362
11 400
11 75
11 703
11 343
11 77
11 1330
11 792
11 1397
11 355
11 228
11 922
11 1183
11 735
11 832
11 1199
11 1026
11 315
11 354
11 945
11 1032
11 885
11 462
11 529
11 452
11 85
11 1369
11 1126
11 897
11 1058
11 493
11 752
11 24
11 1342
11 414
11 737
11 554
11 299
11 68
11 374
11 220
11 143
11 361
11 386
11 1082
11 1345
11 1
11 851
11 1254
11 121
11 212
11 474
11 280
11 601
11 22
11 363
11 604
11 1009
11 1302
11 715
11 740
11 952
11 870
11 278
11 52
11 1121
11 134
11 767
11 1003
11 1385
11 617
11 748
11 388
11 1019
11 1051
11 758
11 67
11 443
11 116
11 723
11 753
11 1223
11 766
11 86
11 1222
11 707
11 895
11 1169
11 599
11 61
11 605
11 679
11 1154
11 133
11 197
11 259
11 890
11 919
11 653
11 447
11 1122
11 247
11 128
11 1347
11 830
11 695
11 961
11 891
11 1134
11 801
11 245
11 643
11 824
11 756
11 1349
11 257
11 908
11 82
11 699
11 33
11 208
11 103
11 441
11 146
11 646
11 59
11 9
11 1261
11 432
11 32
11 1289
11 433
11 782
11 151
11 1328
11 628
11 1034
11 894
11 1338
11 727
11 541
11 1167
11 1168
11 1351
11 649
11 174
11 845
11 1039
11 827
11 198
11 1066
11 1095
11 80
11 1296
11 710
11 1277
11 163
11 717
11 986
