13 496
13 643
13 903
13 199
13 313
13 660
13 503
13 440
13 38
13 1268
13 468
13 801
13 507
13 526
13 880
13 469
13 879
13 1242
13 1056
13 312
13 197
13 520
13 1290
13 467
13 780
13 1183
13 335
13 1099
13 853
13 837
13 415
13 1154
13 1334
13 797
13 1332
13 594
13 961
13 1153
13 1163
13 404
13 795
13 231
13 124
13 1037
13 521
13 118
13 713
13 316
13 1338
13 876
13 27
13 778
13 1006
13 1017
13 1260
13 577
13 587
13 258
13 1224
13 917
13 701
13 143
13 1288
13 498
13 1286
13 1341
13 924
13 918
13 872
13 403
13 750
13 516
13 1043
13 252
13 815
13 132
13 709
13 140
13 121
13 1294
13 991
13 1052
13 1364
13 580
13 97
13 824
13 191
13 1339
13 1207
13 1157
13 1309
13 916
13 800
13 235
13 573
13 1220
13 262
13 439
13 927
13 44
13 431
13 1320
13 455
13 707
13 214
13 315
13 919
13 563
13 1326
13 1235
13 711
13 357
13 1024
13 1028
13 1127
13 625
13 572
13 564
13 799
13 1248
13 796
13 1114
13 164
13 289
13 767
13 1066
13 157
13 712
13 1195
13 1296
13 1047
13 753
13 80
13 1277
13 486
13 757
13 216
13 685
13 1072
13 466
13 827
13 638
13 976
13 89
13 1209
13 798
13 433
