14 170
14 256
14 798
14 1364
14 335
14 345
14 64
14 291
14 973
14 439
14 540
14 134
14 569
14 63
14 903
14 65
14 969
14 570
14 411
14 568
14 97
14 132
14 334
14 1395
14 296
14 190
14 72
14 1156
14 572
14 409
14 525
14 1157
14 39
14 402
14 310
14 306
14 1389
14 1220
14 1288
14 630
14 304
14 305
14 1321
14 472
14 265
14 1314
14 1195
14 556
14 308
14 25
14 403
14 326
14 925
14 192
14 172
14 1228
14 1208
14 998
14 939
14 495
14 665
14 187
14 875
14 26
14 1269
14 319
14 1327
14 373
14 557
14 1248
14 972
14 1303
14 415
14 1312
14 609
14 938
14 625
14 309
14 178
14 573
14 517
14 171
14 983
14 263
14 1299
14 482
14 323
14 1253
14 1319
14 333
14 1063
14 1200
14 1181
14 1107
14 739
14 235
14 209
14 331
14 2
14 358
14 1390
14 147
14 71
14 895
14 1114
14 1206
14 453
14 504
14 207
14 142
14 46
14 11
14 586
14 114
14 1313
14 1198
14 741
14 253
14 612
14 654
14 327
14 119
14 1329
14 121
14 1391
14 1279
14 1274
14 1204
14 1179
14 1278
14 14
14 449
14 1356
14 37
14 1151
14 412
14 807
14 1379
14 398
14 1084
14 1276
14 233
14 279
14 1317
14 888
14 575
14 1222
14 1245
14 1088
14 541
14 329
14 169
14 330
14 467
14 656
14 926
14 800
14 956
14 1047
14 177
14 223
14 281
14 974
14 161
14 124
14 805
14 1083
14 131
14 1238
14 1007
14 1252
14 1383
14 1267
14 1188
14 252
14 385
14 1393
14 181
14 175
14 607
14 301
14 684
14 264
14 594
14 1111
14 1315
14 201
14 508
14 1006
14 1367
14 506
14 1203
14 156
14 906
14 470
14 523
14 650
14 571
14 928
14 1125
14 1399
14 1209
14 93
14 728
14 262
14 552
14 527
14 1021
14 595
14 1035
14 839
14 1077
14 935
14 388
14 328
14 736
14 1056
14 461
14 804
14 663
14 1093
14 1165
14 455
14 762
14 822
14 273
14 806
14 917
14 1266
14 228
14 730
14 735
14 1322
14 1026
14 159
14 1234
14 828
14 549
14 206
14 469
14 1326
14 317
14 810
14 933
14 667
14 1057
14 1225
14 248
14 511
14 1227
14 674
14 1199
14 105
14 422
14 1186
14 1079
14 503
14 1287
14 1133
14 89
14 1244
14 700
14 577
14 221
14 1183
14 896
14 416
14 1301
14 110
14 658
14 897
14 1058
14 270
14 1078
14 706
14 35
14 1300
14 15
14 1396
14 360
14 1041
14 1110
14 608
14 176
14 829
14 410
14 186
14 947
14 1257
14 216
14 754
14 425
14 1189
14 803
14 476
14 515
14 793
14 792
14 725
14 1117
14 1202
14 489
14 1316
14 1258
14 1153
14 777
14 370
14 1160
14 1318
14 784
14 811
14 496
14 1334
14 743
14 462
14 367
14 421
14 817
14 1182
14 1044
14 852
14 1273
14 406
14 45
14 311
14 128
14 538
14 649
14 384
14 417
14 368
14 949
14 1295
14 1298
14 112
14 644
14 891
14 1197
14 1284
14 579
14 428
14 814
14 195
14 1154
14 197
14 890
14 694
14 1015
14 733
14 1134
14 740
14 1010
14 1089
14 188
14 1184
14 488
14 519
14 794
14 454
14 290
14 42
14 245
14 1246
14 913
14 844
14 1051
14 179
14 1128
14 781
14 707
14 419
14 1169
14 456
14 1310
14 555
14 78
14 518
14 1307
14 693
14 1229
14 889
14 902
14 1136
14 1247
14 825
14 276
14 697
14 1242
14 1122
14 1352
14 1265
14 993
14 205
14 144
14 1212
14 779
14 1235
14 99
14 720
14 1230
14 115
14 1119
14 149
14 101
14 756
14 1127
14 660
14 732
14 364
14 1375
14 1380
14 100
14 94
14 1330
14 193
14 692
14 1097
14 85
14 782
14 1239
14 857
14 874
14 96
14 212
14 401
14 1268
14 827
14 976
14 1147
14 83
14 427
