15 462
15 1097
15 761
15 866
15 1117
15 1096
15 553
15 1025
15 1099
15 463
15 1279
15 1043
15 1098
15 1065
15 1100
15 542
15 1340
15 1015
15 509
15 981
15 592
15 707
15 1024
15 1127
15 1027
15 82
15 1042
15 119
15 818
15 982
15 1071
15 952
15 817
15 37
15 836
15 829
15 403
15 890
15 766
15 1019
15 77
15 1322
15 762
15 822
15 740
15 870
15 840
15 796
15 646
15 1136
15 949
15 974
15 586
15 51
15 658
15 1167
15 739
15 773
15 1330
15 405
15 837
15 797
15 820
15 1392
15 1072
15 536
15 691
15 274
15 856
15 1199
15 1010
15 259
15 1321
15 859
15 966
15 1269
15 524
15 328
15 1312
15 42
15 862
15 302
15 364
15 108
15 609
15 559
15 378
15 59
15 1011
15 1368
15 1054
15 461
15 159
15 260
15 1376
15 23
15 436
15 1305
15 55
15 583
15 299
15 673
15 1287
15 110
15 1123
15 87
15 131
15 167
15 48
15 877
15 117
15 410
15 81
15 498
15 435
15 169
15 716
15 352
15 1009
15 421
15 283
15 348
15 596
15 365
15 366
15 1003
15 1298
15 447
15 1386
15 580
15 236
15 91
15 873
15 341
15 1053
15 1263
15 183
15 103
15 325
15 342
15 292
15 576
15 456
15 272
15 44
15 575
15 656
15 1343
15 1342
15 151
15 1335
15 25
15 234
15 14
15 466
15 132
15 1277
15 710
15 927
15 1201
