16 498
16 106
16 1328
16 231
16 248
16 1255
16 814
16 494
16 1301
16 93
16 1112
16 803
16 447
16 410
16 326
16 259
16 1006
16 1383
16 161
16 528
16 1380
16 826
16 849
16 976
16 1043
16 682
16 1098
16 154
16 363
16 1358
16 1259
16 192
16 927
16 94
16 802
16 360
16 279
16 412
16 669
16 1399
16 922
16 1037
16 435
16 234
16 1393
16 61
16 269
16 336
16 266
16 325
16 468
16 233
16 25
16 1005
16 1108
16 493
16 920
16 1397
16 1124
16 1286
16 197
16 146
16 160
16 1159
16 372
16 592
16 1113
16 1221
16 1239
16 1243
16 318
16 553
16 270
16 916
16 801
16 421
16 834
16 261
16 1092
16 1271
16 1197
16 652
16 443
16 216
16 878
16 384
16 869
16 124
16 426
16 349
16 446
16 808
16 414
16 273
16 1188
16 1396
16 1297
16 677
16 382
16 85
16 1304
16 551
16 1062
16 196
16 992
16 1400
16 1036
16 111
16 918
16 983
16 552
16 1352
16 232
16 56
16 60
16 88
16 92
16 257
16 662
16 578
16 607
16 988
16 1246
16 556
16 986
16 208
16 1356
16 112
16 1390
16 1071
16 1149
16 122
16 917
16 1048
16 1323
16 1280
16 1193
16 433
16 771
16 1019
16 1135
16 537
16 644
16 1063
16 981
16 142
16 369
16 127
16 704
16 179
16 901
16 148
16 87
16 278
16 774
16 108
16 688
16 924
16 44
16 375
16 188
16 1195
16 23
16 1074
16 1263
16 969
16 1387
16 816
16 1087
16 945
16 296
16 36
16 1012
16 1183
16 27
16 395
16 926
16 1388
16 1213
16 559
16 373
16 770
16 322
16 211
16 1253
16 186
16 1179
16 1210
16 1247
16 1009
16 968
16 923
16 457
16 714
16 666
16 107
16 530
16 599
16 432
16 247
16 213
16 1281
16 1105
16 1114
16 1089
16 836
16 919
16 632
16 1248
16 249
16 422
16 1041
16 523
16 1038
16 424
16 181
16 1310
16 1042
16 425
16 1072
16 1137
16 609
16 203
16 1088
16 1058
16 172
16 452
16 744
16 469
16 557
16 601
16 35
16 383
16 1274
16 104
16 1242
16 97
16 117
16 1319
16 332
16 1262
16 171
16 1075
16 653
16 133
16 268
16 676
16 1342
16 1334
16 66
16 775
16 283
16 762
16 1289
16 225
16 745
16 921
16 1332
16 531
16 684
16 57
16 324
16 205
16 569
16 1204
16 49
16 1234
16 956
16 637
16 1377
16 1100
16 783
16 500
16 1298
16 235
16 1222
16 86
16 671
16 765
16 463
16 499
16 456
16 1199
16 966
16 359
16 134
16 848
16 48
16 77
16 626
16 912
16 1147
16 1023
16 1251
16 1151
16 1094
16 1
16 1373
16 891
16 689
16 543
16 370
16 1003
16 262
16 993
16 574
16 947
16 1391
16 1080
16 967
16 52
16 474
16 1275
16 930
16 118
16 1130
16 786
16 1261
16 977
16 489
16 1231
16 665
16 1194
16 321
16 1233
16 465
16 1214
16 20
16 964
16 1385
16 1106
16 978
16 678
16 1040
16 1104
16 818
16 946
16 1201
16 698
16 14
16 292
16 577
16 1235
16 1339
16 1007
16 1110
16 9
16 815
16 1225
16 640
16 1212
16 378
16 1002
16 470
16 648
16 341
16 194
16 206
16 328
16 1055
16 991
16 1123
16 317
16 522
16 19
16 1331
16 240
16 1202
16 492
16 1084
16 307
16 949
16 1363
16 1294
16 2
16 670
16 987
16 980
16 606
16 784
16 747
16 1224
16 37
16 1343
16 1265
16 16
16 1394
16 1300
16 938
16 541
16 1184
16 63
16 404
16 1245
16 1157
16 588
16 781
16 1381
16 504
16 782
16 150
16 59
16 417
16 297
16 943
16 250
16 289
16 657
16 1010
16 162
16 174
16 1218
16 1366
16 1192
16 434
16 32
16 1039
16 789
16 593
16 1198
16 732
16 827
16 674
16 1175
16 1309
16 24
16 1238
16 811
16 428
16 229
16 547
16 409
16 445
16 193
16 1061
16 1384
16 1076
16 427
16 84
16 1097
16 985
16 1296
16 809
16 1392
16 374
16 1182
16 487
16 1217
16 563
16 896
16 1386
16 989
16 458
16 506
16 329
16 1306
16 339
16 625
16 1229
16 13
16 754
16 733
16 660
16 539
16 686
16 105
16 449
16 217
16 58
16 600
16 74
16 230
16 655
16 228
16 979
16 1107
16 431
16 54
16 294
16 994
16 101
16 356
16 575
16 525
16 64
16 438
16 407
16 323
16 173
16 17
16 43
16 340
16 779
16 287
16 158
16 701
16 495
16 1111
16 554
16 730
16 1350
16 501
16 813
16 683
16 1273
16 717
16 602
16 1290
16 1153
16 572
16 113
16 907
16 282
16 1279
16 1266
16 790
16 1081
16 39
16 310
16 1000
16 739
16 300
16 110
16 1140
16 295
16 929
16 3
16 691
16 673
16 1351
16 191
16 536
16 119
16 399
16 555
16 690
16 785
16 304
16 567
16 699
16 1382
16 187
16 1161
16 1021
16 135
16 750
16 1365
16 1011
16 1083
16 576
16 413
16 1305
16 439
16 545
16 242
16 472
16 1190
16 974
16 183
16 476
16 1029
16 886
16 306
16 910
16 1314
16 1318
16 661
16 459
16 69
16 222
16 585
16 1302
16 998
16 719
16 526
16 962
16 100
16 411
16 1398
16 973
16 361
16 1237
16 1241
16 455
16 629
16 904
16 1348
16 464
16 656
16 586
16 246
16 167
16 379
16 272
16 568
16 1315
16 900
16 4
16 227
16 860
16 761
16 204
16 473
16 109
16 1215
16 1181
16 941
16 121
16 634
16 508
16 293
16 1360
16 861
16 1211
16 401
16 1375
16 440
16 480
16 393
16 147
16 1303
16 1312
16 624
16 748
16 571
16 45
16 131
16 550
16 546
16 1354
16 651
16 95
16 89
16 305
16 18
16 633
16 392
16 845
16 1065
16 236
16 580
16 540
16 309
16 263
16 579
16 1228
16 1362
16 773
16 566
16 352
16 583
16 200
16 1185
16 491
16 872
16 1240
16 605
16 984
16 386
16 510
16 209
16 911
16 423
16 488
16 1336
16 852
16 527
16 616
16 1230
16 749
16 364
16 757
16 1295
16 335
16 1004
16 558
16 706
16 490
16 573
16 892
16 961
16 34
16 534
16 734
16 535
16 398
16 793
16 252
16 79
16 394
16 972
16 314
16 867
16 467
16 1341
16 1329
16 1232
16 1326
16 542
16 371
16 718
16 98
16 1125
16 28
16 562
16 389
16 1209
16 1371
16 1353
16 299
16 965
16 1143
16 1252
16 839
16 1267
16 1333
16 1187
16 388
16 975
16 564
16 507
16 514
16 288
16 1216
16 377
16 1139
16 189
16 1180
16 1282
16 385
16 298
16 313
16 78
16 1236
16 418
16 180
16 26
16 1367
16 33
16 1324
16 722
16 1154
16 1136
16 675
16 276
16 794
16 1268
16 1249
16 805
16 163
16 659
16 1189
16 797
16 767
16 1220
16 420
16 239
16 376
16 1256
16 1127
16 99
16 751
16 1283
16 484
16 663
16 277
16 604
16 1142
16 1338
16 610
16 274
16 333
16 38
16 430
16 590
16 544
16 959
16 990
16 1203
16 1047
16 265
16 521
16 116
16 185
16 128
16 685
16 902
16 1186
16 549
16 165
16 466
16 1272
16 503
16 820
16 387
16 680
16 667
16 595
16 1344
16 1144
16 258
16 1160
16 612
16 772
16 1287
16 873
16 308
16 806
16 1066
16 166
16 481
16 103
16 903
16 319
16 1254
16 1082
16 22
16 123
16 1078
16 799
16 73
16 450
16 1165
16 50
16 351
16 1321
16 81
16 1347
16 533
16 1374
16 798
16 280
16 1073
16 210
16 1205
16 795
16 1200
16 963
16 1291
16 311
16 365
16 366
16 485
16 1148
16 190
16 175
16 21
16 1223
16 241
16 1270
16 7
16 895
16 483
16 1370
16 529
16 201
16 381
16 475
16 570
16 91
16 1313
16 710
16 312
16 315
16 1330
16 82
16 1014
16 906
16 672
16 102
16 687
16 970
16 342
16 565
16 705
16 1264
16 224
16 942
16 1325
16 792
16 212
16 1349
16 316
16 1141
16 460
16 1368
16 696
16 915
16 461
16 347
16 1307
16 940
16 668
16 623
16 591
16 237
16 53
16 1086
16 358
16 646
16 1158
16 597
16 303
16 159
16 145
16 1250
16 700
16 933
16 511
16 1227
16 55
16 444
16 70
16 1260
16 144
16 221
16 939
16 138
16 560
16 120
16 115
16 1119
16 561
16 327
16 1085
16 149
16 587
16 1269
16 125
16 944
16 126
16 1288
16 415
16 996
16 630
16 182
16 608
16 243
16 6
16 589
16 1379
16 176
16 169
16 800
16 380
16 132
16 346
16 496
16 402
16 960
16 348
16 96
16 184
16 391
16 817
16 627
16 406
16 244
16 538
16 207
16 155
16 344
16 1207
16 1284
16 214
16 442
16 267
16 1278
16 152
16 899
16 477
16 1128
16 334
16 702
16 693
16 1093
16 1322
16 72
16 1156
16 894
16 177
16 170
16 62
16 453
16 825
16 697
16 1244
16 1024
16 157
16 1064
16 51
16 658
16 692
16 1164
16 635
16 603
16 857
16 198
16 1166
16 1277
16 856
16 486
16 199
