17 1
17 10
17 100
17 1000
17 1001
17 1002
17 1003
17 1004
17 1005
17 1006
17 1007
17 1008
17 1009
17 101
17 1010
17 1011
17 1012
17 1013
17 1014
17 1015
17 1016
17 1017
17 1018
17 1019
17 102
17 1020
17 1021
17 1022
17 1023
17 1024
17 1025
17 1026
17 1027
17 1028
17 1029
17 103
17 1030
17 1031
17 1032
17 1033
17 1034
17 1035
17 1036
17 1037
17 1038
17 1039
17 104
17 1040
17 1041
17 1042
17 1043
17 1044
17 1045
17 1046
17 1047
17 1048
17 1049
17 105
17 1050
17 1051
17 1052
17 1053
17 1054
17 1055
17 1056
17 1057
17 1058
17 1059
17 106
17 1060
17 1061
17 1062
17 1063
17 1064
17 1065
17 1066
17 1067
17 1068
17 1069
17 107
17 1070
17 1071
17 1072
17 1073
17 1074
17 1075
17 1076
17 1077
17 1078
17 1079
17 108
17 1080
17 1081
17 1082
17 1083
17 1084
17 1085
17 1086
17 1087
17 1088
17 1089
17 109
17 1090
17 1091
17 1092
17 1093
17 1094
17 1095
17 1096
17 1097
17 1098
17 1099
17 11
17 110
17 1100
17 1101
17 1102
17 1103
17 1104
17 1105
17 1106
17 1107
17 1108
17 1109
17 111
17 1110
17 1111
17 1112
17 1113
17 1114
17 1115
17 1116
17 1117
17 1118
17 1119
17 112
17 1120
17 1121
17 1122
17 1123
17 1124
17 1125
17 1126
17 1127
17 1128
17 1129
17 113
17 1130
17 1131
17 1132
17 1133
17 1134
17 1135
17 1136
17 1137
17 1138
17 1139
17 114
17 1140
17 1141
17 1142
17 1143
17 1144
17 1145
17 1146
17 1147
17 1148
17 1149
17 115
17 1150
17 1151
17 1152
17 1153
17 1154
17 1155
17 1156
17 1157
17 1158
17 1159
17 116
17 1160
17 1161
17 1162
17 1163
17 1164
17 1165
17 1166
17 1167
17 1168
17 1169
17 117
17 1170
17 1171
17 1172
17 1173
17 1174
17 1175
17 1176
17 1177
17 1178
17 1179
17 118
17 1180
17 1181
17 1182
17 1183
17 1184
17 1185
17 1186
17 1187
17 1188
17 1189
17 119
17 1190
17 1191
17 1192
17 1193
17 1194
17 1195
17 1196
17 1197
17 1198
17 1199
17 12
17 120
17 1200
17 1201
17 1202
17 1203
17 1204
17 1205
17 1206
17 1207
17 1208
17 1209
17 121
17 1210
17 1211
17 1212
17 1213
17 1214
17 1215
17 1216
17 1217
17 1218
17 1219
17 122
17 1220
17 1221
17 1222
17 1223
17 1224
17 1225
17 1226
17 1227
17 1228
17 1229
17 123
17 1230
17 1231
17 1232
17 1233
17 1234
17 1235
17 1236
17 1237
17 1238
17 1239
17 124
17 1240
17 1241
17 1242
17 1243
17 1244
17 1245
17 1246
17 1247
17 1248
17 1249
17 125
17 1250
17 1251
17 1252
17 1253
17 1254
17 1255
17 1256
17 1257
17 1258
17 1259
17 126
17 1260
17 1261
17 1262
17 1263
17 1264
17 1265
17 1266
17 1267
17 1268
17 1269
17 127
17 1270
17 1271
17 1272
17 1273
17 1274
17 1275
17 1276
17 1277
17 1278
17 1279
17 128
17 1280
17 1281
17 1282
17 1283
17 1284
17 1285
17 1286
17 1287
17 1288
17 1289
17 129
17 1290
17 1291
17 1292
17 1293
17 1294
17 1295
17 1296
17 1297
17 1298
17 1299
17 13
17 130
17 1300
17 1301
17 1302
17 1303
17 1304
17 1305
17 1306
17 1307
17 1308
17 1309
17 131
17 1310
17 1311
17 1312
17 1313
17 1314
17 1315
17 1316
17 1317
17 1318
17 1319
17 132
17 1320
17 1321
17 1322
17 1323
17 1324
17 1325
17 1326
17 1327
17 1328
17 1329
17 133
17 1330
17 1331
17 1332
17 1333
17 1334
17 1335
17 1336
17 1337
17 1338
17 1339
17 134
17 1340
17 1341
17 1342
17 1343
17 1344
17 1345
17 1346
17 1347
17 1348
17 1349
17 135
17 1350
17 1351
17 1352
17 1353
17 1354
17 1355
17 1356
17 1357
17 1358
17 1359
17 136
17 1360
17 1361
17 1362
17 1363
17 1364
17 1365
17 1366
17 1367
17 1368
17 1369
17 137
17 1370
17 1371
17 1372
17 1373
17 1374
17 1375
17 1376
17 1377
17 1378
17 1379
17 138
17 1380
17 1381
17 1382
17 1383
17 1384
17 1385
17 1386
17 1387
17 1388
17 1389
17 139
17 1390
17 1391
17 1392
17 1393
17 1394
17 1395
17 1396
17 1397
17 1398
17 1399
17 14
17 140
17 1400
17 141
17 142
17 143
17 144
17 145
17 146
17 147
17 148
17 149
17 15
17 150
17 151
17 152
17 153
17 154
17 155
17 156
17 157
17 158
17 159
17 16
17 160
17 161
17 162
17 163
17 164
17 165
17 166
17 167
17 168
17 169
17 17
17 170
17 171
17 172
17 173
17 174
17 175
17 176
17 177
17 178
17 179
17 18
17 180
17 181
17 182
17 183
17 184
17 185
17 186
17 187
17 188
17 189
17 19
17 190
17 191
17 192
17 193
17 194
17 195
17 196
17 197
17 198
17 199
17 2
17 20
17 200
17 201
17 202
17 203
17 204
17 205
17 206
17 207
17 208
17 209
17 21
17 210
17 211
17 212
17 213
17 214
17 215
17 216
17 217
17 218
17 219
17 22
17 220
17 221
17 222
17 223
17 224
17 225
17 226
17 227
17 228
17 229
17 23
17 230
17 231
17 232
17 233
17 234
17 235
17 236
17 237
17 238
17 239
17 24
17 240
17 241
17 242
17 243
17 244
17 245
17 246
17 247
17 248
17 249
17 25
17 250
17 251
17 252
17 253
17 254
17 255
17 256
17 257
17 258
17 259
17 26
17 260
17 261
17 262
17 263
17 264
17 265
17 266
17 267
17 268
17 269
17 27
17 270
17 271
17 272
17 273
17 274
17 275
17 276
17 277
17 278
17 279
17 28
17 280
17 281
17 282
17 283
17 284
17 285
17 286
17 287
17 288
17 289
17 29
17 290
17 291
17 292
17 293
17 294
17 295
17 296
17 297
17 298
17 299
17 3
17 30
17 300
17 301
17 302
17 303
17 304
17 305
17 306
17 307
17 308
17 309
17 31
17 310
17 311
17 312
17 313
17 314
17 315
17 316
17 317
17 318
17 319
17 32
17 320
17 321
17 322
17 323
17 324
17 325
17 326
17 327
17 328
17 329
17 33
17 330
17 331
17 332
17 333
17 334
17 335
17 336
17 337
17 338
17 339
17 34
17 340
17 341
17 342
17 343
17 344
17 345
17 346
17 347
17 348
17 349
17 35
17 350
17 351
17 352
17 353
17 354
17 355
17 356
17 357
17 358
17 359
17 36
17 360
17 361
17 362
17 363
17 364
17 365
17 366
17 367
17 368
17 369
17 37
17 370
17 371
17 372
17 373
17 374
17 375
17 376
17 377
17 378
17 379
17 38
17 380
17 381
17 382
17 383
17 384
17 385
17 386
17 387
17 388
17 389
17 39
17 390
17 391
17 392
17 393
17 394
17 395
17 396
17 397
17 398
17 399
17 4
17 40
17 400
17 401
17 402
17 403
17 404
17 405
17 406
17 407
17 408
17 409
17 41
17 410
17 411
17 412
17 413
17 414
17 415
17 416
17 417
17 418
17 419
17 42
17 420
17 421
17 422
17 423
17 424
17 425
17 426
17 427
17 428
17 429
17 43
17 430
17 431
17 432
17 433
17 434
17 435
17 436
17 437
17 438
17 439
17 44
17 440
17 441
17 442
17 443
17 444
17 445
17 446
17 447
17 448
17 449
17 45
17 450
17 451
17 452
17 453
17 454
17 455
17 456
17 457
17 458
17 459
17 46
17 460
17 461
17 462
17 463
17 464
17 465
17 466
17 467
17 468
17 469
17 47
17 470
17 471
17 472
17 473
17 474
17 475
17 476
17 477
17 478
17 479
17 48
17 480
17 481
17 482
17 483
17 484
17 485
17 486
17 487
17 488
17 489
17 49
17 490
17 491
17 492
17 493
17 494
17 495
17 496
17 497
17 498
17 499
17 5
17 50
17 500
17 501
17 502
17 503
17 504
17 505
17 506
17 507
17 508
17 509
17 51
17 510
17 511
17 512
17 513
17 514
17 515
17 516
17 517
17 518
17 519
17 52
17 520
17 521
17 522
17 523
17 524
17 525
17 526
17 527
17 528
17 529
17 53
17 530
17 531
17 532
17 533
17 534
17 535
17 536
17 537
17 538
17 539
17 54
17 540
17 541
17 542
17 543
17 544
17 545
17 546
17 547
17 548
17 549
17 55
17 550
17 551
17 552
17 553
17 554
17 555
17 556
17 557
17 558
17 559
17 56
17 560
17 561
17 562
17 563
17 564
17 565
17 566
17 567
17 568
17 569
17 57
17 570
17 571
17 572
17 573
17 574
17 575
17 576
17 577
17 578
17 579
17 58
17 580
17 581
17 582
17 583
17 584
17 585
17 586
17 587
17 588
17 589
17 59
17 590
17 591
17 592
17 593
17 594
17 595
17 596
17 597
17 598
17 599
17 6
17 60
17 600
17 601
17 602
17 603
17 604
17 605
17 606
17 607
17 608
17 609
17 61
17 610
17 611
17 612
17 613
17 614
17 615
17 616
17 617
17 618
17 619
17 62
17 620
17 621
17 622
17 623
17 624
17 625
17 626
17 627
17 628
17 629
17 63
17 630
17 631
17 632
17 633
17 634
17 635
17 636
17 637
17 638
17 639
17 64
17 640
17 641
17 642
17 643
17 644
17 645
17 646
17 647
17 648
17 649
17 65
17 650
17 651
17 652
17 653
17 654
17 655
17 656
17 657
17 658
17 659
17 66
17 660
17 661
17 662
17 663
17 664
17 665
17 666
17 667
17 668
17 669
17 67
17 670
17 671
17 672
17 673
17 674
17 675
17 676
17 677
17 678
17 679
17 68
17 680
17 681
17 682
17 683
17 684
17 685
17 686
17 687
17 688
17 689
17 69
17 690
17 691
17 692
17 693
17 694
17 695
17 696
17 697
17 698
17 699
17 7
17 70
17 700
17 701
17 702
17 703
17 704
17 705
17 706
17 707
17 708
17 709
17 71
17 710
17 711
17 712
17 713
17 714
17 715
17 716
17 717
17 718
17 719
17 72
17 720
17 721
17 722
17 723
17 724
17 725
17 726
17 727
17 728
17 729
17 73
17 730
17 731
17 732
17 733
17 734
17 735
17 736
17 737
17 738
17 739
17 74
17 740
17 741
17 742
17 743
17 744
17 745
17 746
17 747
17 748
17 749
17 75
17 750
17 751
17 752
17 753
17 754
17 755
17 756
17 757
17 758
17 759
17 76
17 760
17 761
17 762
17 763
17 764
17 765
17 766
17 767
17 768
17 769
17 77
17 770
17 771
17 772
17 773
17 774
17 775
17 776
17 777
17 778
17 779
17 78
17 780
17 781
17 782
17 783
17 784
17 785
17 786
17 787
17 788
17 789
17 79
17 790
17 791
17 792
17 793
17 794
17 795
17 796
17 797
17 798
17 799
17 8
17 80
17 800
17 801
17 802
17 803
17 804
17 805
17 806
17 807
17 808
17 809
17 81
17 810
17 811
17 812
17 813
17 814
17 815
17 816
17 817
17 818
17 819
17 82
17 820
17 821
17 822
17 823
17 824
17 825
17 826
17 827
17 828
17 829
17 83
17 830
17 831
17 832
17 833
17 834
17 835
17 836
17 837
17 838
17 839
17 84
17 840
17 841
17 842
17 843
17 844
17 845
17 846
17 847
17 848
17 849
17 85
17 850
17 851
17 852
17 853
17 854
17 855
17 856
17 857
17 858
17 859
17 86
17 860
17 861
17 862
17 863
17 864
17 865
17 866
17 867
17 868
17 869
17 87
17 870
17 871
17 872
17 873
17 874
17 875
17 876
17 877
17 878
17 879
17 88
17 880
17 881
17 882
17 883
17 884
17 885
17 886
17 887
17 888
17 889
17 89
17 890
17 891
17 892
17 893
17 894
17 895
17 896
17 897
17 898
17 899
17 9
17 90
17 900
17 901
17 902
17 903
17 904
17 905
17 906
17 907
17 908
17 909
17 91
17 910
17 911
17 912
17 913
17 914
17 915
17 916
17 917
17 918
17 919
17 92
17 920
17 921
17 922
17 923
17 924
17 925
17 926
17 927
17 928
17 929
17 93
17 930
17 931
17 932
17 933
17 934
17 935
17 936
17 937
17 938
17 939
17 94
17 940
17 941
17 942
17 943
17 944
17 945
17 946
17 947
17 948
17 949
17 95
17 950
17 951
17 952
17 953
17 954
17 955
17 956
17 957
17 958
17 959
17 96
17 960
17 961
17 962
17 963
17 964
17 965
17 966
17 967
17 968
17 969
17 97
17 970
17 971
17 972
17 973
17 974
17 975
17 976
17 977
17 978
17 979
17 98
17 980
17 981
17 982
17 983
17 984
17 985
17 986
17 987
17 988
17 989
17 99
17 990
17 991
17 992
17 993
17 994
17 995
17 996
17 997
17 998
17 999
