18 248
18 197
18 492
18 498
18 354
18 1301
18 947
18 1231
18 1307
18 106
18 231
18 1115
18 1005
18 122
18 234
18 56
18 803
18 154
18 1112
18 360
18 48
18 688
18 1347
18 801
18 443
18 999
18 410
18 988
18 1352
18 1006
18 232
18 189
18 435
18 58
18 927
18 717
18 1259
18 69
18 708
18 922
18 802
18 373
18 815
18 1304
18 196
18 993
18 1114
18 192
18 124
18 225
18 1393
18 567
18 1124
18 1262
18 808
18 1186
18 1218
18 709
18 1000
18 1179
18 1350
18 32
18 1077
18 233
18 57
18 494
18 25
18 1108
18 468
18 27
18 161
18 421
18 662
18 146
18 312
18 849
18 279
18 946
18 712
18 1243
18 1239
18 1192
18 711
18 1062
18 469
18 186
18 326
18 1074
18 414
18 174
18 423
18 1351
18 273
18 384
18 1104
18 1229
18 1277
18 1285
18 698
18 1193
18 572
18 434
18 447
18 1339
18 992
18 372
18 1382
18 564
18 1135
18 1263
18 369
18 907
18 528
18 694
18 1043
18 370
18 179
18 336
18 1149
18 1001
18 433
18 1334
18 1319
18 713
18 160
18 1332
18 632
18 973
18 666
18 1378
18 816
18 556
18 142
18 1274
18 924
18 318
18 1355
18 1197
18 188
18 1075
18 983
18 1188
18 971
18 282
18 1147
18 1309
18 901
18 923
18 19
18 1292
18 553
18 205
18 969
18 363
18 1204
18 1381
18 283
18 1303
18 626
18 173
18 636
18 1310
18 836
18 1247
18 714
18 193
18 814
18 266
18 1213
18 1356
18 123
18 1
18 441
18 972
18 1184
18 35
18 1045
18 569
18 1214
18 432
18 1250
18 670
18 936
18 70
18 976
18 1080
18 97
18 674
18 93
18 1363
18 464
18 1040
18 1105
18 1255
18 523
18 439
18 693
18 530
18 541
18 456
18 440
18 514
18 1137
18 1145
18 1261
18 1258
18 194
18 235
18 1212
18 512
18 37
18 997
18 991
18 680
18 94
18 1216
18 772
18 657
18 1106
18 671
18 511
18 522
18 704
18 679
18 147
18 36
18 307
18 638
18 1076
18 411
18 1234
18 203
18 259
18 1002
18 689
18 655
18 605
18 581
18 484
18 979
18 420
18 665
18 117
18 101
18 639
18 1349
18 599
18 467
18 247
18 38
18 44
18 994
18 1390
18 430
18 531
18 229
18 1201
18 1039
18 1337
18 1154
18 565
18 465
18 1157
18 1248
18 1151
18 891
18 291
18 663
18 967
18 346
18 20
18 1161
18 1306
18 181
18 1217
18 930
18 1373
18 459
18 332
18 1064
18 652
18 887
18 1280
18 609
18 977
18 944
18 695
18 230
18 243
18 519
18 271
18 809
18 736
18 213
18 12
18 335
18 612
18 85
18 978
18 134
18 559
18 250
18 222
18 1328
18 257
18 1224
18 176
18 212
18 1377
18 545
18 431
18 943
18 1343
18 1090
18 790
18 1225
18 508
18 650
18 1107
18 574
18 520
18 294
18 63
18 637
18 785
18 84
18 966
18 277
18 675
18 921
18 473
18 872
18 1237
18 996
18 1228
18 505
18 39
18 1227
18 687
18 1385
18 747
18 683
18 566
18 673
18 954
18 195
18 64
18 932
18 211
18 830
18 915
18 187
18 746
18 1386
18 610
18 1156
18 1253
18 1271
18 1320
18 1171
18 338
18 1004
18 349
18 49
18 501
18 1066
18 1341
18 293
18 413
18 577
18 428
18 499
18 935
18 95
18 513
18 409
18 1391
18 573
18 1311
18 1110
18 1276
18 794
18 287
18 681
18 1155
18 11
18 544
18 601
18 297
18 863
18 206
18 904
18 470
18 692
18 1125
18 1118
18 249
18 1314
18 955
18 371
18 536
18 226
18 981
18 275
18 950
18 295
18 1111
18 115
18 580
18 918
18 89
18 347
18 121
18 1266
18 788
18 204
18 292
18 690
18 767
18 495
18 29
18 345
18 549
18 183
18 415
18 989
18 696
18 310
18 126
18 595
18 1267
18 199
18 721
18 256
18 1146
18 138
18 1394
18 635
18 442
18 260
18 1238
18 962
18 781
18 760
18 846
18 920
18 811
18 678
18 763
18 1269
18 1049
18 1324
18 62
18 216
18 496
18 76
18 339
18 2
18 917
18 352
18 1198
18 1153
18 839
18 446
18 17
18 823
18 1302
18 10
18 74
18 386
18 1046
18 537
18 525
18 562
18 356
18 1117
18 866
18 1133
18 1317
18 30
18 1208
18 137
18 1233
18 438
18 1070
18 1187
18 162
18 54
18 1366
18 171
18 158
18 383
18 1297
18 1195
18 1081
18 518
18 296
18 330
18 1283
18 286
18 928
18 1336
18 43
18 110
18 1136
18 220
18 900
18 304
18 1230
18 289
18 558
18 278
18 937
18 1051
18 1374
18 659
18 1196
18 497
18 813
18 952
18 351
18 1281
18 847
18 1354
18 458
18 554
18 164
18 624
18 1092
18 1222
18 557
18 857
18 1279
18 1083
18 321
18 1264
18 766
18 4
18 631
18 912
18 334
18 529
18 800
18 1199
18 1019
18 3
18 323
18 90
18 838
18 625
18 1140
18 207
18 743
18 1181
18 1200
18 1127
18 31
18 1095
18 628
18 245
18 1232
18 418
18 984
18 654
18 555
18 1166
18 1246
18 970
18 228
18 344
18 1364
18 720
18 644
18 538
18 55
18 1209
18 685
18 1167
18 1003
18 1191
18 961
18 1383
18 552
18 949
18 934
18 41
18 252
18 806
18 856
18 1205
18 761
18 475
18 1305
18 242
18 105
18 91
18 728
18 16
18 1284
18 80
18 79
18 1175
18 1008
18 1162
18 1097
18 1315
18 1029
18 1345
18 886
18 87
18 362
18 119
18 540
18 770
18 493
18 576
18 542
18 786
18 1069
18 647
18 1185
18 251
18 1071
18 733
18 1399
18 455
18 585
18 535
18 858
18 276
18 715
18 329
18 986
18 850
18 1397
18 705
18 78
18 139
18 905
18 100
18 224
18 1291
18 59
18 938
18 1158
18 1368
18 547
18 1116
18 951
18 359
18 478
18 1068
18 503
18 407
18 948
18 1082
18 990
18 699
18 1369
18 1159
18 1122
18 1119
18 703
18 13
18 661
18 796
18 1384
18 491
18 272
18 842
18 388
18 642
18 261
18 783
18 140
18 965
18 735
18 1182
18 328
18 112
18 1245
18 773
18 916
18 262
18 1091
18 99
18 77
18 1165
18 1296
18 1318
18 311
18 878
18 1211
18 167
18 894
18 9
18 1072
18 677
18 810
18 364
18 1338
18 1398
18 975
18 729
18 191
18 723
18 155
18 131
18 1244
18 876
18 1241
18 151
18 1038
18 697
18 985
18 1265
18 805
18 1078
18 1016
18 789
18 114
18 1065
18 860
18 561
18 606
18 1371
18 65
18 258
18 583
18 1010
18 227
18 219
18 964
18 1396
18 209
18 308
18 452
18 1042
18 845
18 903
18 939
18 769
18 168
18 1327
18 517
18 829
18 125
18 611
18 719
18 1240
18 831
18 457
18 379
18 1160
18 397
18 449
18 645
18 427
18 1103
18 546
18 1177
18 1094
18 725
18 827
18 53
18 1172
18 1056
18 634
18 911
18 52
18 300
18 563
18 1164
18 959
18 487
18 1194
18 462
18 184
18 1190
18 974
18 1268
18 1033
18 1298
18 504
18 604
18 305
18 1344
18 1132
18 782
18 377
18 169
18 792
18 641
18 926
18 784
18 582
18 1032
18 787
18 1009
18 1326
18 664
18 575
18 317
18 600
18 1178
18 1235
18 718
18 867
18 1143
18 1129
18 416
18 1220
18 1372
18 740
18 1047
18 653
18 406
18 103
18 175
18 765
18 381
18 579
18 108
18 500
18 253
18 982
18 24
18 172
18 1335
18 241
18 881
18 757
18 315
18 844
18 1130
18 1329
18 133
18 798
18 1053
18 1098
18 477
18 1380
18 672
18 285
18 1325
18 47
18 170
18 588
18 453
18 454
18 825
18 848
18 1021
18 592
18 707
18 762
18 1011
18 96
18 682
18 1202
18 1054
18 1067
18 646
18 314
18 1059
18 1290
18 591
18 401
18 764
18 658
18 82
18 1289
18 1028
18 358
18 791
18 722
18 157
18 163
18 739
18 144
18 633
18 240
18 710
18 246
18 1126
18 288
18 239
18 1365
18 1055
18 141
18 820
18 1392
18 1183
18 1134
18 120
18 109
18 945
18 727
18 1254
18 1031
18 957
18 897
18 202
18 869
18 578
18 1312
18 753
18 807
18 1173
18 1249
18 15
18 132
18 403
18 263
18 649
18 309
18 1323
18 602
18 603
18 75
18 215
18 489
18 156
18 941
18 956
18 417
18 348
18 1131
18 302
18 391
18 852
18 758
18 116
18 128
18 1052
18 893
18 1270
18 1139
18 1370
18 1207
18 42
18 236
18 1144
18 506
18 593
18 166
18 152
18 804
18 1093
18 1034
18 691
18 177
18 426
18 92
18 1313
18 14
18 466
18 1226
18 198
18 185
18 486
18 1321
18 859
18 210
18 165
18 589
