2 12
2 51
2 746
2 184
2 1169
2 884
2 14
2 253
2 100
2 875
2 141
2 1263
2 1361
2 47
2 497
2 726
2 284
2 725
2 792
2 606
2 781
2 1163
2 834
2 1331
2 1042
2 909
2 92
2 810
2 78
2 1170
2 700
2 640
2 883
2 429
2 729
2 724
2 804
2 1379
2 1147
2 925
2 876
2 395
2 202
2 862
2 75
2 723
2 1380
2 1144
2 574
2 195
2 415
2 860
2 747
2 896
2 911
2 102
2 658
2 1299
2 878
2 1168
2 316
2 453
2 251
2 390
2 1089
2 835
2 578
2 1165
2 833
2 1197
2 806
2 811
2 172
2 722
2 1334
2 1320
2 951
2 114
2 1332
2 812
2 1012
2 1167
2 374
2 416
2 29
2 654
2 77
2 836
2 456
2 486
2 293
2 311
2 430
2 1328
2 1063
2 685
2 345
2 1015
2 581
2 1158
2 672
2 220
2 76
2 1157
2 1065
2 650
2 641
2 1294
2 69
2 1217
2 837
2 588
2 687
2 886
2 516
2 36
2 321
2 378
2 730
2 193
2 1341
2 2
2 1303
2 981
2 214
2 1111
2 870
2 1166
2 33
2 364
2 52
2 275
2 285
2 1002
2 264
2 328
2 663
2 101
2 805
2 1300
2 969
2 874
2 31
2 320
2 917
2 446
2 1246
2 720
2 791
2 1051
2 431
2 908
2 1011
2 1377
2 41
2 721
2 593
2 840
2 435
2 263
2 1295
2 1161
2 46
2 1363
2 329
2 252
2 982
2 280
2 1202
2 882
2 712
2 715
2 914
2 576
2 1155
2 831
2 552
2 1108
2 728
2 681
2 226
2 436
2 82
2 758
2 624
2 481
2 665
2 297
2 319
2 527
2 142
2 410
2 1270
2 1195
2 540
2 204
2 1000
2 1253
2 203
2 315
2 762
2 238
2 209
2 1279
2 156
2 1066
2 25
2 1006
2 13
2 1162
2 1385
2 756
2 561
2 979
2 85
2 551
2 568
2 266
2 406
2 1362
2 1309
2 245
2 242
2 813
2 1324
2 215
2 1265
2 968
2 404
2 948
2 309
2 798
2 880
2 1101
2 389
2 1389
2 1314
2 422
2 493
2 648
2 526
2 1008
2 211
2 1003
2 799
2 302
2 350
2 1124
2 38
2 921
2 334
2 1360
2 1095
2 1310
2 987
2 368
2 1327
2 739
2 759
2 997
2 976
2 181
2 899
2 1007
2 732
2 1219
2 855
2 607
2 336
2 349
2 458
2 1043
2 637
2 95
2 1005
2 490
2 1224
2 826
2 391
2 30
2 638
2 1215
2 93
2 670
2 1035
2 1041
2 216
2 502
2 445
2 733
2 517
2 505
2 962
2 629
2 171
2 24
2 108
2 1281
2 1392
2 1391
2 980
2 1239
2 1138
2 711
2 1088
2 1183
2 657
2 425
2 369
2 1190
2 1283
2 777
2 625
2 27
2 162
2 1117
2 60
2 1087
2 945
2 1339
2 796
2 262
2 933
2 201
2 1305
2 827
2 1255
2 743
2 237
2 1106
2 1148
2 110
2 45
2 1356
2 991
2 166
2 474
2 580
2 37
2 143
2 542
2 803
2 1338
2 1243
2 809
2 1102
2 213
2 556
2 1110
2 223
2 545
2 1122
2 283
2 1130
2 1376
2 553
2 644
2 67
2 169
2 986
2 1337
2 916
2 1064
2 1143
2 734
2 1271
2 579
2 675
2 873
2 352
2 1009
2 731
2 97
2 774
2 439
2 11
2 19
2 1029
2 342
2 87
2 1104
2 401
2 854
2 176
2 998
2 1233
2 1084
2 1315
2 1120
2 587
2 1343
2 585
2 1031
2 1285
2 769
2 447
2 230
2 1375
2 58
2 1311
2 1188
2 322
2 1004
2 1212
2 879
2 1173
2 795
2 1180
2 1282
2 776
2 924
2 499
2 288
2 73
2 1056
2 420
2 80
2 571
2 934
2 1010
2 683
2 1154
2 1030
2 81
2 632
2 398
2 1393
2 533
2 44
2 900
2 519
2 563
2 993
2 1226
2 1068
2 865
2 814
2 1185
2 4
2 1077
2 828
2 1140
2 1062
2 83
2 438
2 1081
2 1115
2 708
2 508
2 1291
2 1024
2 572
2 98
2 703
2 441
2 222
2 1098
2 290
2 963
2 1280
2 40
2 272
2 281
2 292
2 601
2 197
2 366
2 1390
2 1137
2 740
2 676
2 838
2 1201
2 99
2 1206
2 1083
2 442
2 627
2 1273
2 504
2 1205
2 912
2 549
2 727
2 655
2 476
2 537
2 858
2 1247
2 304
2 187
2 464
2 1230
2 717
2 155
2 385
2 1370
2 592
2 589
2 1260
2 745
2 66
2 1293
2 801
2 666
2 34
2 26
2 413
2 570
2 465
2 671
2 684
2 1381
2 1198
2 1074
2 846
2 1346
2 1250
2 1268
2 1269
2 362
2 1014
2 129
2 938
2 296
2 173
2 1244
2 49
2 433
2 631
2 1321
2 132
2 9
2 894
2 1218
2 248
2 513
2 630
2 455
2 1071
2 707
2 1213
2 240
2 323
2 983
2 736
2 766
2 1080
2 529
2 918
2 239
2 360
2 892
2 347
2 940
2 472
2 590
2 70
2 206
2 863
2 244
2 778
2 72
2 217
2 864
2 856
2 370
2 927
2 757
2 107
2 889
2 164
2 159
2 1248
2 941
2 466
2 584
2 344
2 1020
2 1072
2 1344
2 440
2 145
2 1398
2 859
2 667
2 1366
2 409
2 1151
2 468
2 1150
2 583
2 444
2 532
2 424
2 615
2 198
2 353
2 1235
2 1055
2 577
2 1210
2 797
2 139
2 816
2 130
2 1119
2 149
2 236
2 1301
2 1374
2 1209
2 1297
2 957
2 800
2 380
2 818
2 185
2 163
2 480
2 785
2 1211
2 919
2 235
2 421
2 634
2 449
2 887
2 706
2 6
2 35
2 122
2 755
2 96
2 15
2 451
2 843
2 351
2 124
2 923
2 565
2 520
2 152
2 305
2 274
2 928
2 901
2 186
2 573
2 287
2 1036
2 702
2 1349
2 255
2 930
2 566
2 961
2 79
2 1229
2 1181
2 719
2 28
2 1047
2 679
2 600
2 710
2 569
2 365
2 1032
2 787
2 373
2 462
2 1040
2 1129
2 170
2 205
2 937
2 183
2 1052
2 1225
2 1274
2 103
2 414
2 554
2 511
2 936
2 179
2 1319
2 1240
2 815
2 32
2 1345
2 1013
2 929
2 564
2 1
2 695
2 1053
2 786
2 1093
2 1322
2 764
2 990
2 699
2 125
2 375
2 363
2 686
2 1114
2 300
2 53
2 146
2 1179
2 177
2 773
2 1313
2 448
2 379
2 701
2 1333
2 1289
2 767
2 388
2 229
2 904
2 518
2 790
2 599
2 575
2 603
2 189
2 709
2 738
2 656
2 212
2 7
2 660
2 677
2 160
2 704
2 1061
2 1203
2 522
2 157
2 144
2 246
2 174
2 662
2 115
2 1160
2 1296
2 1347
2 536
2 1373
2 1330
2 1134
2 432
2 225
2 782
2 417
2 649
2 1325
2 673
