21 502
21 68
21 16
21 377
21 628
21 17
21 1007
21 421
21 686
21 413
21 376
21 538
21 271
21 302
21 460
21 1051
21 343
21 389
21 508
21 1159
21 1121
21 1156
21 932
21 1385
21 1366
21 961
21 947
21 1004
21 721
21 205
21 195
21 1176
21 1237
21 342
21 663
21 304
21 1281
21 1199
21 646
21 1022
21 338
21 1263
21 411
21 1157
21 860
21 349
21 220
21 1017
21 1026
21 1003
21 572
21 456
21 355
21 1137
21 1161
21 838
21 204
21 81
21 366
21 998
21 340
21 1336
21 429
21 96
21 1290
21 1264
21 352
21 193
21 874
21 114
21 435
21 760
21 292
21 635
21 1185
21 1011
21 309
21 12
21 316
21 562
21 1171
21 334
21 481
21 552
21 360
21 123
21 240
21 578
21 1134
21 1208
21 565
21 348
21 1374
21 1128
21 616
21 62
21 883
21 1267
21 69
21 637
21 171
21 1375
21 881
21 776
21 63
21 504
21 238
21 1143
21 645
21 670
21 1118
21 983
21 876
21 1258
21 928
21 242
21 124
21 1395
21 32
21 24
21 257
21 863
21 430
21 1063
21 375
21 918
21 1303
21 293
21 297
21 916
21 459
21 499
21 131
21 326
21 1302
21 1186
21 1282
21 347
21 593
21 441
21 866
21 812
21 634
21 767
21 710
21 1150
21 99
21 1212
21 805
21 1110
21 624
21 353
21 775
21 700
21 1368
21 1228
21 333
21 350
21 941
21 125
21 1230
21 662
21 687
21 615
21 894
21 1359
21 173
21 979
21 216
21 1308
21 369
21 283
21 1358
21 1119
21 1191
21 60
21 378
21 141
21 839
21 1180
21 568
21 1341
21 214
21 1111
21 1357
21 529
21 1293
21 185
21 1337
21 19
21 295
21 617
21 52
21 25
21 660
21 1173
21 20
21 1224
21 914
21 84
21 929
21 452
21 804
21 1098
21 142
21 1339
21 1315
21 50
21 621
21 712
21 328
21 539
21 251
21 809
21 1381
21 1045
21 27
21 701
21 606
21 94
21 246
21 383
21 629
21 792
21 9
21 41
21 888
21 848
21 911
21 943
21 999
21 691
21 740
21 1151
21 1229
21 92
21 1246
21 152
21 1067
21 1002
21 934
21 252
21 280
21 364
21 380
21 595
21 627
21 156
21 588
21 1178
21 554
21 541
21 462
21 211
21 1330
21 294
21 642
21 991
21 414
21 706
21 1216
21 1187
21 438
21 1155
21 59
21 810
21 1050
21 708
21 576
21 172
21 226
21 1188
21 598
21 592
21 473
21 416
21 907
21 455
21 33
21 249
21 474
21 777
21 695
21 1335
21 1271
21 494
21 55
21 1284
21 741
21 878
21 1130
21 1122
21 703
21 135
21 262
21 925
21 625
21 962
21 203
21 1211
21 315
21 1123
21 187
21 150
21 285
21 729
21 1039
21 1081
21 714
21 753
21 982
21 536
21 1070
21 1301
21 623
21 306
21 818
21 769
21 1310
21 215
21 600
21 524
21 533
21 672
21 1043
21 614
21 1355
21 1370
21 30
21 770
21 1314
21 566
21 1009
21 958
21 445
21 520
21 886
21 690
21 1349
21 493
21 1158
21 526
21 70
21 799
21 1096
21 1338
21 1319
21 1124
21 630
21 38
21 548
21 1147
21 747
21 742
21 72
21 1193
21 725
21 946
21 404
21 825
21 949
21 771
21 300
21 198
21 1257
21 1269
21 960
21 658
21 975
21 613
21 321
21 146
21 129
21 442
21 665
21 151
21 346
21 967
21 1356
21 186
21 1115
21 54
21 370
21 483
21 490
21 1225
21 40
21 638
21 1215
21 139
21 209
21 1109
21 14
21 1386
21 1010
21 1196
21 440
21 241
21 1391
21 36
21 206
21 711
21 410
21 336
21 102
21 1236
21 1060
21 488
21 344
21 1240
21 945
21 1226
21 970
21 1091
21 950
21 1101
21 1214
21 689
21 622
21 1012
21 405
21 1305
21 781
21 1204
21 101
21 1104
21 1014
21 157
21 773
21 966
21 1250
21 938
21 915
21 437
21 1184
21 166
21 1235
21 110
21 345
21 790
21 964
21 1116
21 1037
21 1198
21 379
21 82
21 213
21 162
21 329
21 223
21 287
21 574
21 813
21 67
21 263
21 169
21 73
21 303
21 986
21 8
21 1069
21 906
21 746
21 675
21 774
21 439
21 71
21 212
21 822
21 272
21 1256
21 685
21 722
21 984
21 484
21 591
21 401
21 763
21 1227
21 1088
21 942
21 841
21 976
21 254
21 1353
21 264
21 176
21 273
21 1084
21 164
21 2
21 391
21 432
21 113
21 789
21 108
21 1279
21 680
21 406
21 1285
21 589
21 590
21 145
21 255
21 447
21 58
21 1126
21 1192
21 453
21 49
21 132
21 282
21 1254
21 1015
21 879
21 583
21 501
21 795
21 997
21 11
21 924
21 791
21 779
21 288
21 420
21 103
21 1089
21 80
21 571
21 79
21 553
21 1087
21 1328
21 951
21 560
21 917
21 683
21 632
21 1351
21 1393
21 243
21 1380
21 885
21 880
21 1144
21 1255
21 798
21 37
21 900
21 1300
21 990
21 519
21 834
21 739
21 1299
21 897
21 865
21 814
21 965
21 1292
21 611
21 1320
21 620
21 1140
21 1062
21 987
21 330
21 905
21 1001
21 222
21 200
21 602
21 1324
21 253
21 412
21 197
21 992
21 528
21 1209
21 676
21 121
21 218
21 535
21 305
21 1103
21 820
21 901
21 1219
21 557
21 1205
21 564
21 549
21 365
21 1106
21 567
21 655
21 971
21 1027
21 182
21 1222
21 487
21 464
21 717
21 230
21 1313
21 35
21 669
21 1117
21 1396
21 489
21 956
21 1260
21 28
21 836
21 801
21 666
21 884
21 1042
21 1102
21 498
21 1131
21 465
21 558
21 671
21 1241
21 743
21 759
21 709
21 1074
21 1346
21 896
21 748
21 927
21 75
21 1268
21 1169
21 521
21 319
21 467
21 118
21 780
21 259
21 188
21 296
21 1270
21 1244
21 433
21 704
21 631
21 1321
21 641
21 1296
21 1218
21 248
21 39
21 513
21 959
21 1390
21 1071
21 89
21 783
21 332
21 1182
21 196
21 1298
21 1278
21 1019
21 981
21 985
21 443
21 673
21 136
21 174
21 890
21 681
21 436
21 1379
21 239
21 540
21 1372
21 1035
21 244
21 640
21 891
21 217
21 1195
21 757
21 85
21 518
21 1165
21 1120
21 1162
21 458
21 466
21 811
21 794
21 1020
21 651
21 476
21 468
21 415
21 1340
21 371
21 599
21 1163
21 797
21 1172
21 816
21 1295
21 374
21 236
21 201
21 426
21 1056
21 138
21 1297
21 800
21 1398
21 1325
21 727
21 919
21 1018
21 235
21 1024
21 601
21 1095
21 47
21 1127
21 311
21 486
21 122
21 100
21 755
21 563
21 993
21 923
21 974
21 1387
21 573
21 83
21 858
21 431
21 245
21 702
21 845
21 688
21 921
21 34
21 719
21 115
21 679
21 1213
21 569
21 373
21 1166
21 636
21 266
21 170
21 183
21 1274
21 1309
21 705
21 870
21 511
21 179
21 1265
21 1164
21 724
21 1392
21 815
21 1093
21 1322
21 764
21 707
21 699
21 857
21 796
21 1114
21 908
21 78
21 53
21 1248
21 177
21 766
21 1371
21 1289
21 856
21 229
21 1343
21 904
21 210
21 1202
21 51
21 603
21 189
21 7
21 1167
21 1203
21 522
21 165
21 1040
21 1160
21 1347
21 274
21 1373
21 225
