22 125
22 413
22 207
22 254
22 348
22 560
22 165
22 153
22 565
22 346
22 120
22 140
22 50
22 1147
22 9
22 861
22 1365
22 655
22 260
22 962
22 474
22 307
22 66
22 306
22 606
22 1030
22 406
22 55
22 151
22 81
22 980
22 99
22 1212
22 145
22 23
22 728
22 398
22 493
22 16
22 661
22 1235
22 568
22 547
22 562
22 49
22 1372
22 72
22 872
22 322
22 546
22 1355
22 788
22 475
22 61
22 1076
22 154
22 171
22 74
22 966
22 766
22 1261
22 17
22 4
22 623
22 910
22 62
22 255
22 331
22 21
22 558
22 377
22 328
22 1282
22 261
22 630
22 1298
22 542
22 525
22 257
22 570
22 73
22 976
22 71
22 569
22 786
22 610
22 378
22 1241
22 1281
22 497
22 389
22 131
22 869
22 29
22 787
22 1386
22 1263
22 1230
22 352
22 463
22 1226
22 59
22 663
22 518
22 392
22 587
22 1257
22 671
22 381
22 1192
22 347
22 1195
22 798
22 300
22 481
22 90
22 1251
22 1374
22 271
22 91
22 963
22 80
22 517
22 563
22 646
22 142
22 76
22 513
22 960
22 959
22 185
22 94
22 294
22 775
22 258
22 1149
22 315
22 343
22 982
22 664
22 105
22 537
22 170
22 882
22 375
22 189
22 395
22 460
22 2
22 729
22 1188
22 1222
22 418
22 40
22 996
22 611
22 291
22 640
22 383
22 522
22 580
22 1007
22 1027
22 41
22 913
22 621
22 138
22 361
22 564
22 848
22 239
22 279
22 218
22 858
22 865
22 305
22 1056
22 152
22 844
22 491
22 101
22 115
22 1308
22 95
22 940
22 325
22 917
22 132
22 394
22 908
22 1200
22 584
22 836
22 302
22 725
22 620
22 1382
22 822
22 358
22 43
22 1216
22 575
22 1318
22 505
22 78
22 656
22 762
22 1225
22 344
22 1019
22 1088
22 825
22 1180
22 199
22 1029
22 135
22 873
22 1210
22 462
22 256
22 268
22 1159
22 1103
22 572
22 1154
22 530
22 851
22 209
22 1028
22 339
22 7
22 967
22 1078
22 333
22 1331
22 54
22 158
22 767
22 34
22 1106
22 528
22 278
22 667
22 1217
22 345
22 706
22 944
22 459
22 337
22 243
22 1072
22 526
22 845
22 1237
22 1082
22 901
22 82
22 187
22 137
22 553
22 1268
22 89
22 387
22 994
22 690
22 604
22 867
22 555
22 1362
22 915
22 397
22 651
22 1275
22 485
22 1239
22 712
22 1061
22 310
22 1196
22 737
22 1244
22 311
22 992
22 113
22 353
22 1316
22 1064
22 1182
22 707
22 96
22 585
22 876
22 723
22 128
22 1157
22 941
22 1364
22 1270
22 204
22 1018
22 538
22 242
22 859
22 625
22 554
22 579
22 773
22 550
22 1203
22 952
22 552
22 978
22 336
22 824
22 1381
22 197
22 1303
22 1324
22 618
22 442
22 1391
22 1295
22 169
22 559
22 972
22 1329
22 195
22 888
22 1108
22 1009
22 458
22 464
22 408
22 376
22 379
22 407
22 582
22 1043
22 573
22 1264
22 643
22 1141
22 1107
22 948
22 1100
22 536
22 1314
22 1229
22 1368
22 335
22 907
22 695
22 1034
22 477
22 1109
22 317
22 810
22 566
22 981
22 396
22 1005
22 1277
22 583
22 890
22 933
22 974
22 586
22 409
22 1373
22 860
22 710
22 148
22 1335
22 571
22 1274
22 1287
22 167
22 1319
22 480
22 727
22 22
22 65
22 1031
22 868
22 999
22 104
22 887
22 121
22 1248
22 866
22 1300
22 351
22 30
22 499
22 1330
22 13
22 973
22 701
22 608
22 531
22 53
22 846
22 1258
22 360
22 617
22 535
22 1101
22 84
22 98
22 280
22 330
22 467
22 1096
22 1211
22 1323
22 784
22 1232
22 806
22 1003
22 31
22 628
22 949
22 641
22 596
22 912
22 51
22 722
22 414
22 88
22 196
22 698
22 1004
22 184
22 1361
22 529
22 616
22 364
22 45
22 500
22 168
22 936
22 1367
22 374
22 97
22 574
22 1000
22 1198
22 961
22 1015
22 837
22 1284
22 417
22 267
22 509
22 20
22 342
22 210
22 1219
22 1214
22 1168
22 1021
22 592
22 603
22 1220
22 834
22 1011
22 334
22 1184
22 983
22 1253
22 1278
22 1022
22 340
22 863
22 799
22 927
22 1165
22 990
22 1158
22 159
22 1247
22 549
22 1161
22 730
22 146
22 1341
22 581
22 1336
22 993
22 1199
22 177
22 357
22 160
22 110
22 495
22 240
22 789
22 1289
22 77
22 662
22 1215
22 624
22 1301
22 1269
22 319
22 885
22 1104
22 109
22 1338
22 126
22 660
22 557
22 658
22 835
22 6
22 1040
22 441
22 797
22 754
22 1185
22 602
22 293
22 645
22 69
22 174
22 274
22 782
22 173
22 283
22 269
22 1020
22 366
22 1366
22 753
22 548
22 975
22 1393
22 1178
22 304
22 244
22 236
22 486
22 943
22 1240
22 349
22 1010
22 259
22 1144
22 1321
22 427
22 942
22 79
22 1092
22 1098
22 1325
22 691
22 1205
22 541
22 721
22 282
22 144
22 193
22 270
22 1204
22 85
22 466
22 622
22 673
22 262
22 986
22 1313
