23 892
23 899
23 1109
23 1259
23 586
23 777
23 903
23 116
23 902
23 14
23 530
23 753
23 718
23 185
23 1272
23 1151
23 130
23 698
23 708
23 28
23 1287
23 1103
23 804
23 872
23 919
23 74
23 1197
23 955
23 1112
23 418
23 879
23 1066
23 431
23 977
23 11
23 137
23 141
23 749
23 1141
23 1111
23 699
23 906
23 177
23 166
23 637
23 1092
23 798
23 860
23 700
23 202
23 453
23 1349
23 815
23 1104
23 444
23 779
23 665
23 1169
23 905
23 1380
23 606
23 1158
23 1275
23 72
23 391
23 1369
23 917
23 33
23 640
23 1333
23 803
23 671
23 658
23 694
23 921
23 441
23 567
23 496
23 1289
23 287
23 237
23 184
23 589
23 311
23 1379
23 1065
23 204
23 132
23 203
23 1004
23 66
23 51
23 209
23 1284
23 634
23 715
23 1064
23 52
23 978
23 877
23 259
23 12
23 390
23 519
23 127
23 415
23 1091
23 759
23 172
23 64
23 1184
23 1320
23 688
23 554
23 344
23 598
23 44
23 220
23 781
23 546
23 1335
23 1314
23 187
23 1162
23 297
23 1352
23 925
23 1114
23 1076
23 808
23 1334
23 981
23 783
23 1125
23 632
23 748
23 1332
23 1035
23 812
23 801
23 1164
23 1163
23 1170
23 711
23 799
23 701
23 999
23 1290
23 719
23 907
23 861
23 1345
23 1336
23 650
23 53
23 175
23 1339
23 689
23 813
23 608
23 828
23 1
23 1313
23 5
23 697
23 1144
23 794
23 1057
23 442
23 638
23 13
23 360
23 244
23 592
23 724
23 716
23 382
23 746
23 464
23 720
23 859
23 1014
23 163
23 1115
23 337
23 416
23 544
23 529
23 29
23 315
23 280
23 270
23 272
23 725
23 406
23 421
23 356
23 357
23 1005
23 1156
23 142
23 452
23 814
23 670
23 717
23 1305
23 1342
23 946
23 284
23 36
23 939
23 886
23 1160
23 318
23 847
23 120
23 896
23 481
23 712
23 972
23 625
23 1391
23 1274
23 1331
23 1291
23 1319
23 499
23 685
23 95
23 1008
23 1311
23 117
23 780
23 205
23 262
23 1206
23 627
23 296
23 4
23 225
23 129
23 795
23 1306
23 911
23 329
23 77
23 904
23 1347
23 982
23 196
23 1019
23 514
23 241
23 304
23 301
23 947
23 199
23 1089
23 216
23 1340
23 385
23 961
23 636
23 342
23 635
23 10
23 1271
23 1236
23 600
23 379
23 289
23 594
23 188
23 1246
23 399
23 32
23 932
23 73
23 375
23 277
23 792
23 1220
23 760
23 707
23 599
23 482
23 179
23 1239
23 663
23 900
23 894
23 154
23 1310
23 1080
23 1063
23 1244
23 347
23 693
23 251
23 407
23 933
23 1022
23 1343
23 863
23 307
23 71
23 1328
23 810
23 265
23 1086
23 321
23 1145
23 624
23 631
23 791
23 1171
23 9
23 1147
23 597
23 170
23 303
23 513
23 434
23 662
23 709
23 260
23 198
23 55
23 46
23 583
23 1353
23 612
23 1348
23 704
23 343
23 516
23 221
23 256
23 678
23 413
23 49
23 922
23 119
23 167
23 657
23 761
23 561
23 327
23 354
23 1039
23 164
23 1301
23 306
23 585
23 692
23 997
23 1099
23 785
23 1351
23 1288
23 1195
23 1302
23 996
23 479
23 807
23 971
23 1071
23 449
23 536
23 757
23 410
23 550
23 1354
23 279
23 797
23 139
23 928
23 829
23 695
23 556
23 901
23 261
23 1344
23 1355
23 800
23 370
23 380
23 474
23 75
23 782
23 86
23 1222
23 1211
23 979
23 992
23 1232
23 491
23 941
23 956
23 1200
23 486
23 768
23 1043
23 811
23 967
23 1241
23 755
23 367
23 124
23 1337
23 190
23 443
23 723
23 247
23 128
23 538
23 893
23 1216
23 876
23 1383
23 830
23 927
23 1000
23 1315
23 1209
23 381
23 1087
23 222
23 605
23 1251
23 679
23 506
23 1324
23 929
23 593
23 1010
23 985
23 569
23 214
23 191
23 1015
23 1219
23 601
23 300
23 1108
23 267
23 103
23 56
23 970
23 1128
23 1264
23 334
23 245
23 865
23 844
23 79
23 1002
23 713
23 686
23 575
23 317
23 78
23 656
23 722
23 721
23 1136
23 993
23 825
23 240
23 1398
23 805
23 974
23 924
23 113
23 1230
23 24
23 70
23 252
23 109
23 149
23 727
23 1213
23 125
23 193
23 364
23 1300
23 1248
23 773
23 991
23 845
23 968
23 466
23 1392
23 476
23 173
23 212
23 401
23 696
23 1047
23 80
23 96
23 140
23 156
23 710
23 1268
23 827
23 83
23 1325
23 1040
23 588
23 433
23 82
