24 756
24 47
24 1362
24 612
24 1361
24 46
24 1294
24 12
24 1034
24 834
24 51
24 92
24 102
24 1317
24 650
24 334
24 723
24 1246
24 884
24 583
24 640
24 837
24 726
24 883
24 268
24 724
24 395
24 862
24 1332
24 157
24 88
24 781
24 1242
24 1024
24 340
24 993
24 15
24 654
24 1204
24 566
24 439
24 729
24 1088
24 497
24 1043
24 869
24 275
24 725
24 845
24 981
24 1380
24 1311
24 75
24 909
24 280
24 738
24 950
24 722
24 1170
24 951
24 1012
24 1155
24 1120
24 100
24 55
24 1258
24 158
24 365
24 399
24 202
24 1041
24 546
24 860
24 374
24 453
24 896
24 562
24 925
24 184
24 1199
24 267
24 238
24 1025
24 446
24 720
24 1226
24 1023
24 833
24 1015
24 893
24 835
24 606
24 81
24 1022
24 1363
24 1020
24 168
24 169
24 84
24 182
24 1207
24 366
24 637
24 1334
24 338
24 625
24 614
24 911
24 1217
24 1388
24 975
24 548
24 727
24 767
24 95
24 739
24 31
24 514
24 30
24 565
24 274
24 865
24 517
24 1211
24 552
24 85
24 171
24 989
24 22
24 1188
24 500
24 26
24 805
24 590
24 1320
24 292
24 71
24 1154
24 701
24 1056
24 1117
24 133
24 585
24 875
24 291
24 449
24 29
24 899
24 1019
24 1131
24 391
24 1313
24 902
24 195
24 128
24 651
24 783
24 1016
24 672
24 32
24 859
24 13
24 613
24 615
24 484
24 142
24 23
24 151
24 866
24 580
24 1172
24 123
24 1177
24 343
24 316
24 728
24 1124
24 333
24 795
24 493
24 253
24 1191
24 662
24 786
24 472
24 840
24 228
24 63
24 953
24 1300
24 265
24 1090
24 762
24 792
24 440
24 485
24 1148
24 537
24 1143
24 802
24 876
24 675
24 344
24 1273
24 416
24 572
24 870
24 299
24 1028
24 1297
24 1121
24 220
24 511
24 593
24 148
24 1243
24 1335
24 1087
24 301
24 11
24 1295
24 581
24 985
24 1263
24 599
24 822
24 683
24 284
24 1013
24 1092
24 346
24 928
24 266
24 849
24 886
24 78
24 215
24 1032
24 332
24 1309
24 968
24 1094
24 877
24 480
24 897
24 721
24 162
24 1136
24 163
24 653
24 773
24 1175
24 19
24 5
24 1003
24 1149
24 1360
24 83
24 799
24 687
24 1095
24 801
24 1327
24 1278
24 173
24 1261
24 1378
24 1021
24 435
24 1342
24 843
24 892
24 347
24 809
24 337
24 600
24 824
24 1141
24 796
24 930
24 39
24 894
24 642
24 518
24 1068
24 800
24 544
24 836
24 1262
24 1251
24 645
24 595
24 132
24 62
24 1202
24 610
24 1186
24 1356
24 563
24 341
24 262
24 1156
24 1195
24 1321
24 1113
24 794
24 1017
24 1026
24 1248
24 1391
24 172
24 311
24 596
24 979
24 1091
24 520
24 798
24 697
24 874
24 1364
24 109
24 1051
24 1159
24 665
24 816
24 743
24 747
24 120
24 749
24 1252
24 942
24 1260
24 1293
24 180
24 1371
24 577
24 212
24 1049
24 45
24 1169
24 917
24 1210
24 121
24 657
24 329
24 908
24 53
24 587
24 458
24 929
24 1059
24 57
24 362
24 33
24 1103
24 178
24 1130
24 509
24 1350
24 826
24 704
24 143
24 1138
24 740
24 873
24 1256
24 846
24 868
24 448
24 522
24 1046
24 16
24 441
24 952
24 1381
24 189
24 827
24 624
24 1239
24 6
24 199
24 1035
24 948
24 379
24 1153
24 1245
24 746
24 888
24 1062
24 24
24 404
24 352
24 871
24 456
24 556
24 1232
24 263
24 863
24 82
24 1200
24 1275
24 1112
24 641
24 89
24 373
24 604
24 134
24 958
24 967
24 187
24 324
24 766
24 1241
24 529
24 1161
24 1187
24 406
24 889
24 1393
24 582
24 504
24 247
24 787
24 164
24 541
24 205
24 1216
24 185
24 436
24 368
24 1298
24 1250
24 737
24 812
24 912
24 155
24 213
24 1365
24 628
24 110
24 1064
24 616
24 77
24 734
24 586
24 789
24 922
24 1345
24 1359
24 1122
24 354
24 530
24 519
24 433
24 115
24 689
24 156
24 91
24 1268
24 785
24 1303
24 259
24 1331
24 823
24 166
24 971
24 1194
24 867
24 991
24 813
24 1329
24 658
24 1128
24 216
24 1224
24 858
24 980
24 14
24 1174
24 997
24 803
24 757
24 621
24 829
24 186
24 988
24 66
24 540
24 34
24 754
24 1190
24 990
24 249
24 1001
24 1392
24 1382
24 515
24 686
24 69
24 759
24 467
24 237
24 717
24 699
24 1147
24 314
24 1018
24 784
24 1205
24 542
24 1281
24 677
24 452
24 1206
24 80
24 58
24 946
24 417
24 1223
24 1137
24 1061
24 113
24 914
24 369
24 1000
24 943
24 1119
24 381
24 101
24 1039
24 605
24 349
24 1387
24 856
24 97
24 1198
24 364
24 1053
24 1167
24 25
24 486
24 636
24 966
24 325
24 661
24 464
24 76
24 211
24 59
24 1271
24 466
24 1264
24 1209
24 1075
24 1349
24 788
24 255
24 589
24 1307
24 1097
24 1115
24 277
24 1093
24 1322
24 707
24 1316
24 1373
24 623
24 712
24 1114
24 753
24 1336
24 177
24 696
24 1277
24 825
24 276
24 1244
24 924
24 244
24 649
24 296
24 1072
24 688
24 962
24 434
24 561
24 149
24 1347
24 270
24 427
24 423
24 1325
24 638
24 603
24 992
24 401
24 695
24 811
24 1144
24 976
24 315
24 1134
24 620
24 576
24 1040
24 986
