25 277
25 214
25 772
25 990
25 215
25 987
25 945
25 216
25 988
25 540
25 213
25 134
25 647
25 212
25 170
25 482
25 121
25 989
25 426
25 798
25 1271
25 592
25 511
25 345
25 97
25 578
25 37
25 352
25 1288
25 570
25 973
25 986
25 1364
25 985
25 1030
25 409
25 1325
25 1329
25 138
25 868
25 504
25 211
25 969
25 63
25 873
25 256
25 1367
25 130
25 572
25 1202
25 11
25 588
25 291
25 172
25 881
25 335
25 306
25 124
25 160
25 395
25 1366
25 1195
25 455
25 1222
25 675
25 18
25 767
25 869
25 697
25 186
25 1163
25 1395
25 630
25 422
25 681
25 1243
25 525
25 569
25 487
25 573
25 231
25 439
25 1228
25 187
25 971
25 305
25 824
25 310
25 8
25 1365
25 1306
25 7
25 326
25 1167
25 1199
25 1168
25 341
25 1272
25 920
25 49
25 1074
25 233
25 903
25 921
25 1073
25 304
25 1072
25 465
25 472
25 1046
25 1021
25 453
25 644
25 283
25 26
25 278
25 1062
25 436
25 1261
25 38
25 1151
25 14
25 1317
25 434
25 54
25 327
25 667
25 188
25 99
25 1253
25 666
25 41
25 576
25 242
25 872
25 36
25 1302
25 251
25 972
25 333
25 1237
25 179
25 658
25 661
25 1162
25 938
25 984
25 23
25 429
25 323
25 1039
25 1343
25 677
25 1267
25 265
25 589
25 918
25 13
25 201
25 1295
25 775
25 1200
25 1216
25 226
25 625
25 1299
25 421
25 891
25 1377
25 373
25 843
25 358
25 363
25 726
25 58
25 1117
25 273
25 282
25 956
25 1320
25 410
25 25
25 544
25 227
25 300
25 1374
25 997
25 657
25 663
25 31
25 367
25 759
25 1180
25 337
25 309
25 243
25 1308
25 880
25 497
25 939
25 219
25 580
25 202
25 494
25 981
25 288
25 301
25 1294
25 841
25 93
25 87
25 961
25 168
25 100
25 1260
25 1204
25 568
25 980
25 571
25 430
25 1356
25 1397
25 428
25 814
25 774
25 1075
25 899
25 1242
25 1224
25 915
25 364
25 944
25 1196
25 248
25 391
25 449
25 334
25 60
25 192
25 222
25 200
25 680
25 1321
25 585
25 1277
25 1384
25 412
25 740
25 1144
25 802
25 118
25 131
25 1146
25 993
25 268
25 1209
25 927
25 19
25 88
25 1336
25 574
25 888
25 719
25 499
25 922
25 464
25 599
25 221
25 610
25 866
25 1386
25 979
25 1233
25 451
25 1227
25 319
25 791
25 954
25 836
25 1041
25 518
25 308
25 148
25 1311
25 126
25 1229
25 626
25 1051
25 500
25 730
25 1257
25 958
25 1269
25 889
25 235
25 1157
25 40
25 253
25 820
25 662
25 284
25 1280
25 1006
25 329
25 388
25 541
25 1188
25 80
25 829
25 89
25 443
25 459
25 1393
25 171
25 1259
25 521
25 639
25 1248
25 182
25 1017
25 608
25 1206
25 241
25 613
25 1165
25 1112
25 161
25 496
25 809
25 554
25 287
25 176
25 1361
25 193
25 1182
25 342
25 807
25 84
25 197
25 147
25 1108
25 1337
25 371
25 167
25 950
25 1147
25 346
25 1352
25 633
25 902
25 695
25 1279
25 123
25 175
25 1093
25 1015
25 210
25 52
25 469
25 1328
25 1212
25 1270
25 228
25 1258
25 74
25 747
25 294
25 1061
25 10
25 898
25 529
25 237
25 1211
25 998
25 64
25 406
25 845
25 762
25 609
25 432
25 503
25 1326
25 799
25 491
25 699
25 48
25 924
25 1096
25 1301
25 245
25 974
25 1181
25 44
25 1339
25 307
25 127
25 1207
25 933
25 340
25 557
25 178
25 1346
25 296
25 779
25 1116
25 970
25 1210
25 1018
25 1262
25 649
25 427
25 614
25 369
25 209
25 224
25 683
25 1197
25 694
25 708
25 556
25 901
25 1136
25 793
25 146
25 1313
25 55
25 1266
25 400
25 174
25 1007
25 370
25 863
25 416
25 640
25 295
25 1314
25 519
25 685
25 642
25 467
25 78
25 29
25 838
25 714
25 1145
25 272
25 501
25 1239
25 404
25 1050
25 466
25 959
25 1105
25 1161
25 597
25 85
25 1231
25 360
25 39
25 1110
25 261
25 433
25 564
25 142
25 1369
25 196
25 1122
25 1143
25 1187
25 128
25 1213
25 567
25 512
25 678
25 606
25 355
25 1245
25 595
25 827
25 476
25 1359
25 761
25 365
25 366
25 1244
25 1192
25 561
25 810
25 240
25 861
25 1099
25 1081
25 513
25 274
25 674
25 315
25 823
25 280
25 1310
25 289
25 3
25 415
25 199
25 952
25 660
25 546
25 1121
25 1396
25 344
25 30
25 82
25 628
25 57
25 757
25 994
25 808
25 919
25 548
25 792
25 886
25 1255
25 330
25 1191
25 860
25 955
25 538
25 896
25 1362
25 65
25 1160
25 397
25 474
25 725
25 1083
25 1179
25 911
25 1300
25 593
25 225
25 1
25 328
25 624
25 743
25 332
25 33
25 1400
25 95
25 442
25 917
25 912
25 279
25 946
25 627
25 1052
25 189
25 753
25 830
25 122
25 1134
25 1082
25 526
25 682
25 375
25 262
25 1391
25 1130
25 108
25 964
25 629
25 605
25 1246
25 1284
25 195
25 1184
25 498
25 806
25 1084
25 729
25 1208
25 1225
25 259
25 1092
25 811
25 379
25 552
25 1275
25 900
25 4
25 755
25 760
25 1372
25 923
25 446
25 390
25 688
25 110
25 1125
25 1010
25 691
25 1080
25 773
25 941
25 53
25 257
25 448
25 560
25 440
25 1119
25 876
25 266
25 393
25 839
25 2
25 1106
25 825
25 566
25 844
25 45
25 550
25 1354
25 318
25 651
25 537
25 803
25 136
25 232
25 1104
25 236
25 992
25 1247
25 579
25 47
25 583
25 1198
25 133
25 894
25 177
25 870
25 1088
25 665
25 1381
25 217
25 805
25 386
25 804
25 173
25 1025
25 151
25 157
25 947
25 244
25 1127
25 991
25 383
25 1273
25 720
25 527
25 696
25 635
25 51
25 452
25 1290
25 270
25 468
25 101
25 456
25 522
25 706
25 490
25 710
25 892
25 739
25 34
25 534
25 535
25 398
25 276
25 372
25 394
25 191
25 914
25 17
25 1394
25 602
25 790
25 637
25 206
25 27
25 1232
25 966
25 1309
25 928
25 669
25 94
25 98
25 28
25 1194
25 562
25 389
25 59
25 967
25 105
25 1390
25 1353
25 299
25 965
25 949
25 577
25 653
25 636
25 975
25 673
25 1380
25 507
25 514
25 377
25 1139
25 530
25 129
25 1282
25 385
25 298
25 317
25 313
25 607
25 1236
25 418
25 180
25 1324
25 458
25 135
25 1154
25 106
25 117
25 382
25 794
25 1249
25 659
25 1189
25 601
25 797
25 539
25 1220
25 420
25 183
25 1274
25 376
25 1235
25 1256
25 652
25 1319
25 751
25 1153
25 1323
25 1283
25 86
25 771
25 1107
25 604
25 1009
25 1142
25 109
25 297
25 401
25 407
25 269
25 1375
25 590
25 1238
25 1281
25 1203
25 575
25 116
25 656
25 324
25 1234
25 563
25 1186
25 549
25 356
25 387
25 1159
25 1297
25 258
25 600
25 612
25 1287
25 536
25 495
25 166
25 1193
25 481
25 103
25 1254
25 818
25 785
25 292
25 22
25 322
25 1078
25 1221
25 531
25 1304
25 770
25 73
25 35
25 450
25 445
25 50
25 351
25 81
25 1076
25 533
25 435
25 545
25 690
25 1190
25 916
25 9
25 1205
25 205
25 61
25 795
25 963
25 784
25 311
25 485
25 1003
25 1148
25 190
25 632
25 21
25 417
25 1223
25 977
25 895
25 483
25 1370
25 203
25 112
25 1315
25 1351
25 381
25 475
25 1371
25 349
25 91
25 312
25 1330
25 423
25 701
25 1014
25 378
25 906
25 208
25 470
25 655
25 672
25 523
25 102
25 325
25 1149
25 687
25 565
25 705
25 1296
25 1264
25 942
25 801
25 1349
25 983
25 316
25 1141
25 1040
25 460
25 1368
25 1124
25 461
25 347
25 1307
25 940
25 668
25 623
25 591
25 1086
25 646
25 1158
25 303
25 159
25 145
25 1250
25 700
25 1289
25 1230
25 444
25 750
25 70
25 144
25 413
25 789
25 119
25 120
25 115
25 1085
25 149
25 587
25 125
25 457
25 996
25 547
25 6
25 361
25 528
25 16
25 1379
25 169
25 754
25 800
25 380
25 1318
25 132
25 69
25 402
25 1373
25 489
25 634
25 150
25 960
25 348
25 1241
25 1334
25 96
25 1385
25 184
25 817
25 748
25 1332
25 247
25 1383
25 207
25 204
25 155
25 943
25 508
25 1251
25 1268
25 1303
25 1263
25 689
25 267
25 488
25 56
25 1278
25 152
25 477
25 1128
25 165
25 749
25 702
25 693
25 1002
25 781
25 1322
25 907
25 1382
25 72
25 686
25 1156
25 314
25 1341
25 62
25 1024
25 1265
25 24
25 1252
25 1064
25 252
25 230
25 234
25 692
25 704
25 1164
25 229
25 484
25 603
25 857
25 198
25 1166
25 185
25 856
25 486
25 1201
