26 382
26 307
26 145
26 4
26 1355
26 611
26 568
26 148
26 348
26 1076
26 3
26 736
26 389
26 306
26 664
26 737
26 1302
26 629
26 1107
26 305
26 547
26 1278
26 1175
26 72
26 135
26 606
26 346
26 569
26 572
26 309
26 21
26 562
26 1282
26 1228
26 376
26 1200
26 655
26 393
26 310
26 260
26 326
26 23
26 180
26 525
26 192
26 1301
26 134
26 1365
26 406
26 2
26 1370
26 327
26 863
26 732
26 375
26 55
26 9
26 996
26 1225
26 336
26 931
26 249
26 1386
26 610
26 96
26 308
26 457
26 788
26 1119
26 460
26 98
26 207
26 935
26 570
26 687
26 1304
26 116
26 412
26 1383
26 663
26 527
26 381
26 304
26 1364
26 666
26 959
26 155
26 142
26 256
26 680
26 1281
26 1109
26 189
26 1182
26 1220
26 50
26 861
26 257
26 1366
26 512
26 133
26 784
26 1049
26 554
26 855
26 1354
26 730
26 458
26 899
26 946
26 345
26 1125
26 1054
26 1067
26 659
26 1398
26 352
26 15
26 294
26 71
26 104
26 1188
26 334
26 59
26 359
26 364
26 962
26 17
26 54
26 1358
26 1343
26 1149
26 1320
26 16
26 765
26 1060
26 848
26 934
26 560
26 479
26 377
26 61
26 1357
26 495
26 636
26 1384
26 571
26 461
26 481
26 335
26 641
26 383
26 539
26 775
26 114
26 241
26 475
26 425
26 1050
26 226
26 671
26 62
26 201
26 854
26 321
26 1276
26 366
26 1392
26 686
26 459
26 1154
26 1190
26 573
26 1260
26 936
26 363
26 1237
26 424
26 1213
26 1254
26 980
26 943
26 343
26 912
26 1251
26 22
26 1039
26 982
26 13
26 255
26 894
26 661
26 1240
26 1074
26 1186
26 1325
26 1394
26 538
26 851
26 754
26 1310
26 766
26 94
26 838
26 117
26 337
26 73
26 694
26 1324
26 81
26 1198
26 1375
26 565
26 365
26 8
26 1363
26 350
26 342
26 24
26 1235
26 644
26 1311
26 818
26 1241
26 733
26 404
26 1072
26 240
26 452
26 852
26 1079
26 1214
26 1393
26 386
26 1055
26 1056
26 1043
26 261
26 1382
26 267
26 1323
26 419
26 697
26 1263
26 685
26 798
26 1036
26 831
26 1385
26 48
26 248
26 271
26 502
26 714
26 388
26 970
26 1126
26 972
26 1165
26 1057
26 1058
26 254
26 333
26 292
26 131
26 1031
26 504
26 299
26 528
26 45
26 269
26 540
26 1222
26 105
26 1184
26 929
26 300
26 977
26 1180
26 1185
26 551
26 1041
26 454
26 1121
26 1381
26 187
26 355
26 1400
26 752
26 328
26 493
26 627
26 888
26 1192
26 647
26 1106
26 836
26 526
26 1399
26 648
26 1171
26 467
26 413
26 941
26 400
26 80
26 662
26 358
26 544
26 474
26 967
26 789
26 418
26 1292
26 1397
26 1351
26 1356
26 1104
26 391
26 89
26 160
26 489
26 734
26 209
26 111
26 631
26 885
26 926
26 408
26 325
26 660
26 1309
26 314
26 689
26 268
26 1212
26 1322
26 347
26 897
26 842
26 464
26 272
26 74
26 803
26 242
26 87
26 920
26 1051
26 115
26 966
26 88
26 1359
26 157
26 933
26 900
26 597
26 735
26 1261
26 322
26 283
26 918
26 1250
26 7
26 564
26 555
26 826
26 696
26 1155
26 1274
26 52
26 435
26 770
26 529
26 787
26 1293
26 944
26 170
26 1319
26 862
26 928
26 1173
26 487
26 971
26 1215
26 40
26 1047
26 1124
26 126
26 1236
26 473
26 29
26 216
26 546
26 932
26 339
26 273
26 1367
26 630
26 844
26 1150
26 164
26 780
26 872
26 1014
26 210
26 25
26 1100
26 961
26 84
26 827
26 344
26 1372
26 701
26 1048
26 667
26 771
26 329
26 168
26 1368
26 206
26 652
26 786
26 774
26 41
26 948
26 1127
26 191
26 65
26 1264
26 515
26 1137
26 979
26 751
26 76
26 349
26 315
26 318
26 1044
26 864
26 990
26 1130
26 1244
26 581
26 700
26 513
26 1246
26 1128
26 224
26 891
26 107
26 534
26 49
26 407
26 983
26 417
26 591
26 859
26 370
26 679
26 692
26 1396
26 1268
26 808
26 642
26 37
26 1374
26 1300
26 392
26 777
26 1046
26 302
26 217
26 535
26 866
26 646
26 439
26 978
26 1294
26 843
26 820
26 599
26 1199
26 361
26 915
26 1038
26 163
26 517
26 446
26 537
26 1353
26 998
26 563
26 378
26 165
26 428
26 1316
26 484
26 1063
26 278
26 719
26 124
26 1373
26 1205
26 726
26 741
26 379
26 1307
26 600
26 340
26 215
26 1129
26 86
26 559
26 1123
26 643
26 840
26 1257
26 1061
26 992
26 985
26 1026
26 550
26 1267
26 152
26 476
26 445
26 740
26 794
26 693
26 883
26 1287
26 125
26 1157
26 665
26 1275
26 829
26 171
26 369
26 645
26 455
26 1369
26 901
26 913
26 776
26 1378
26 1201
26 1234
26 291
26 297
26 769
26 332
26 681
26 1118
26 1219
26 11
26 593
26 651
26 965
26 761
26 316
26 151
26 1226
26 1136
26 1391
26 34
26 1112
26 26
26 121
26 186
26 14
26 858
26 975
26 97
26 140
26 727
26 522
26 150
26 70
26 668
26 144
26 477
26 922
26 1259
26 1029
26 1120
26 729
26 755
26 1395
26 53
26 56
26 1193
26 942
26 43
26 247
26 721
26 63
26 494
26 742
26 919
26 837
26 507
26 1379
26 763
26 312
26 553
26 1271
26 937
26 188
26 1163
26 233
26 889
26 984
26 1122
26 1033
26 940
26 225
26 193
26 478
26 212
26 608
26 422
26 1270
26 440
26 898
26 601
26 999
26 845
26 101
26 211
26 1362
26 583
26 179
26 147
26 921
26 650
26 414
26 828
26 672
26 1337
26 637
26 1255
26 917
26 280
26 702
26 1321
26 1245
26 500
26 623
26 1266
26 973
26 1053
26 768
26 118
26 1020
26 654
26 1349
26 1059
26 1221
26 1080
26 1333
26 873
26 710
26 779
26 698
26 1231
26 27
26 113
26 821
26 615
26 31
26 1040
26 1328
26 1204
26 1284
26 470
26 433
26 960
26 790
26 301
26 760
26 1159
26 938
26 1152
26 1183
26 497
26 1327
26 731
26 246
26 208
26 341
26 683
26 1115
26 1116
26 354
26 1022
26 1037
26 1265
26 91
26 892
26 604
26 682
26 19
26 205
26 1069
26 270
26 802
26 748
26 394
26 1172
26 397
26 44
26 669
26 703
26 1209
26 120
26 492
26 293
26 739
26 822
26 1211
26 1083
26 1141
26 28
26 387
26 266
26 1005
26 1142
26 841
26 925
26 222
26 39
26 625
26 258
26 916
26 756
26 360
26 825
26 1110
26 338
26 801
26 244
26 1202
26 974
26 265
26 353
26 1371
26 229
26 324
26 805
26 1224
26 954
26 472
26 122
26 1008
26 362
26 556
26 410
26 521
26 128
26 514
26 890
26 66
26 640
26 1189
26 927
26 395
26 1210
26 112
26 351
26 1342
26 1073
26 857
26 1248
26 1070
26 456
26 1161
26 536
26 586
26 905
26 303
26 1001
26 119
26 678
26 1042
26 675
26 75
26 574
26 1253
26 47
26 1187
26 785
26 1348
26 792
26 830
26 589
26 199
26 1216
26 373
26 576
26 79
26 1134
26 1016
26 218
26 36
26 287
26 939
26 1339
26 1377
26 796
26 759
26 231
26 1117
26 1291
26 110
26 706
26 956
26 987
26 1081
26 1181
26 853
26 981
26 1098
26 773
26 1131
26 743
26 298
26 624
26 856
26 263
26 1012
26 103
26 1135
26 1288
26 607
26 93
26 1178
26 717
26 253
26 182
26 465
26 626
26 320
26 523
26 184
26 947
26 557
26 505
26 1242
26 311
26 587
26 496
26 281
26 18
26 811
26 1229
26 1340
26 1191
26 612
26 1002
26 1347
26 416
26 1195
26 136
26 426
26 903
26 1147
26 657
26 60
26 945
26 1273
26 1108
26 781
26 1035
26 1009
26 123
26 149
26 1387
26 707
26 1361
26 799
26 90
26 567
26 839
26 1238
26 158
26 323
26 1114
26 228
26 558
26 585
26 1013
26 35
26 1262
26 628
26 82
26 509
26 401
26 444
26 1024
26 288
26 541
26 498
26 1084
26 814
26 988
26 1336
26 1023
26 1082
26 1
26 705
26 167
26 174
26 12
26 1297
26 437
26 1010
26 399
26 1233
26 1003
26 1148
26 575
26 443
26 5
26 656
26 1223
26 220
26 964
26 895
26 767
26 230
26 620
26 127
26 633
26 448
26 236
26 450
26 1299
26 132
26 579
26 1239
26 989
26 1006
26 197
26 1097
26 1218
26 491
26 690
26 264
26 6
26 146
26 531
26 173
26 1007
26 198
26 1313
26 185
26 468
26 68
26 499
26 1167
26 757
26 1295
26 143
26 227
26 490
26 874
26 398
26 1303
26 793
26 259
26 372
26 330
26 276
26 976
26 518
26 602
26 282
26 172
26 1232
26 371
26 1289
26 1330
26 1280
26 582
26 78
26 1194
26 423
26 542
26 486
26 639
26 1390
26 1143
26 1019
26 949
26 758
26 812
26 584
26 723
26 577
26 1065
26 653
26 1052
26 616
26 232
26 1092
26 699
26 1139
26 530
26 1000
26 385
26 317
26 1087
26 313
26 605
26 33
26 106
26 1249
26 797
26 420
26 183
26 580
26 1256
26 1153
26 1283
26 592
26 245
26 277
26 658
26 109
26 986
26 38
26 430
26 704
26 590
26 296
26 1203
26 469
26 196
26 1352
26 902
26 549
26 677
26 466
26 1272
26 289
26 356
26 503
26 213
26 1144
26 772
26 166
26 1338
26 1105
26 195
26 319
26 1168
26 1179
26 1151
26 1078
26 427
26 595
26 533
26 545
26 161
26 1066
26 753
26 1095
26 795
26 548
26 1306
26 963
26 485
26 190
26 632
26 175
26 58
26 483
26 203
26 1315
26 57
26 85
26 997
26 906
26 102
26 1296
26 432
26 588
26 1344
26 695
26 691
26 237
26 501
26 1086
26 1158
26 159
26 993
26 1230
26 511
26 1227
26 750
26 221
26 688
26 295
26 138
26 561
26 1085
26 1269
26 578
26 415
26 991
26 243
26 994
26 176
26 169
26 800
26 380
26 1318
26 69
26 402
26 421
26 634
26 1334
26 817
26 1332
26 204
26 1207
26 508
26 214
26 442
26 488
26 749
26 1093
26 907
26 1247
26 1156
26 177
26 64
26 1341
26 1326
26 453
26 1252
26 1064
26 252
26 51
26 234
26 1164
26 635
26 603
26 274
26 869
26 1166
26 1277
