27 1176
27 1031
27 888
27 1129
27 1178
27 838
27 1133
27 1293
27 512
27 1035
27 224
27 1070
27 279
27 886
27 428
27 952
27 1132
27 1177
27 733
27 680
27 752
27 826
27 189
27 247
27 794
27 921
27 674
27 147
27 833
27 513
27 920
27 925
27 1075
27 803
27 521
27 602
27 924
27 202
27 919
27 1039
27 683
27 1124
27 52
27 535
27 464
27 679
27 192
27 251
27 382
27 1320
27 42
27 1062
27 470
27 923
27 737
27 459
27 612
27 1362
27 1266
27 654
27 36
27 1188
27 1083
27 916
27 666
27 699
27 432
27 834
27 1074
27 250
27 676
27 917
27 433
27 677
27 1246
27 780
27 681
27 215
27 798
27 439
27 901
27 248
27 1243
27 1341
27 902
27 415
27 712
27 420
27 225
27 757
27 367
27 675
27 205
27 678
27 779
27 474
27 797
27 696
27 1239
27 593
27 1
27 601
27 76
27 1136
27 278
27 682
27 13
27 212
27 179
27 1343
27 698
27 221
27 45
27 1154
27 1340
27 1262
27 777
27 686
27 655
27 341
27 632
27 1370
27 440
27 1353
27 831
27 200
27 623
27 188
27 1229
27 451
27 613
27 14
27 485
27 1170
27 1112
27 1276
27 1055
27 289
27 27
27 1333
27 802
27 1342
27 232
27 230
27 1363
27 980
27 940
27 749
27 1089
27 204
27 195
27 592
27 1334
27 497
27 256
27 148
27 457
27 1337
27 1265
27 312
27 650
27 877
27 562
27 135
27 1302
27 1294
27 1076
27 792
27 1186
27 600
27 465
27 640
27 548
27 201
27 222
27 1162
27 985
27 1164
27 614
27 515
27 695
27 793
27 545
27 982
27 229
27 1090
27 1289
27 596
27 1197
27 1280
27 791
27 29
27 1360
27 543
27 1054
27 606
27 265
27 673
27 637
27 86
27 308
27 246
27 705
27 146
27 520
27 547
27 739
27 889
27 1115
27 700
27 1338
27 703
27 970
27 772
27 724
27 1108
27 235
27 227
27 1182
27 503
27 434
27 167
27 981
27 1092
27 1044
27 801
27 31
27 131
27 30
27 395
27 284
27 1000
27 643
27 945
27 1051
27 346
27 1355
27 1091
27 922
27 1332
27 226
27 860
27 761
27 288
27 605
27 1339
27 196
27 818
27 442
27 198
27 469
27 599
27 360
27 868
27 1015
27 694
27 840
27 708
27 652
27 781
27 173
27 429
27 444
27 1380
27 588
27 1033
27 987
27 747
27 1272
27 419
27 762
27 866
27 928
27 1205
27 912
27 197
27 488
27 1225
27 124
27 1202
27 758
27 1375
27 820
27 943
27 964
27 1131
27 379
27 1004
27 1064
27 1274
27 1207
27 1173
27 73
27 1038
27 1309
27 638
27 1163
27 811
27 918
27 411
27 1319
27 658
27 1385
27 710
27 744
27 172
27 671
27 333
27 618
27 453
27 1394
27 363
27 245
27 1278
27 347
27 905
27 1253
27 880
27 986
27 783
27 38
27 1383
27 1063
27 893
27 576
27 898
27 748
27 368
27 60
27 1258
27 301
27 1060
27 152
27 808
27 26
27 810
27 207
27 287
27 719
27 1331
27 1259
27 1336
27 390
27 569
27 546
27 1218
27 389
27 294
27 573
27 1351
27 253
27 417
27 731
27 633
27 1210
27 134
27 1141
27 1328
27 72
27 1067
27 1194
27 171
27 1292
27 1213
27 519
27 1310
27 1005
27 1012
27 267
27 999
27 554
27 4
27 906
27 575
27 665
27 102
27 446
27 656
27 870
27 1399
27 468
27 903
27 709
27 313
27 727
27 273
27 883
27 217
27 1134
27 1043
27 1381
27 931
27 839
27 1208
27 70
27 935
27 144
27 1267
27 1069
27 213
27 937
27 272
27 1094
27 1327
27 544
27 685
27 169
27 944
27 391
27 907
27 5
27 1082
27 1068
27 1288
27 578
27 984
27 95
27 1397
27 693
27 565
27 496
27 1169
27 809
27 796
27 328
27 305
27 859
27 530
27 323
27 1119
27 1368
27 331
27 1048
27 435
27 82
27 581
27 951
27 364
27 109
27 627
27 978
27 239
27 1153
27 863
27 249
27 1071
27 568
27 879
27 795
27 458
27 1013
27 827
27 1095
27 604
27 1201
27 1215
27 1303
27 768
27 878
27 311
27 110
27 15
27 1145
27 174
27 755
27 896
27 1231
27 20
27 1014
27 290
27 1040
27 1290
27 844
27 184
27 529
27 255
27 561
27 209
27 1220
27 895
27 1022
27 603
27 315
27 615
27 307
27 96
27 1260
27 1168
27 557
27 336
27 252
27 168
27 1144
27 967
27 929
27 631
27 1354
27 130
27 819
27 714
27 1111
27 1233
27 974
27 836
27 926
27 233
27 404
27 946
27 362
27 723
27 1099
27 1047
27 729
27 1137
27 785
27 199
27 746
27 672
27 556
27 115
27 1270
27 111
27 105
27 630
27 958
27 1027
27 449
27 117
27 104
27 1365
27 1117
27 416
27 359
27 1125
27 805
27 989
27 659
27 933
27 349
27 351
27 852
27 12
27 634
27 81
27 316
27 94
27 1147
27 1392
27 223
27 191
27 628
27 1187
27 1104
27 954
27 99
27 352
27 611
27 300
27 891
27 934
27 1222
27 1002
27 876
27 1277
27 78
27 66
27 1181
27 219
27 242
27 514
27 766
27 1018
27 704
27 814
27 121
27 89
27 54
27 194
27 177
27 1118
27 845
27 1045
27 962
27 1391
27 753
27 1041
27 828
27 186
27 261
27 567
27 571
27 425
27 580
27 825
27 280
27 711
27 157
27 282
27 689
27 979
27 624
27 1174
27 1295
27 445
27 155
27 610
27 296
27 760
27 1352
27 829
27 1279
27 310
27 365
27 366
27 49
27 824
27 692
27 97
27 636
27 1255
27 467
27 1271
27 266
27 813
27 1093
27 1028
27 971
27 460
27 991
27 572
27 1307
27 100
27 668
27 743
27 206
27 448
27 1113
27 1128
27 381
27 1284
27 426
27 1059
27 1198
27 847
27 1053
27 484
27 1057
27 69
27 511
27 1127
27 1344
27 8
27 1384
27 661
27 730
27 343
27 47
27 59
27 25
27 948
27 688
27 295
27 292
27 1261
27 62
27 563
27 1088
27 1325
27 1387
27 874
27 1191
27 854
27 1398
27 327
27 183
27 431
27 1056
27 1269
27 1061
27 122
27 1024
27 1165
27 342
27 1120
27 861
27 270
27 707
27 211
27 1356
27 1311
27 1172
27 927
27 560
27 487
27 706
27 35
27 1212
27 240
27 1321
27 137
27 452
27 1184
27 317
27 473
27 373
27 540
27 309
27 330
27 277
27 1209
27 1285
27 499
27 441
27 930
27 271
27 297
27 1291
27 1066
27 164
27 667
27 960
27 7
27 83
27 1199
27 193
27 218
27 384
27 504
27 649
27 996
27 1223
27 241
27 234
27 438
27 10
27 1236
27 418
27 1130
27 92
27 338
27 873
27 291
27 1263
27 932
27 857
27 1329
27 740
27 687
27 80
27 1268
27 848
27 527
27 1023
27 1021
27 132
27 663
27 140
27 154
27 334
27 856
27 231
27 1140
27 892
27 1081
27 455
27 1308
27 1395
27 187
27 466
27 953
27 107
27 1158
27 1050
27 1126
27 1122
27 1228
27 1150
27 532
27 1388
27 1235
27 720
27 119
27 1359
27 1244
27 319
27 1049
27 125
27 851
27 849
27 329
27 486
27 1151
27 823
27 1106
27 807
27 887
27 1304
27 947
27 1257
27 423
27 37
27 1121
27 635
27 176
27 403
27 617
27 1036
27 370
27 397
27 293
27 1196
27 956
27 28
27 641
27 283
27 1020
27 462
27 1298
27 443
27 765
27 58
27 821
27 1052
27 1216
27 1139
27 936
27 566
27 961
27 644
27 1157
27 108
27 259
27 867
27 1372
27 103
27 332
27 1179
27 899
27 1264
27 388
27 788
27 79
27 822
27 1247
27 894
27 170
27 541
27 357
27 160
27 24
27 51
27 244
27 149
27 764
27 660
27 908
27 1248
27 1313
27 1330
27 837
27 1097
27 1226
27 806
27 1175
27 129
27 522
27 344
27 1072
