28 1051
28 752
28 762
28 921
28 674
28 1075
28 680
28 1050
28 920
28 923
28 247
28 924
28 683
28 698
28 803
28 919
28 1062
28 470
28 612
28 700
28 432
28 52
28 1362
28 592
28 712
28 367
28 839
28 433
28 699
28 521
28 1048
28 834
28 147
28 464
28 1074
28 205
28 250
28 676
28 417
28 777
28 1176
28 1246
28 1027
28 681
28 535
28 794
28 232
28 27
28 901
28 1055
28 1243
28 1341
28 451
28 415
28 1136
28 1028
28 1333
28 420
28 1342
28 678
28 248
28 696
28 1239
28 677
28 545
28 227
28 663
28 301
28 916
28 1343
28 964
28 221
28 225
28 906
28 226
28 13
28 1262
28 204
28 632
28 230
28 1266
28 212
28 1294
28 831
28 200
28 251
28 637
28 703
28 341
28 1293
28 801
28 485
28 503
28 640
28 675
28 1399
28 1130
28 981
28 1276
28 1012
28 797
28 1124
28 289
28 1018
28 14
28 1339
28 1117
28 802
28 278
28 384
28 779
28 1311
28 781
28 1207
28 235
28 124
28 1131
28 36
28 749
28 395
28 1089
28 195
28 1340
28 1334
28 1092
28 704
28 1272
28 457
28 1337
28 146
28 233
28 1265
28 744
28 246
28 877
28 1076
28 917
28 1186
28 1363
28 654
28 465
28 1229
28 1
28 833
28 1046
28 279
28 222
28 1162
28 985
28 515
28 474
28 793
28 987
28 758
28 229
28 1090
28 1289
28 596
28 1154
28 1197
28 1280
28 814
28 791
28 488
28 1360
28 543
28 1376
28 1054
28 883
28 1188
28 513
28 593
28 902
28 633
28 1039
28 798
28 520
28 731
28 1112
28 1353
28 970
28 772
28 759
28 724
28 1108
28 1005
28 1182
28 630
28 434
28 739
28 167
28 363
28 31
28 30
28 1170
28 284
28 1023
28 643
28 60
28 945
28 234
28 1091
28 368
28 1332
28 967
28 287
28 860
28 288
28 86
28 468
28 930
28 323
28 453
28 442
28 811
28 469
28 601
28 198
28 1257
28 868
28 497
28 1015
28 694
28 708
28 173
28 562
28 1031
28 429
28 416
28 951
28 1380
28 236
28 1033
28 360
28 747
28 1158
28 419
28 682
28 1068
28 154
28 334
28 467
28 1375
28 820
28 256
28 1270
28 379
28 134
28 602
28 580
28 1064
28 1173
28 435
28 1309
28 638
28 49
28 215
28 1163
28 829
28 918
28 727
28 249
28 15
28 1202
28 925
28 780
28 133
28 172
28 671
28 333
28 1233
28 760
28 600
28 880
28 986
28 826
28 783
28 271
28 938
28 1383
28 893
28 748
28 822
28 1138
28 719
28 1331
28 390
28 733
28 1218
28 389
28 193
28 1235
28 894
28 1351
28 97
28 359
28 599
28 1210
28 29
28 1373
28 109
28 1141
28 547
28 312
28 1328
28 650
28 1067
28 495
28 1292
28 519
28 928
28 1310
28 1104
28 1356
28 1034
28 864
28 428
28 587
28 658
28 102
28 673
28 39
28 1320
28 1127
28 56
28 1355
28 870
28 1370
28 324
28 561
28 381
28 709
28 313
28 730
28 1307
28 548
28 356
28 1225
28 931
28 445
28 322
28 76
28 1208
28 554
28 935
28 42
28 753
28 614
28 1329
28 1069
28 741
28 179
28 213
28 444
28 1094
28 516
28 544
28 1365
28 169
28 687
28 907
28 757
28 5
28 1042
28 686
28 1110
28 984
28 95
28 1397
28 1084
28 922
28 693
28 1115
28 1057
28 565
28 1164
28 496
28 761
28 1169
28 809
28 796
28 17
28 956
28 530
28 224
28 954
28 1119
28 1368
28 331
28 189
28 1024
28 168
28 581
28 940
28 1392
28 792
28 627
28 239
28 863
28 1071
28 879
28 795
28 1013
28 1095
28 768
28 878
28 311
28 139
28 1145
28 840
28 755
28 961
28 1268
28 1134
28 896
28 827
28 473
28 540
28 1231
28 20
28 1014
28 290
28 1290
28 529
28 1338
28 187
28 895
28 1019
28 613
28 695
28 1260
28 684
28 1059
28 294
28 1168
28 557
28 336
28 122
28 252
28 348
28 1144
28 679
28 1120
28 929
28 1354
28 1047
28 1385
28 130
28 2
28 1049
28 819
28 978
28 714
28 1111
28 851
28 974
28 836
28 253
28 812
28 135
28 362
28 937
28 723
28 1099
28 128
28 1116
28 729
28 1137
28 785
28 905
28 1302
28 199
28 746
28 1037
28 977
28 672
28 1204
28 556
28 830
28 111
28 816
28 1304
28 958
28 449
28 652
28 117
28 104
28 1387
28 506
28 659
28 163
28 349
28 373
28 351
28 1259
28 12
28 188
28 1022
28 634
28 81
28 316
28 307
28 1147
28 1053
28 512
28 270
28 223
28 191
28 808
28 1214
28 628
28 1187
28 321
28 99
28 352
28 300
28 1222
28 159
28 876
28 1277
28 1248
28 78
28 828
28 265
28 401
28 1336
28 28
28 1181
28 620
28 641
28 242
28 514
28 165
28 202
28 459
28 881
28 462
28 502
28 121
28 818
28 54
28 837
28 194
28 1118
28 1045
28 962
28 296
28 164
28 446
28 1133
28 567
28 1029
28 217
28 1216
28 1066
28 825
28 713
28 315
28 1035
28 65
28 711
28 282
28 689
28 1174
28 1295
28 866
28 155
28 585
28 721
28 1352
28 458
28 1279
28 944
28 328
28 1303
28 824
28 1312
28 692
28 479
28 636
28 1255
28 952
28 68
28 1271
28 266
28 1372
28 813
28 1093
28 971
28 460
28 332
28 991
28 16
28 968
28 132
28 572
28 815
28 138
28 347
28 1194
28 668
28 1374
28 743
28 448
28 1113
28 391
28 1128
28 494
28 426
28 645
28 912
28 997
28 491
28 847
28 705
28 207
28 69
28 511
28 1032
28 1366
28 1384
28 1206
28 1393
28 1109
28 343
28 47
28 845
28 463
28 1386
28 185
28 948
28 688
28 1065
28 206
28 295
28 665
28 538
28 62
28 563
28 1205
28 1088
28 1191
28 1180
28 854
28 1398
28 327
28 183
28 431
28 903
28 1269
28 1061
28 1040
28 1217
28 342
28 579
28 861
28 1240
28 211
28 91
28 57
28 214
28 149
28 927
28 560
28 115
28 219
28 1219
28 487
28 706
28 35
28 908
28 946
28 1321
28 137
28 305
28 1220
28 1132
28 454
28 1184
28 317
28 603
28 292
28 1224
28 1261
28 309
28 330
28 277
28 94
28 1258
28 245
28 1285
28 499
28 441
28 297
28 667
28 89
28 960
28 1199
28 44
28 218
28 738
28 542
28 110
28 889
28 1209
28 1178
28 504
28 649
28 1223
28 240
28 241
28 1213
28 438
28 1000
28 10
28 898
28 1236
28 1060
28 418
28 26
28 92
28 338
28 569
28 873
28 291
28 662
28 1263
28 344
28 101
28 932
28 162
28 1335
28 740
28 576
28 1300
28 33
28 848
28 527
28 1021
28 364
28 588
28 273
28 231
28 1140
28 892
28 1081
28 455
28 1308
28 1395
28 466
28 953
28 782
28 107
28 411
28 1126
28 1122
28 1228
28 1150
28 532
28 1388
28 624
28 720
28 568
28 119
28 1359
28 1244
28 1215
28 319
28 125
28 849
28 329
28 999
28 486
28 1151
28 823
28 1106
28 807
28 887
28 947
28 423
28 37
28 1121
28 635
28 176
28 403
28 617
28 888
28 926
28 1036
28 484
28 370
28 397
28 1394
28 404
28 293
28 192
28 1196
28 283
28 1020
28 1298
28 1044
28 852
28 443
28 765
28 58
28 821
28 1052
28 1139
28 936
28 566
28 644
28 891
28 1157
28 108
28 605
28 197
28 259
28 1391
28 867
28 571
28 1274
28 103
28 1179
28 1319
28 899
28 1264
28 573
28 388
28 788
28 73
28 79
28 1247
28 810
28 170
28 541
28 357
28 805
28 160
28 933
28 24
28 51
28 131
28 244
28 764
28 660
28 25
28 1313
28 1330
28 685
28 1097
28 1226
28 806
28 766
28 1175
28 129
28 522
28 1072
28 272
