3 485
3 5
3 90
3 91
3 144
3 582
3 399
3 181
3 6
3 579
3 395
3 542
3 281
3 349
3 266
3 1389
3 707
3 584
3 422
3 980
3 299
3 1222
3 145
3 1011
3 1073
3 13
3 1108
3 978
3 269
3 366
3 509
3 72
3 943
3 944
3 833
3 981
3 552
3 1072
3 962
3 407
3 93
3 1183
3 1254
3 158
3 1097
3 982
3 112
3 398
3 730
3 585
3 332
3 872
3 1207
3 111
3 606
3 168
3 586
3 119
3 81
3 298
3 1098
3 1253
3 554
3 339
3 587
3 1221
3 410
3 625
3 1273
3 1298
3 607
3 564
3 159
3 723
3 95
3 546
3 662
3 1053
3 425
3 142
3 1233
3 861
3 623
3 1279
3 940
3 863
3 641
3 350
3 830
3 541
3 458
3 259
3 408
3 1107
3 61
3 561
3 50
3 967
3 733
3 983
3 92
3 1263
3 1100
3 98
3 1282
3 66
3 347
3 963
3 328
3 85
3 571
3 240
3 826
3 44
3 644
3 1210
3 303
3 1213
3 734
3 387
3 320
3 896
3 344
3 1159
3 566
3 1088
3 1301
3 1236
3 33
3 500
3 691
3 518
3 1063
3 785
3 1348
3 1328
3 873
3 1181
3 1104
3 703
3 1185
3 689
3 208
3 51
3 354
3 267
3 746
3 120
3 559
3 101
3 283
3 1086
3 378
3 87
3 959
3 15
3 102
3 1297
3 1370
3 1393
3 572
3 353
3 1036
3 666
3 831
3 450
3 414
3 1283
3 1295
3 49
3 486
3 73
3 527
3 1395
3 1192
3 1361
3 987
3 135
3 435
3 555
3 1129
3 1258
3 1379
3 937
3 260
3 1161
3 661
3 1312
3 1375
3 551
3 1286
3 667
3 302
3 784
3 476
3 348
3 55
3 294
3 653
3 342
3 635
3 1366
3 404
3 1268
3 575
3 343
3 1240
3 329
3 295
3 1296
3 364
3 789
3 21
3 45
3 700
3 1206
3 1307
3 389
3 406
3 708
3 1077
3 912
3 1002
3 2
3 438
3 767
3 648
3 270
3 1042
3 524
3 1259
3 956
3 547
3 1217
3 368
3 174
3 30
3 550
3 264
3 570
3 37
3 522
3 732
3 1061
3 855
3 539
3 336
3 655
3 169
3 1216
3 977
3 1219
3 754
3 497
3 1394
3 656
3 123
3 445
3 154
3 719
3 1226
3 297
3 1265
3 337
3 672
3 1392
3 1200
3 133
3 1138
3 540
3 372
3 1190
3 668
3 670
3 777
3 1201
3 462
3 463
3 997
3 1178
3 29
3 103
3 1326
3 1386
3 88
3 1225
3 1070
3 1052
3 651
3 396
3 1281
3 62
3 164
3 59
3 459
3 1148
3 756
3 23
3 77
3 1040
3 338
3 32
3 717
3 436
3 321
3 304
3 1294
3 36
3 166
3 1376
3 921
3 274
3 1191
3 860
3 1198
3 886
3 325
3 731
3 306
3 97
3 715
3 82
3 193
3 11
3 284
3 432
3 1099
3 877
3 357
3 1029
3 104
3 185
3 1264
3 1257
3 1204
3 1106
3 854
3 1249
3 865
3 899
3 809
3 1031
3 403
3 769
3 34
3 1231
3 1035
3 553
3 1311
3 1224
3 905
3 578
3 322
3 189
3 1173
3 835
3 314
3 1344
3 499
3 402
3 1355
3 780
3 305
3 1056
3 1008
3 429
3 352
3 603
3 588
3 934
3 1177
3 1030
3 1082
3 1362
3 869
3 1250
3 1238
3 533
3 620
3 1096
3 184
3 1068
3 1091
3 24
3 447
3 628
3 28
3 4
3 828
3 131
3 1271
3 12
3 493
3 560
3 1280
3 576
3 110
3 1004
3 1390
3 1137
3 172
3 724
3 40
3 99
3 1083
3 627
3 197
3 695
3 504
3 880
3 369
3 537
3 658
3 1147
3 8
3 155
3 385
3 1345
3 201
3 1125
3 1197
3 970
3 745
3 1194
3 1293
3 966
3 26
3 375
3 804
3 684
3 74
3 14
3 650
3 565
3 383
3 1170
3 1349
3 262
3 870
3 362
3 1179
3 1014
3 837
3 285
3 1089
3 938
3 419
3 333
3 437
3 1140
3 187
3 713
3 1346
3 1377
3 307
3 53
3 373
3 71
3 1352
3 1341
3 323
3 993
3 736
3 1080
3 453
3 1158
3 697
3 892
3 472
3 590
3 549
3 213
3 1381
3 640
3 778
3 864
3 296
3 810
3 163
3 909
3 1305
3 629
3 107
3 859
3 889
3 815
3 160
3 948
3 434
3 1290
3 709
3 1338
3 1398
3 933
3 409
3 481
3 1215
3 1335
3 46
3 1150
3 583
3 444
3 532
3 424
3 1235
3 665
3 1094
3 1055
3 577
3 1300
3 22
3 773
3 94
3 130
3 1119
3 1027
3 149
3 68
3 1209
3 957
3 1354
3 818
3 272
3 480
3 1380
3 968
3 638
3 132
3 263
3 449
3 887
3 690
3 992
3 888
3 706
3 198
3 35
3 645
3 604
3 712
3 451
3 843
3 351
3 979
3 1101
3 1095
3 421
3 84
3 489
3 874
3 928
3 901
3 186
3 1202
3 310
3 1239
3 54
3 1241
3 268
3 1003
3 75
3 856
3 293
3 930
3 1143
3 726
3 792
3 975
3 128
3 538
3 1047
3 580
3 876
3 1043
3 365
3 1032
3 787
3 391
3 976
3 520
3 1315
3 390
3 60
3 1320
3 936
3 374
3 574
3 20
3 220
3 1087
3 108
3 1149
3 165
3 1013
3 929
3 1
3 621
3 1255
3 798
3 786
3 601
3 363
3 740
3 300
3 1309
3 448
3 379
3 840
3 1333
3 1246
3 388
3 1336
3 1051
3 646
3 455
3 1169
3 599
3 974
3 738
3 206
3 711
3 677
3 1122
3 157
3 246
3 115
3 908
3 466
3 1248
3 1330
3 441
3 782
3 673
3 401
3 417
3 89
3 649
3 827
3 927
3 1244
3 1313
