30 633
30 602
30 752
30 513
30 683
30 921
30 1058
30 1197
30 1070
30 680
30 147
30 19
30 247
30 801
30 222
30 688
30 432
30 465
30 420
30 1059
30 1112
30 601
30 464
30 514
30 901
30 225
30 1186
30 791
30 935
30 898
30 902
30 126
30 289
30 45
30 122
30 545
30 250
30 1259
30 938
30 230
30 925
30 288
30 1310
30 599
30 146
30 934
30 919
30 924
30 657
30 205
30 923
30 1188
30 937
30 1075
30 433
30 494
30 1062
30 229
30 577
30 699
30 803
30 941
30 273
30 794
30 674
30 52
30 60
30 916
30 1239
30 600
30 160
30 1243
30 1074
30 27
30 678
30 779
30 232
30 332
30 1334
30 626
30 632
30 1343
30 124
30 1001
30 1089
30 918
30 922
30 930
30 920
30 696
30 698
30 25
30 1305
30 792
30 1341
30 191
30 1246
30 466
30 200
30 895
30 676
30 434
30 936
30 508
30 371
30 712
30 326
30 423
30 793
30 1340
30 93
30 520
30 359
30 797
30 1337
30 877
30 749
30 204
30 192
30 637
30 1333
30 942
30 279
30 682
30 13
30 1162
30 915
30 347
30 1307
30 605
30 557
30 1090
30 1262
30 541
30 235
30 970
30 612
30 700
30 1289
30 1012
30 337
30 811
30 875
30 1213
30 1117
30 681
30 556
30 1342
30 1332
30 31
30 1170
30 284
30 643
30 1229
30 1091
30 951
30 931
30 1208
30 860
30 1111
30 983
30 123
30 282
30 1339
30 195
30 694
30 708
30 193
30 798
30 1280
30 469
30 1092
30 442
30 227
30 1063
30 69
30 333
30 217
30 248
30 307
30 957
30 625
30 999
30 917
30 739
30 97
30 1064
30 1084
30 428
30 1231
30 947
30 1210
30 1266
30 802
30 638
30 575
30 497
30 781
30 1163
30 1362
30 1083
30 675
30 1187
30 468
30 63
30 780
30 398
30 1169
30 671
30 341
30 748
30 46
30 251
30 572
30 703
30 287
30 783
30 939
30 586
30 757
30 453
30 42
30 1244
30 522
30 630
30 360
30 1248
30 1131
30 1
30 677
30 446
30 354
30 1379
30 1184
30 189
30 969
30 528
30 1218
30 673
30 385
30 1000
30 709
30 607
30 131
30 1245
30 1393
30 569
30 547
30 233
30 527
30 136
30 76
30 294
30 1331
30 1088
30 693
30 656
30 1094
30 14
30 1164
30 1047
30 746
30 1261
30 795
30 223
30 281
30 313
30 456
30 95
30 78
30 1276
30 1115
30 311
30 388
30 30
30 1328
30 1383
30 809
30 796
30 226
30 907
30 1020
30 1355
30 1144
30 206
30 906
30 470
30 523
30 1182
30 1303
30 181
30 439
30 879
30 1301
30 561
30 1230
30 652
30 1095
30 1326
30 105
30 228
30 768
30 684
30 259
30 775
30 594
30 755
30 747
30 1181
30 1234
30 270
30 1207
30 549
30 461
30 246
30 1329
30 1290
30 1351
30 706
30 1338
30 928
30 2
30 672
30 1125
30 1399
30 728
30 1202
30 695
30 1287
30 1021
30 265
30 1168
30 660
30 336
30 839
30 159
30 679
30 224
30 929
30 736
30 316
30 1056
30 1272
30 503
30 467
30 933
30 1273
30 290
30 579
30 362
30 1227
30 822
30 1110
30 44
30 1198
30 1314
30 186
30 730
30 1078
30 1295
30 735
30 1026
30 119
30 379
30 395
30 828
30 35
30 1233
30 686
30 142
30 1057
30 512
30 315
30 1336
30 304
30 1277
30 422
30 1079
30 1381
30 1133
30 1201
30 1154
30 1183
30 128
30 364
30 1066
30 896
30 714
30 1200
30 784
30 176
30 252
30 1327
30 493
30 897
30 754
30 1108
30 190
30 404
30 415
30 991
30 256
30 489
30 1321
30 692
30 711
30 1300
30 15
30 1396
30 1380
30 112
30 705
30 1220
30 704
30 1041
30 829
30 717
30 1373
30 817
30 425
30 406
30 197
30 636
30 515
30 328
30 538
30 94
30 725
30 207
30 971
30 1081
30 310
30 199
30 1235
30 1284
30 743
30 462
30 367
30 3
30 1044
30 852
30 808
30 1222
30 1375
30 649
30 368
30 1225
30 488
30 644
30 891
30 202
30 148
30 927
30 890
30 883
30 1015
30 118
30 733
30 242
30 1134
30 472
30 740
30 163
30 431
30 306
30 262
30 1320
30 1294
30 84
30 454
30 144
30 1279
30 221
30 1128
30 1302
30 170
30 998
30 245
30 188
30 89
30 774
30 1330
30 115
30 1119
30 844
30 1051
30 487
30 825
30 149
30 526
30 697
30 23
30 375
30 1391
30 363
30 629
30 707
30 419
30 1265
30 498
30 555
30 179
30 1195
30 574
30 889
30 167
30 1275
30 900
30 4
30 666
30 1136
30 417
30 1010
30 276
30 1080
30 121
30 1122
30 257
30 440
30 266
30 393
30 1106
30 99
30 987
30 278
30 720
30 550
30 1354
30 318
30 651
30 537
30 101
30 305
30 756
30 18
30 236
30 540
30 309
30 96
30 732
30 1006
30 1228
30 352
30 583
30 100
30 133
30 92
30 979
30 665
30 491
30 872
30 984
30 386
30 373
30 134
30 48
30 1007
30 416
30 1097
30 427
30 383
30 1377
30 1268
30 452
30 782
30 1253
30 335
30 216
30 490
30 39
30 209
30 37
30 441
30 892
30 34
30 534
30 535
30 874
30 187
30 372
30 1313
30 394
30 1271
30 17
30 1394
30 300
30 1232
30 966
30 1309
30 669
30 240
30 98
30 28
30 1194
30 562
30 389
30 59
30 967
30 486
30 525
30 1390
30 1353
30 299
30 965
30 329
30 1143
30 949
30 1267
30 653
30 975
30 827
30 507
30 1216
30 88
30 377
30 1139
30 530
30 1180
30 1282
30 298
30 317
30 1236
30 418
30 180
30 26
30 1367
30 33
30 1324
30 989
30 458
30 83
30 135
30 106
30 117
30 410
30 382
30 1249
30 659
30 1189
30 539
30 183
30 1274
30 74
30 376
30 211
30 1256
30 1319
30 751
30 1153
30 1323
30 1283
30 370
30 459
30 592
30 576
30 1224
30 663
30 662
30 86
30 771
30 277
30 1107
30 604
30 1009
30 1142
30 109
30 297
30 610
30 401
30 231
30 38
30 430
30 1356
30 407
30 269
30 590
30 544
30 455
30 959
30 990
30 340
30 1238
30 268
30 1281
30 1203
30 196
30 521
30 1242
30 116
30 1386
30 324
30 244
30 563
30 814
30 356
30 820
30 387
30 667
30 1159
30 213
30 500
30 1297
30 258
30 772
30 873
30 308
30 536
30 1255
30 495
30 624
30 166
30 87
30 1193
30 481
30 945
30 1105
30 103
30 903
30 319
30 661
30 1254
30 1179
30 818
30 785
30 292
30 1082
30 1151
30 22
30 773
30 322
30 567
30 1221
30 531
30 799
30 1304
30 770
30 73
30 1072
30 450
30 445
30 1165
30 50
30 351
30 81
30 1076
30 533
30 435
30 261
30 1374
30 988
30 690
30 1190
30 9
30 280
30 161
30 1073
30 1205
30 992
30 61
30 1306
30 963
30 283
30 365
30 366
30 485
30 1003
30 1148
30 49
30 504
30 443
30 175
30 21
30 58
30 1223
30 977
30 241
30 1270
30 7
30 483
30 1370
30 529
30 203
30 1315
30 201
30 381
30 719
30 475
30 1371
30 349
30 570
30 1204
30 91
30 710
30 57
30 312
30 85
30 701
30 1014
30 378
30 208
30 655
30 571
30 102
30 325
30 1149
30 980
30 687
30 1209
30 342
30 565
30 173
30 1296
30 1264
30 1325
30 212
30 1349
30 323
30 1141
30 1040
30 460
30 1368
30 1124
30 986
30 588
30 940
30 668
30 623
30 691
30 591
30 237
30 53
30 501
30 1086
30 358
30 646
30 1158
30 597
30 303
30 426
30 993
30 145
30 1250
30 981
30 511
30 55
30 444
30 750
30 70
30 1260
30 1365
30 36
30 110
30 295
30 413
30 138
30 789
30 560
30 120
30 327
30 1085
30 587
30 1269
30 125
30 944
30 1288
30 578
30 457
30 996
30 182
30 608
30 243
30 606
30 6
30 589
30 361
30 1237
30 994
30 16
30 171
30 169
30 800
30 380
30 1318
30 132
30 346
30 496
30 402
30 421
30 634
30 150
30 960
30 348
30 54
30 1241
30 1385
30 184
30 391
30 627
30 155
30 344
30 1157
30 943
30 1251
30 593
30 985
30 214
30 1263
30 689
30 267
30 56
30 1278
30 152
30 899
30 477
30 165
30 964
30 334
30 702
30 1002
30 1093
30 1322
30 1382
30 72
30 1247
30 1156
30 894
30 177
30 64
30 314
30 62
30 1212
30 974
30 1061
30 1024
30 157
30 24
30 296
30 1252
30 1104
30 51
30 564
30 658
30 234
30 767
30 635
30 174
30 484
30 603
30 857
30 198
30 274
30 869
30 1166
30 185
30 856
