32 752
32 738
32 382
32 1259
32 1112
32 801
32 491
32 472
32 802
32 242
32 192
32 1186
32 147
32 27
32 714
32 1197
32 921
32 530
32 1310
32 247
32 160
32 843
32 556
32 273
32 467
32 25
32 469
32 901
32 494
32 922
32 737
32 1394
32 599
32 745
32 470
32 1039
32 307
32 941
32 201
32 1248
32 601
32 465
32 606
32 248
32 468
32 513
32 287
32 1192
32 791
32 799
32 1106
32 1280
32 889
32 665
32 134
32 1305
32 1154
32 1272
32 512
32 332
32 1135
32 629
32 593
32 1074
32 146
32 577
32 359
32 1213
32 680
32 289
32 1215
32 1012
32 363
32 1387
32 428
32 569
32 107
32 980
32 771
32 557
32 259
32 432
32 148
32 230
32 663
32 1302
32 279
32 545
32 60
32 611
32 189
32 341
32 902
32 326
32 686
32 250
32 1031
32 672
32 925
32 814
32 1124
32 982
32 229
32 445
32 86
32 233
32 600
32 190
32 916
32 193
32 1309
32 400
32 1076
32 919
32 977
32 1044
32 346
32 543
32 780
32 1086
32 683
32 158
32 1210
32 91
32 4
32 667
32 294
32 674
32 232
32 535
32 464
32 760
32 962
32 381
32 826
32 912
32 1201
32 191
32 304
32 754
32 918
32 123
32 1225
32 354
32 474
32 820
32 943
32 391
32 225
32 777
32 541
32 1038
32 14
32 140
32 157
32 1003
32 458
32 903
32 1320
32 283
32 547
32 1278
32 347
32 1354
32 1043
32 1365
32 81
32 698
32 898
32 792
32 928
32 1060
32 124
32 26
32 1087
32 369
32 546
32 404
32 625
32 939
32 305
32 217
32 724
32 572
32 666
32 568
32 72
32 605
32 171
32 63
32 679
32 787
32 235
32 969
32 94
32 1393
32 442
32 1020
32 52
32 473
32 923
32 1266
32 920
32 1188
32 528
32 70
32 144
32 1267
32 514
32 688
32 1075
32 45
32 937
32 195
32 685
32 990
32 746
32 255
32 497
32 926
32 69
32 622
32 122
32 992
32 571
32 859
32 275
32 312
32 985
32 650
32 1119
32 1048
32 499
32 205
32 1231
32 951
32 456
32 978
32 739
32 370
32 654
32 924
32 761
32 702
32 562
32 1328
32 652
32 419
32 1382
32 676
32 460
32 51
32 507
32 179
32 567
32 996
32 1041
32 20
32 1307
32 1014
32 199
32 301
32 844
32 1152
32 49
32 209
32 1327
32 1115
32 727
32 1022
32 280
32 206
32 96
32 479
32 829
32 803
32 1250
32 701
32 292
32 117
32 13
32 1229
32 786
32 808
32 904
32 631
32 115
32 172
32 110
32 819
32 1202
32 365
32 366
32 1355
32 1385
32 689
32 888
32 595
32 1384
32 459
32 493
32 492
32 30
32 766
32 444
32 343
32 845
32 162
32 226
32 105
32 1353
32 1313
32 434
32 256
32 15
32 44
32 360
32 852
32 634
32 1263
32 1198
32 207
32 223
32 917
32 591
32 721
32 954
32 1381
32 788
32 364
32 440
32 99
32 522
32 390
32 891
32 706
32 35
32 417
32 66
32 848
32 527
32 1023
32 253
32 334
32 677
32 121
32 328
32 818
32 1251
32 309
32 330
32 194
32 231
32 1118
32 1108
32 1045
32 1391
32 987
32 424
32 648
32 342
32 495
32 186
32 261
32 496
32 586
32 425
32 905
32 1270
32 874
32 825
32 979
32 624
32 1300
32 1174
32 866
32 610
32 573
32 185
32 349
32 1375
32 310
32 627
32 1356
32 433
32 1136
32 322
32 1016
32 630
32 1223
32 608
32 446
32 770
32 759
32 19
32 1028
32 659
32 1274
32 1000
32 853
32 554
32 132
32 1098
32 1110
32 1319
32 974
32 668
32 831
32 703
32 743
32 520
32 263
32 210
32 1373
32 675
32 188
32 1199
32 1284
32 1137
32 521
32 1073
32 1059
32 308
32 847
32 84
32 1053
32 484
32 620
32 794
32 1047
32 1066
32 1127
32 281
32 272
32 1220
32 302
32 8
32 267
32 1340
32 681
32 1337
32 775
32 661
32 1182
32 76
32 1333
32 59
32 36
32 295
32 1261
32 537
32 1015
32 1325
32 1191
32 168
32 1180
32 455
32 854
32 155
32 1343
32 198
32 327
32 1370
32 183
32 1056
32 1269
32 329
32 734
32 1165
32 180
32 475
32 1120
32 861
32 707
32 1271
32 211
32 1324
32 570
32 857
32 1218
32 1244
32 1311
32 227
32 964
32 1292
32 1172
32 29
32 93
32 362
32 80
32 776
32 278
32 487
32 82
32 758
32 443
32 523
32 966
32 765
32 723
32 509
32 1184
32 451
32 1052
32 827
32 1212
32 240
32 1321
32 137
32 452
32 753
32 1378
32 628
32 1383
32 1132
32 454
32 1235
32 317
32 1224
32 373
32 540
32 169
32 644
32 1258
32 1107
32 1209
32 1068
32 1246
32 1285
32 930
32 1368
32 437
32 271
32 97
32 297
32 461
32 197
32 940
32 1303
32 960
32 7
32 89
32 842
32 763
32 367
32 1336
32 384
32 1134
32 947
32 423
32 1178
32 504
32 1234
32 379
32 145
32 241
32 581
32 234
32 438
32 731
32 313
32 73
32 525
32 10
32 1079
32 612
32 965
32 1236
32 418
32 1130
32 355
32 1055
32 338
32 1013
32 873
32 1183
32 291
32 945
32 1072
32 932
32 885
32 306
32 1329
32 1352
32 740
32 529
32 897
32 1058
32 687
32 944
32 111
32 1289
32 1221
32 1021
32 68
32 1265
32 224
32 154
32 840
32 143
32 856
32 361
32 1141
32 412
32 164
32 1140
32 1067
32 1062
32 892
32 1081
32 251
32 131
32 1308
32 1374
32 1395
32 149
32 988
32 218
32 187
32 1190
32 953
32 660
32 515
32 1185
32 352
32 645
32 614
32 604
32 1009
32 1158
32 315
32 1050
32 872
32 489
32 704
32 1200
32 931
32 503
32 784
32 1330
32 582
32 1005
32 411
32 1238
32 1126
32 1122
32 54
32 1366
32 2
32 1281
32 1100
32 1148
32 639
32 1129
32 1228
32 748
32 1150
32 406
32 1019
32 532
32 116
32 812
32 1388
32 1065
32 1104
32 252
32 616
32 720
32 1092
32 895
32 119
32 167
32 1359
32 1233
32 574
32 927
32 694
32 319
32 1049
32 125
32 851
32 849
32 1360
32 1297
32 999
32 929
32 133
32 1331
32 890
32 1151
32 548
32 823
32 42
32 972
32 807
32 1071
32 375
32 887
32 1304
32 1257
32 37
32 1121
32 325
32 635
32 1070
32 913
32 176
32 448
32 477
32 403
32 617
32 435
32 245
32 249
32 1036
32 643
32 397
32 200
32 1349
32 1040
32 293
32 934
32 212
32 202
32 1196
32 1322
32 956
32 699
32 28
32 641
32 1131
32 967
32 575
32 730
32 462
32 744
32 656
32 646
32 9
32 1298
32 828
32 58
32 613
32 821
32 1216
32 1139
32 204
32 936
32 1061
32 566
32 961
32 1157
32 151
32 719
32 108
32 1
32 135
32 729
32 662
32 1339
32 1338
32 658
32 867
32 1167
32 1372
32 692
32 300
32 103
32 636
32 1168
32 1351
32 1082
32 1179
32 899
32 1128
32 1264
32 749
32 388
32 1051
32 174
32 79
32 1392
32 781
32 822
32 476
32 1018
32 1247
32 1239
32 810
32 682
32 894
32 170
32 453
32 1095
32 357
32 805
32 933
32 213
32 282
32 24
32 1342
32 246
32 109
32 764
32 219
32 989
32 908
32 1347
32 710
32 1380
32 441
32 837
32 1097
32 986
32 1226
32 806
32 811
32 695
32 1175
32 129
32 344
32 1147
32 798
