34 610
34 1153
34 516
34 1074
34 1062
34 431
34 252
34 795
34 799
34 672
34 594
34 280
34 1075
34 714
34 809
34 904
34 1155
34 1341
34 175
34 876
34 1243
34 141
34 907
34 598
34 520
34 372
34 188
34 179
34 1142
34 1350
34 430
34 1154
34 45
34 233
34 1353
34 124
34 800
34 608
34 681
34 185
34 602
34 665
34 808
34 923
34 925
34 1229
34 924
34 755
34 704
34 1286
34 971
34 171
34 421
34 604
34 311
34 645
34 618
34 230
34 993
34 184
34 312
34 26
34 140
34 429
34 1192
34 514
34 1305
34 182
34 1158
34 719
34 196
34 1106
34 204
34 266
34 609
34 1336
34 1204
34 553
34 791
34 1224
34 1197
34 529
34 1143
34 1211
34 434
34 84
34 154
34 37
34 772
34 782
34 256
34 314
34 9
34 38
34 1092
34 1349
34 484
34 544
34 575
34 40
34 1292
34 656
34 631
34 1287
34 803
34 535
34 634
34 1239
34 696
34 198
34 1354
34 229
34 1001
34 49
34 293
34 783
34 856
34 612
34 1163
34 790
34 695
34 295
34 1231
34 568
34 1066
34 494
34 68
34 65
34 109
34 581
34 1157
34 466
34 1093
34 14
34 60
34 969
34 1288
34 1151
34 625
34 370
34 327
34 958
34 8
34 812
34 600
34 1
34 1360
34 933
34 1008
34 970
34 186
34 1188
34 1313
34 927
34 572
34 239
34 819
34 928
34 35
34 569
34 1395
34 1033
34 1303
34 843
34 1274
34 689
34 1379
34 377
34 1169
34 197
34 1319
34 169
34 1281
34 997
34 1039
34 1109
34 491
34 1339
34 1212
34 567
34 662
34 595
34 1351
34 7
34 1318
34 99
34 294
34 1268
34 207
34 821
34 693
34 538
34 1216
34 78
34 1306
34 416
34 1342
34 1370
34 828
34 183
34 710
34 688
34 1367
34 76
34 272
34 603
34 542
34 1170
34 1246
34 999
34 1104
34 1372
34 781
34 332
34 709
34 1289
34 1120
34 125
34 1004
34 1316
34 227
34 373
34 628
34 364
34 776
34 442
34 174
34 1364
34 974
34 721
34 1378
34 874
34 443
34 1002
34 244
34 126
34 792
34 1242
34 1218
34 110
34 889
34 712
34 221
34 1380
34 1290
34 324
34 1173
34 243
34 315
34 986
34 677
34 215
34 123
34 1325
34 1317
34 1144
34 655
34 1338
34 527
34 905
34 234
34 79
34 959
34 1213
34 1095
34 1337
34 486
34 1094
34 212
34 887
34 763
34 841
34 463
34 1269
34 826
34 565
34 209
34 549
34 968
34 571
34 875
34 261
34 1323
34 222
34 1162
34 1227
34 105
34 189
34 80
34 94
34 1146
34 780
34 165
34 1177
34 713
34 623
34 673
34 44
34 552
34 1156
34 1297
34 102
34 1215
34 1352
34 640
34 74
34 193
34 1100
34 692
34 339
34 342
34 976
34 1381
34 797
34 975
34 794
34 1082
34 1311
34 638
34 19
34 671
34 892
34 50
34 232
34 1064
34 201
34 213
34 1230
34 991
34 953
34 1076
34 1247
34 540
34 658
34 497
34 838
34 1270
34 513
34 260
34 326
34 1209
34 1159
34 23
34 811
34 629
34 393
34 462
34 747
34 129
34 994
34 1083
34 627
34 245
34 749
34 711
34 678
34 73
34 946
34 87
34 1191
34 893
34 120
34 511
34 1320
34 374
34 992
34 855
34 1172
34 1130
34 646
34 823
34 57
34 133
34 1225
34 650
34 25
34 932
34 972
34 697
34 1249
34 550
34 1164
34 859
34 139
34 362
34 470
34 56
34 176
34 1309
34 966
34 1194
34 1116
34 1377
34 850
34 131
34 1362
34 1279
34 288
34 801
34 643
34 334
34 857
34 465
34 1253
34 316
34 490
34 1063
34 1081
34 331
34 251
34 636
34 34
34 1165
34 518
34 863
34 766
34 337
34 1296
34 2
34 1098
34 996
34 469
34 168
34 522
34 390
34 228
34 265
34 1400
34 1091
34 1145
34 43
34 912
34 1171
34 177
34 128
34 287
34 353
34 1161
34 1272
34 1205
34 205
34 566
34 700
34 503
34 1097
34 436
34 1199
34 741
34 173
34 505
34 679
34 89
34 284
34 258
34 495
34 299
34 444
34 878
34 519
34 798
34 815
34 1220
34 1387
34 208
34 267
34 82
34 818
34 319
34 371
34 96
34 306
34 870
34 899
34 897
34 1078
34 773
34 42
34 573
34 104
34 952
34 973
34 807
34 1221
34 1257
34 216
34 1310
34 345
34 685
34 30
34 95
34 445
34 836
34 796
34 762
34 1371
34 187
34 1030
34 81
34 317
34 517
34 330
34 29
34 1190
34 1068
34 926
34 286
34 474
34 1355
34 170
34 746
34 1222
34 380
34 1326
34 4
34 1009
34 202
34 496
34 1166
34 297
34 1232
34 90
34 806
34 960
34 664
34 365
34 1096
34 784
34 743
34 1131
34 51
34 1393
34 116
34 1065
34 406
34 21
34 1386
34 1223
34 554
34 1383
34 830
34 242
34 816
34 219
34 1139
34 304
34 858
34 344
34 1361
34 694
34 381
34 943
34 195
34 135
34 1324
34 214
34 593
34 1111
34 291
34 1263
34 701
34 375
34 1271
34 559
34 987
34 715
34 262
34 464
34 275
34 454
34 804
34 751
34 448
34 848
34 132
34 1333
34 328
34 844
34 666
34 254
34 274
34 1056
34 759
34 865
34 983
34 917
34 437
34 1069
34 699
34 347
34 1307
34 590
34 72
34 340
34 534
34 1114
34 822
34 1277
34 686
34 730
34 1019
34 53
34 894
34 909
34 651
34 902
34 318
34 597
34 303
34 847
34 825
34 649
34 633
34 675
34 145
34 667
34 1343
34 142
34 1126
34 55
34 1265
34 1252
34 282
34 156
34 1147
34 737
34 296
34 11
34 36
34 246
34 355
34 939
34 217
34 1119
34 657
34 210
34 1335
34 896
34 481
34 1167
34 849
34 739
34 1031
34 1099
34 954
34 769
34 1331
34 33
34 757
34 427
34 423
34 449
34 117
34 85
34 547
34 606
34 546
34 635
34 450
34 1237
34 846
34 845
34 1396
34 528
34 432
34 1110
34 1132
34 403
34 435
34 433
34 754
34 690
34 249
34 397
34 930
34 69
34 346
34 1373
34 536
34 61
34 1047
34 1259
34 1196
34 489
34 941
34 956
34 52
34 562
34 269
34 548
34 998
34 1241
34 1366
34 147
34 190
34 1273
34 653
34 447
34 765
34 225
34 58
34 417
34 613
34 615
34 580
34 1072
34 1295
34 1282
34 1207
34 961
34 543
34 574
34 39
34 220
34 395
34 1217
34 1251
34 506
34 349
34 338
34 1013
34 259
34 308
34 827
34 729
34 919
34 166
34 867
34 601
34 363
34 760
34 1077
34 1184
34 661
34 152
34 211
34 59
34 1128
34 620
34 290
34 576
34 1264
34 839
34 964
34 1107
34 942
34 456
34 531
34 788
34 1051
34 1346
34 1115
34 1322
34 707
34 1018
34 614
34 541
34 453
34 276
34 240
34 1057
34 114
34 24
34 172
34 151
34 683
34 1235
34 624
34 962
34 493
34 560
34 764
34 660
34 1375
34 1300
34 100
34 270
34 1203
34 66
34 441
34 401
34 753
34 1321
34 83
34 1040
34 588
34 199
34 163
34 1201
34 329
