35 1244
35 724
35 1208
35 1203
35 75
35 654
35 1327
35 488
35 1389
35 319
35 169
35 1276
35 151
35 65
35 166
35 925
35 1189
35 720
35 297
35 875
35 1084
35 1312
35 64
35 132
35 665
35 296
35 190
35 1314
35 998
35 1286
35 185
35 1156
35 1319
35 541
35 1184
35 583
35 1268
35 1274
35 73
35 745
35 167
35 159
35 411
35 1234
35 1003
35 1103
35 1061
35 207
35 310
35 1160
35 1288
35 335
35 456
35 209
35 72
35 439
35 110
35 1322
35 1315
35 39
35 317
35 186
35 402
35 975
35 913
35 256
35 515
35 493
35 792
35 262
35 1220
35 125
35 1077
35 161
35 236
35 349
35 517
35 171
35 334
35 1007
35 1237
35 899
35 375
35 428
35 1199
35 208
35 1321
35 472
35 341
35 1173
35 332
35 556
35 403
35 410
35 1009
35 575
35 865
35 1006
35 437
35 903
35 656
35 337
35 722
35 721
35 798
35 1143
35 193
35 495
35 101
35 113
35 353
35 568
35 844
35 1180
35 663
35 1269
35 1109
35 1144
35 247
35 1245
35 557
35 1157
35 1303
35 727
35 204
35 415
35 609
35 217
35 291
35 156
35 974
35 183
35 1363
35 178
35 266
35 480
35 983
35 263
35 482
35 1063
35 942
35 1248
35 1181
35 1107
35 68
35 170
35 739
35 235
35 1072
35 331
35 1170
35 2
35 344
35 1390
35 147
35 71
35 1374
35 895
35 1380
35 1114
35 1206
35 1190
35 504
35 1185
35 1313
35 1252
35 1364
35 640
35 518
35 142
35 46
35 586
35 328
35 114
35 1198
35 741
35 1381
35 253
35 612
35 677
35 569
35 119
35 1329
35 308
35 1391
35 1139
35 370
35 1318
35 630
35 1179
35 1278
35 1356
35 421
35 108
35 625
35 33
35 1151
35 329
35 807
35 1379
35 42
35 398
35 1082
35 345
35 1372
35 1375
35 233
35 279
35 1317
35 1295
35 1088
35 373
35 405
35 330
35 467
35 926
35 800
35 1047
35 177
35 223
35 281
35 1226
35 192
35 805
35 1083
35 340
35 131
35 595
35 1238
35 591
35 1383
35 1267
35 252
35 385
35 1393
35 181
35 175
35 318
35 607
35 27
35 572
35 427
35 240
35 301
35 684
35 25
35 264
35 594
35 1111
35 213
35 1310
35 201
35 629
35 508
35 1367
35 506
35 343
35 906
35 355
35 470
35 523
35 650
35 486
35 928
35 1125
35 1399
35 93
35 481
35 728
35 552
35 1105
35 1335
35 527
35 1021
35 315
35 1035
35 839
35 529
35 935
35 388
35 736
35 576
35 1056
35 168
35 22
35 461
35 804
35 1221
35 868
35 1230
35 822
35 273
35 806
35 917
35 1249
35 1266
35 228
35 730
35 735
35 1026
35 435
35 828
35 549
35 206
35 540
35 469
35 810
35 265
35 1296
35 494
35 933
35 1057
35 645
35 69
35 1225
35 958
35 248
35 1227
35 674
35 105
35 215
35 422
35 1186
35 84
35 1079
35 503
35 1287
35 1133
35 700
35 577
35 85
35 967
35 365
35 366
35 221
35 1183
35 1228
35 896
35 1301
35 939
35 414
35 897
35 1058
35 18
35 270
35 1078
35 574
35 706
35 35
35 1300
35 15
35 136
35 1396
35 1255
35 360
35 1041
35 1110
35 608
35 176
35 829
35 947
35 1257
35 216
35 754
35 425
35 803
35 571
35 103
35 342
35 793
35 725
35 1117
35 1202
35 309
35 489
35 1316
35 1264
35 1258
35 1153
35 1200
35 777
35 123
35 784
35 811
35 496
35 1334
35 743
35 462
35 1147
35 367
35 817
35 1182
35 1044
35 852
35 34
35 1273
35 406
35 45
35 311
35 128
35 623
35 538
35 237
35 649
35 384
35 417
35 368
35 949
35 304
35 646
35 1298
35 112
35 644
35 891
35 1197
35 1284
35 579
35 357
35 814
35 195
35 97
35 1154
35 197
35 890
35 511
35 694
35 1015
35 733
35 1134
35 740
35 1010
35 1089
35 49
35 188
35 962
35 519
35 794
35 454
35 1279
35 290
35 245
35 1246
35 1051
35 179
35 1128
35 1204
35 781
35 707
35 419
35 1169
35 555
35 767
35 78
35 1307
35 693
35 1229
35 889
35 902
35 187
35 1136
35 1247
35 825
35 276
35 697
35 1242
35 1122
35 1352
35 536
35 1265
35 993
35 1373
35 205
35 144
35 1212
35 779
35 1235
35 99
35 115
35 1119
35 149
35 756
35 1127
35 660
35 732
35 364
35 100
35 94
35 1330
35 692
35 1347
35 1097
35 782
35 1239
35 857
35 874
35 96
35 212
35 401
35 695
35 89
35 827
35 976
35 83
