36 1
36 10
36 100
36 1000
36 1001
36 1002
36 1003
36 1004
36 1005
36 1006
36 1007
36 1008
36 1009
36 101
36 1010
36 1011
36 1012
36 1013
36 1014
36 1015
36 1016
36 1017
36 1018
36 1019
36 102
36 1020
36 1021
36 1022
36 1023
36 1024
36 1025
36 1026
36 1027
36 1028
36 1029
36 103
36 1030
36 1031
36 1032
36 1033
36 1034
36 1035
36 1036
36 1037
36 1038
36 1039
36 104
36 1040
36 1041
36 1042
36 1043
36 1044
36 1045
36 1046
36 1047
36 1048
36 1049
36 105
36 1050
36 1051
36 1052
36 1053
36 1054
36 1055
36 1056
36 1057
36 1058
36 1059
36 106
36 1060
36 1061
36 1062
36 1063
36 1064
36 1065
36 1066
36 1067
36 1068
36 1069
36 107
36 1070
36 1071
36 1072
36 1073
36 1074
36 1075
36 1076
36 1077
36 1078
36 1079
36 108
36 1080
36 1081
36 1082
36 1083
36 1084
36 1085
36 1086
36 1087
36 1088
36 1089
36 109
36 1090
36 1091
36 1092
36 1093
36 1094
36 1095
36 1096
36 1097
36 1098
36 1099
36 11
36 110
36 1100
36 1101
36 1102
36 1103
36 1104
36 1105
36 1106
36 1107
36 1108
36 1109
36 111
36 1110
36 1111
36 1112
36 1113
36 1114
36 1115
36 1116
36 1117
36 1118
36 1119
36 112
36 1120
36 1121
36 1122
36 1123
36 1124
36 1125
36 1126
36 1127
36 1128
36 1129
36 113
36 1130
36 1131
36 1132
36 1133
36 1134
36 1135
36 1136
36 1137
36 1138
36 1139
36 114
36 1140
36 1141
36 1142
36 1143
36 1144
36 1145
36 1146
36 1147
36 1148
36 1149
36 115
36 1150
36 1151
36 1152
36 1153
36 1154
36 1155
36 1156
36 1157
36 1158
36 1159
36 116
36 1160
36 1161
36 1162
36 1163
36 1164
36 1165
36 1166
36 1167
36 1168
36 1169
36 117
36 1170
36 1171
36 1172
36 1173
36 1174
36 1175
36 1176
36 1177
36 1178
36 1179
36 118
36 1180
36 1181
36 1182
36 1183
36 1184
36 1185
36 1186
36 1187
36 1188
36 1189
36 119
36 1190
36 1191
36 1192
36 1193
36 1194
36 1195
36 1196
36 1197
36 1198
36 1199
36 12
36 120
36 1200
36 1201
36 1202
36 1203
36 1204
36 1205
36 1206
36 1207
36 1208
36 1209
36 121
36 1210
36 1211
36 1212
36 1213
36 1214
36 1215
36 1216
36 1217
36 1218
36 1219
36 122
36 1220
36 1221
36 1222
36 1223
36 1224
36 1225
36 1226
36 1227
36 1228
36 1229
36 123
36 1230
36 1231
36 1232
36 1233
36 1234
36 1235
36 1236
36 1237
36 1238
36 1239
36 124
36 1240
36 1241
36 1242
36 1243
36 1244
36 1245
36 1246
36 1247
36 1248
36 1249
36 125
36 1250
36 1251
36 1252
36 1253
36 1254
36 1255
36 1256
36 1257
36 1258
36 1259
36 126
36 1260
36 1261
36 1262
36 1263
36 1264
36 1265
36 1266
36 1267
36 1268
36 1269
36 127
36 1270
36 1271
36 1272
36 1273
36 1274
36 1275
36 1276
36 1277
36 1278
36 1279
36 128
36 1280
36 1281
36 1282
36 1283
36 1284
36 1285
36 1286
36 1287
36 1288
36 1289
36 129
36 1290
36 1291
36 1292
36 1293
36 1294
36 1295
36 1296
36 1297
36 1298
36 1299
36 13
36 130
36 1300
36 1301
36 1302
36 1303
36 1304
36 1305
36 1306
36 1307
36 1308
36 1309
36 131
36 1310
36 1311
36 1312
36 1313
36 1314
36 1315
36 1316
36 1317
36 1318
36 1319
36 132
36 1320
36 1321
36 1322
36 1323
36 1324
36 1325
36 1326
36 1327
36 1328
36 1329
36 133
36 1330
36 1331
36 1332
36 1333
36 1334
36 1335
36 1336
36 1337
36 1338
36 1339
36 134
36 1340
36 1341
36 1342
36 1343
36 1344
36 1345
36 1346
36 1347
36 1348
36 1349
36 135
36 1350
36 1351
36 1352
36 1353
36 1354
36 1355
36 1356
36 1357
36 1358
36 1359
36 136
36 1360
36 1361
36 1362
36 1363
36 1364
36 1365
36 1366
36 1367
36 1368
36 1369
36 137
36 1370
36 1371
36 1372
36 1373
36 1374
36 1375
36 1376
36 1377
36 1378
36 1379
36 138
36 1380
36 1381
36 1382
36 1383
36 1384
36 1385
36 1386
36 1387
36 1388
36 1389
36 139
36 1390
36 1391
36 1392
36 1393
36 1394
36 1395
36 1396
36 1397
36 1398
36 1399
36 14
36 140
36 1400
36 141
36 142
36 143
36 144
36 145
36 146
36 147
36 148
36 149
36 15
36 150
36 151
36 152
36 153
36 154
36 155
36 156
36 157
36 158
36 159
36 16
36 160
36 161
36 162
36 163
36 164
36 165
36 166
36 167
36 168
36 169
36 17
36 170
36 171
36 172
36 173
36 174
36 175
36 176
36 177
36 178
36 179
36 18
36 180
36 181
36 182
36 183
36 184
36 185
36 186
36 187
36 188
36 189
36 19
36 190
36 191
36 192
36 193
36 194
36 195
36 196
36 197
36 198
36 199
36 2
36 20
36 200
36 201
36 202
36 203
36 204
36 205
36 206
36 207
36 208
36 209
36 21
36 210
36 211
36 212
36 213
36 214
36 215
36 216
36 217
36 218
36 219
36 22
36 220
36 221
36 222
36 223
36 224
36 225
36 226
36 227
36 228
36 229
36 23
36 230
36 231
36 232
36 233
36 234
36 235
36 236
36 237
36 238
36 239
36 24
36 240
36 241
36 242
36 243
36 244
36 245
36 246
36 247
36 248
36 249
36 25
36 250
36 251
36 252
36 253
36 254
36 255
36 256
36 257
36 258
36 259
36 26
36 260
36 261
36 262
36 263
36 264
36 265
36 266
36 267
36 268
36 269
36 27
36 270
36 271
36 272
36 273
36 274
36 275
36 276
36 277
36 278
36 279
36 28
36 280
36 281
36 282
36 283
36 284
36 285
36 286
36 287
36 288
36 289
36 29
36 290
36 291
36 292
36 293
36 294
36 295
36 296
36 297
36 298
36 299
36 3
36 30
36 300
36 301
36 302
36 303
36 304
36 305
36 306
36 307
36 308
36 309
36 31
36 310
36 311
36 312
36 313
36 314
36 315
36 316
36 317
36 318
36 319
36 32
36 320
36 321
36 322
36 323
36 324
36 325
36 326
36 327
36 328
36 329
36 33
36 330
36 331
36 332
36 333
36 334
36 335
36 336
36 337
36 338
36 339
36 34
36 340
36 341
36 342
36 343
36 344
36 345
36 346
36 347
36 348
36 349
36 35
36 350
36 351
36 352
36 353
36 354
36 355
36 356
36 357
36 358
36 359
36 36
36 360
36 361
36 362
36 363
36 364
36 365
36 366
36 367
36 368
36 369
36 37
36 370
36 371
36 372
36 373
36 374
36 375
36 376
36 377
36 378
36 379
36 38
36 380
36 381
36 382
36 383
36 384
36 385
36 386
36 387
36 388
36 389
36 39
36 390
36 391
36 392
36 393
36 394
36 395
36 396
36 397
36 398
36 399
36 4
36 40
36 400
36 401
36 402
36 403
36 404
36 405
36 406
36 407
36 408
36 409
36 41
36 410
36 411
36 412
36 413
36 414
36 415
36 416
36 417
36 418
36 419
36 42
36 420
36 421
36 422
36 423
36 424
36 425
36 426
36 427
36 428
36 429
36 43
36 430
36 431
36 432
36 433
36 434
36 435
36 436
36 437
36 438
36 439
36 44
36 440
36 441
36 442
36 443
36 444
36 445
36 446
36 447
36 448
36 449
36 45
36 450
36 451
36 452
36 453
36 454
36 455
36 456
36 457
36 458
36 459
36 46
36 460
36 461
36 462
36 463
36 464
36 465
36 466
36 467
36 468
36 469
36 47
36 470
36 471
36 472
36 473
36 474
36 475
36 476
36 477
36 478
36 479
36 48
36 480
36 481
36 482
36 483
36 484
36 485
36 486
36 487
36 488
36 489
36 49
36 490
36 491
36 492
36 493
36 494
36 495
36 496
36 497
36 498
36 499
36 5
36 50
36 500
36 501
36 502
36 503
36 504
36 505
36 506
36 507
36 508
36 509
36 51
36 510
36 511
36 512
36 513
36 514
36 515
36 516
36 517
36 518
36 519
36 52
36 520
36 521
36 522
36 523
36 524
36 525
36 526
36 527
36 528
36 529
36 53
36 530
36 531
36 532
36 533
36 534
36 535
36 536
36 537
36 538
36 539
36 54
36 540
36 541
36 542
36 543
36 544
36 545
36 546
36 547
36 548
36 549
36 55
36 550
36 551
36 552
36 553
36 554
36 555
36 556
36 557
36 558
36 559
36 56
36 560
36 561
36 562
36 563
36 564
36 565
36 566
36 567
36 568
36 569
36 57
36 570
36 571
36 572
36 573
36 574
36 575
36 576
36 577
36 578
36 579
36 58
36 580
36 581
36 582
36 583
36 584
36 585
36 586
36 587
36 588
36 589
36 59
36 590
36 591
36 592
36 593
36 594
36 595
36 596
36 597
36 598
36 599
36 6
36 60
36 600
36 601
36 602
36 603
36 604
36 605
36 606
36 607
36 608
36 609
36 61
36 610
36 611
36 612
36 613
36 614
36 615
36 616
36 617
36 618
36 619
36 62
36 620
36 621
36 622
36 623
36 624
36 625
36 626
36 627
36 628
36 629
36 63
36 630
36 631
36 632
36 633
36 634
36 635
36 636
36 637
36 638
36 639
36 64
36 640
36 641
36 642
36 643
36 644
36 645
36 646
36 647
36 648
36 649
36 65
36 650
36 651
36 652
36 653
36 654
36 655
36 656
36 657
36 658
36 659
36 66
36 660
36 661
36 662
36 663
36 664
36 665
36 666
36 667
36 668
36 669
36 67
36 670
36 671
36 672
36 673
36 674
36 675
36 676
36 677
36 678
36 679
36 68
36 680
36 681
36 682
36 683
36 684
36 685
36 686
36 687
36 688
36 689
36 69
36 690
36 691
36 692
36 693
36 694
36 695
36 696
36 697
36 698
36 699
36 7
36 70
36 700
36 701
36 702
36 703
36 704
36 705
36 706
36 707
36 708
36 709
36 71
36 710
36 711
36 712
36 713
36 714
36 715
36 716
36 717
36 718
36 719
36 72
36 720
36 721
36 722
36 723
36 724
36 725
36 726
36 727
36 728
36 729
36 73
36 730
36 731
36 732
36 733
36 734
36 735
36 736
36 737
36 738
36 739
36 74
36 740
36 741
36 742
36 743
36 744
36 745
36 746
36 747
36 748
36 749
36 75
36 750
36 751
36 752
36 753
36 754
36 755
36 756
36 757
36 758
36 759
36 76
36 760
36 761
36 762
36 763
36 764
36 765
36 766
36 767
36 768
36 769
36 77
36 770
36 771
36 772
36 773
36 774
36 775
36 776
36 777
36 778
36 779
36 78
36 780
36 781
36 782
36 783
36 784
36 785
36 786
36 787
36 788
36 789
36 79
36 790
36 791
36 792
36 793
36 794
36 795
36 796
36 797
36 798
36 799
36 8
36 80
36 800
36 801
36 802
36 803
36 804
36 805
36 806
36 807
36 808
36 809
36 81
36 810
36 811
36 812
36 813
36 814
36 815
36 816
36 817
36 818
36 819
36 82
36 820
36 821
36 822
36 823
36 824
36 825
36 826
36 827
36 828
36 829
36 83
36 830
36 831
36 832
36 833
36 834
36 835
36 836
36 837
36 838
36 839
36 84
36 840
36 841
36 842
36 843
36 844
36 845
36 846
36 847
36 848
36 849
36 85
36 850
36 851
36 852
36 853
36 854
36 855
36 856
36 857
36 858
36 859
36 86
36 860
36 861
36 862
36 863
36 864
36 865
36 866
36 867
36 868
36 869
36 87
36 870
36 871
36 872
36 873
36 874
36 875
36 876
36 877
36 878
36 879
36 88
36 880
36 881
36 882
36 883
36 884
36 885
36 886
36 887
36 888
36 889
36 89
36 890
36 891
36 892
36 893
36 894
36 895
36 896
36 897
36 898
36 899
36 9
36 90
36 900
36 901
36 902
36 903
36 904
36 905
36 906
36 907
36 908
36 909
36 91
36 910
36 911
36 912
36 913
36 914
36 915
36 916
36 917
36 918
36 919
36 92
36 920
36 921
36 922
36 923
36 924
36 925
36 926
36 927
36 928
36 929
36 93
36 930
36 931
36 932
36 933
36 934
36 935
36 936
36 937
36 938
36 939
36 94
36 940
36 941
36 942
36 943
36 944
36 945
36 946
36 947
36 948
36 949
36 95
36 950
36 951
36 952
36 953
36 954
36 955
36 956
36 957
36 958
36 959
36 96
36 960
36 961
36 962
36 963
36 964
36 965
36 966
36 967
36 968
36 969
36 97
36 970
36 971
36 972
36 973
36 974
36 975
36 976
36 977
36 978
36 979
36 98
36 980
36 981
36 982
36 983
36 984
36 985
36 986
36 987
36 988
36 989
36 99
36 990
36 991
36 992
36 993
36 994
36 995
36 996
36 997
36 998
36 999
