38 1141
38 295
38 536
38 976
38 979
38 154
38 272
38 1264
38 294
38 1368
38 1196
38 1211
38 1152
38 1205
38 93
38 79
38 563
38 1278
38 1381
38 182
38 418
38 522
38 505
38 446
38 186
38 796
38 315
38 360
38 43
38 40
38 1082
38 126
38 41
38 1239
38 19
38 1080
38 1391
38 1183
38 289
38 160
38 433
38 373
38 293
38 9
38 17
38 1112
38 96
38 409
38 282
38 927
38 25
38 7
38 279
38 1310
38 318
38 537
38 146
38 89
38 121
38 1279
38 207
38 97
38 1284
38 1300
38 27
38 981
38 556
38 8
38 558
38 26
38 372
38 233
38 35
38 1373
38 299
38 37
38 36
38 992
38 1238
38 1262
38 338
38 332
38 568
38 1201
38 1247
38 327
38 337
38 80
38 192
38 688
38 187
38 228
38 525
38 53
38 1274
38 1002
38 1198
38 1319
38 301
38 670
38 1040
38 85
38 544
38 1231
38 808
38 122
38 369
38 523
38 800
38 573
38 1105
38 1394
38 672
38 803
38 531
38 843
38 625
38 1158
38 383
38 655
38 498
38 1212
38 527
38 24
38 799
38 690
38 666
38 535
38 359
38 925
38 124
38 665
38 850
38 714
38 577
38 710
38 196
38 1253
38 266
38 232
38 585
38 395
38 125
38 1220
38 494
38 599
38 56
38 774
38 1369
38 307
38 92
38 574
38 1157
38 1243
38 1230
38 572
38 674
38 637
38 134
38 723
38 708
38 1153
38 20
38 816
38 570
38 283
38 1085
38 314
38 1179
38 148
38 1197
38 346
38 633
38 1395
38 1360
38 1301
38 1305
38 123
38 57
38 1309
38 138
38 1124
38 234
38 1062
38 528
38 305
38 495
38 959
38 1214
38 965
38 1255
38 540
38 923
38 166
38 541
38 530
38 1378
38 569
38 421
38 1393
38 504
38 447
38 120
38 334
38 1261
38 587
38 1299
38 1016
38 1390
38 1184
38 1188
38 610
38 1304
38 1200
38 2
38 199
38 449
38 1292
38 432
38 278
38 487
38 142
38 1033
38 1356
38 415
38 1162
38 1006
38 177
38 996
38 806
38 197
38 106
38 943
38 341
38 1242
38 576
38 1234
38 1074
38 414
38 1272
38 184
38 1089
38 889
38 1400
38 975
38 58
38 926
38 960
38 1163
38 1353
38 626
38 467
38 311
38 1248
38 1232
38 1117
38 683
38 410
38 231
38 1209
38 297
38 1043
38 1093
38 147
38 371
38 946
38 668
38 135
38 1154
38 830
38 469
38 323
38 261
38 983
38 1311
38 45
38 553
38 733
38 1052
38 567
38 475
38 1371
38 183
38 248
38 1193
38 1270
38 161
38 68
38 508
38 1108
38 542
38 101
38 39
38 1354
38 1005
38 707
38 434
38 375
38 1379
38 802
38 1076
38 1329
38 363
38 824
38 1296
38 826
38 252
38 689
38 1287
38 656
38 801
38 1075
38 1285
38 152
38 922
38 869
38 604
38 1009
38 1382
38 1218
38 28
38 335
38 73
38 181
38 44
38 440
38 1003
38 839
38 69
38 552
38 94
38 822
38 609
38 712
38 173
38 1051
38 993
38 1277
38 1263
38 1257
38 114
38 526
38 1297
38 575
38 978
38 924
38 651
38 329
38 798
38 559
38 557
38 401
38 1380
38 711
38 357
38 171
38 1328
38 435
38 330
38 1104
38 1377
38 1290
38 815
38 1204
38 370
38 436
38 426
38 1229
38 308
38 364
38 1260
38 284
38 456
38 212
38 273
38 235
38 1259
38 211
38 1147
38 1057
38 586
38 1210
38 131
38 115
38 766
38 967
38 1318
38 896
38 1313
38 744
38 747
38 384
38 1114
38 991
38 84
38 1291
38 663
38 1213
38 247
38 785
38 561
38 611
38 1352
38 1039
38 1097
38 333
38 1281
38 117
38 347
38 921
38 1189
38 859
38 1324
38 349
38 836
38 133
38 176
38 972
38 794
38 662
38 1271
38 966
38 667
38 1177
38 1159
38 849
38 629
38 179
38 969
38 1224
38 1151
38 792
38 468
38 1170
38 1106
38 355
38 939
38 1044
38 1187
38 1273
38 758
38 1351
38 481
38 354
38 319
38 63
38 229
38 328
38 809
38 1087
38 520
38 458
38 593
38 1363
38 326
38 317
38 933
38 420
38 267
38 1374
38 263
38 987
38 870
38 497
38 564
38 602
38 899
38 477
38 1134
38 459
38 431
38 428
38 230
38 858
38 310
38 438
38 1346
38 1007
38 336
38 158
38 623
38 1268
38 441
38 1111
38 163
38 188
38 78
38 353
38 588
38 738
38 1350
38 64
38 813
38 304
38 994
38 1295
38 902
38 1149
38 492
38 1252
38 465
38 49
38 1219
38 1140
38 571
38 288
38 811
38 488
38 907
38 342
38 555
38 501
38 244
38 225
38 33
38 1349
38 1161
38 205
38 356
38 757
38 344
38 701
38 846
38 918
38 1321
38 797
38 686
38 105
38 296
38 1392
38 110
38 1029
38 886
38 827
38 87
38 119
38 657
38 493
38 1166
38 548
38 100
38 1325
38 129
38 973
38 1019
38 547
38 947
38 216
38 13
38 997
38 901
38 1072
38 473
38 1245
38 916
38 989
38 1035
38 1241
38 603
38 1065
38 580
38 554
38 814
38 204
38 566
38 77
38 719
38 717
38 1240
38 605
38 1303
38 259
38 300
38 661
38 1194
38 292
38 1336
38 718
38 452
38 172
38 962
38 499
38 423
38 174
38 1202
38 1047
