39 272
39 1205
39 1264
39 295
39 9
39 37
39 346
39 43
39 293
39 1278
39 1257
39 315
39 79
39 1381
39 505
39 418
39 294
39 536
39 40
39 41
39 1211
39 113
39 207
39 337
39 959
39 522
39 96
39 1300
39 655
39 7
39 330
39 8
39 1383
39 53
39 182
39 1284
39 80
39 4
39 187
39 1155
39 1220
39 130
39 671
39 504
39 304
39 996
39 3
39 1302
39 992
39 314
39 260
39 1154
39 24
39 1215
39 1225
39 134
39 125
39 1364
39 458
39 862
39 72
39 568
39 336
39 1080
39 933
39 668
39 171
39 335
39 83
39 192
39 406
39 265
39 395
39 1076
39 1055
39 1149
39 366
39 376
39 256
39 142
39 899
39 690
39 774
39 1201
39 326
39 1301
39 664
39 798
39 1263
39 610
39 457
39 261
39 338
39 358
39 345
39 1391
39 796
39 1281
39 1382
39 365
39 526
39 1384
39 1355
39 629
39 460
39 569
39 1365
39 1158
39 126
39 341
39 123
39 186
39 16
39 199
39 558
39 133
39 1245
39 525
39 1241
39 170
39 306
39 2
39 661
39 1162
39 339
39 364
39 11
39 459
39 1311
39 344
39 1268
39 527
39 255
39 562
39 333
39 547
39 189
39 479
39 1089
39 461
39 570
39 710
39 89
39 381
39 1199
39 71
39 309
39 1192
39 739
39 1163
39 135
39 1386
39 401
39 484
39 1235
39 1324
39 550
39 623
39 271
39 535
39 1093
39 145
39 972
39 794
39 348
39 55
39 105
39 1261
39 54
39 1366
39 94
39 383
39 573
39 393
39 1260
39 343
39 334
39 1182
39 413
39 355
39 1240
39 329
39 21
39 1394
39 375
39 377
39 564
39 1254
39 155
39 977
39 462
39 1287
39 180
39 475
39 111
39 62
39 563
39 1188
39 291
39 382
39 572
39 322
39 912
39 1228
39 50
39 107
39 236
39 23
39 440
39 579
39 565
39 540
39 76
39 859
39 1013
39 824
39 17
39 873
39 766
39 1214
39 1185
39 352
39 328
39 1395
39 310
39 254
39 166
39 630
39 552
39 316
39 150
39 349
39 628
39 571
39 347
39 307
39 666
39 1100
39 1322
39 804
39 667
39 881
39 1109
39 439
39 25
39 300
39 478
39 45
39 212
39 1198
39 744
39 317
39 810
39 148
39 1244
39 1325
39 308
39 1200
39 34
39 1222
39 789
39 646
39 493
39 74
39 1385
39 363
39 240
39 244
39 1372
39 327
39 481
39 63
39 1321
39 672
39 1351
39 734
39 611
39 688
39 292
39 1104
39 1251
39 788
39 121
39 73
39 658
39 1237
39 528
39 417
39 858
39 305
39 1213
39 435
39 1170
39 754
39 961
39 991
39 397
39 209
39 979
39 321
39 1226
39 872
39 925
39 784
39 943
39 124
39 91
39 962
39 662
39 353
39 965
39 538
39 537
39 242
39 241
39 1282
39 1309
39 1040
39 529
39 1236
39 946
39 856
39 935
39 191
39 273
39 22
39 948
39 559
39 117
39 940
39 378
39 1323
39 325
39 1354
39 342
39 1147
39 652
39 59
39 855
39 477
39 165
39 441
39 663
39 47
39 1107
39 1142
39 1368
39 645
39 927
39 892
39 978
39 340
39 731
39 394
39 324
39 112
39 318
39 651
39 303
39 119
39 761
39 205
39 589
39 128
39 974
39 502
39 320
39 1180
39 1370
39 1353
39 299
39 36
39 625
39 939
39 1274
39 410
39 386
39 560
39 1191
39 188
39 1319
39 416
39 1189
39 1053
39 101
39 1209
39 861
39 981
39 1375
39 388
39 944
39 785
39 1184
39 1288
39 422
39 1106
39 973
39 474
39 827
39 179
39 648
39 608
39 104
39 553
39 487
39 1210
39 266
39 90
39 659
39 854
39 587
39 808
39 585
39 1250
39 773
39 604
39 61
39 84
39 489
39 1056
39 576
39 960
39 934
39 1356
39 269
39 12
39 311
39 551
39 140
39 1187
39 399
39 425
39 1216
39 601
39 131
39 5
39 1072
39 220
39 1157
39 222
39 620
39 679
39 97
39 127
39 1
39 1083
39 1299
39 465
39 323
39 1253
39 689
39 267
39 903
39 264
39 298
39 607
39 964
39 1310
39 799
39 1307
39 362
39 1126
39 455
39 555
39 373
39 495
39 665
39 1377
39 115
39 1349
39 276
39 976
39 736
39 1212
39 518
39 1061
39 472
39 282
39 172
39 78
39 49
39 228
39 1304
39 542
39 1262
39 889
39 826
39 6
39 584
39 700
39 556
39 452
39 168
39 424
39 174
39 1233
39 149
39 1043
39 626
39 851
39 173
39 732
39 580
39 792
39 696
39 685
39 359
39 450
39 843
39 1041
39 1008
39 257
39 476
39 1036
39 721
39 771
39 857
39 496
39 1181
39 1259
39 1047
39 641
39 1371
39 1347
39 391
39 456
39 1273
39 531
39 60
39 830
39 18
39 644
39 195
39 541
39 1193
39 733
39 1219
39 966
39 296
39 454
39 448
39 1224
39 227
39 1246
39 643
39 1167
39 686
39 730
39 1059
39 163
39 160
39 1313
39 151
39 1387
39 997
39 1082
39 1248
39 1292
39 837
39 1271
39 432
39 1344
39 1195
