4 410
4 1061
4 166
4 488
4 1374
4 103
4 236
4 167
4 1010
4 575
4 185
4 1189
4 355
4 1241
4 1073
4 1252
4 1011
4 552
4 1275
4 943
4 1315
4 259
4 574
4 24
4 401
4 1180
4 1296
4 38
4 1295
4 517
4 1312
4 1085
4 317
4 188
4 328
4 1199
4 435
4 583
4 179
4 1242
4 110
4 587
4 362
4 625
4 1286
4 541
4 1072
4 101
4 536
4 656
4 1255
4 851
4 914
4 996
4 1198
4 827
4 1023
4 168
4 332
4 1026
4 1202
4 645
4 855
4 576
4 344
4 73
4 562
4 1237
4 968
4 437
4 819
4 1254
4 1311
4 273
4 976
4 1192
4 979
4 319
4 784
4 121
4 349
4 1009
4 456
4 1185
4 176
4 917
4 327
4 159
4 1123
4 975
4 493
4 539
4 375
4 1221
4 1308
4 378
4 283
4 1230
4 1077
4 1182
4 1285
4 556
4 86
4 487
4 1183
4 195
4 1160
4 263
4 939
4 193
4 824
4 221
4 303
4 1309
4 31
4 494
4 870
4 499
4 557
4 381
4 843
4 1191
4 889
4 570
4 540
4 169
4 190
4 58
4 611
4 189
4 380
4 691
4 470
4 658
4 1307
4 1003
4 662
4 122
4 1297
4 623
4 484
4 461
4 777
4 1320
4 173
4 145
4 769
4 352
4 744
4 1053
4 1076
4 665
4 27
4 217
4 1209
4 618
4 345
4 17
4 519
4 1283
4 140
4 940
4 363
4 280
4 1121
4 571
4 421
4 566
4 998
4 314
4 336
4 1054
4 417
4 1031
4 1024
4 365
4 1059
4 170
4 43
4 1006
4 765
4 1056
4 1171
4 20
4 1372
4 1274
4 595
4 999
4 1375
4 919
4 97
4 861
4 1319
4 449
4 22
4 186
4 211
4 306
4 564
4 163
4 125
4 165
4 404
4 208
4 300
4 1030
4 28
4 255
4 951
4 402
4 282
4 1109
4 572
4 135
4 830
4 85
4 928
4 949
4 956
4 35
4 1304
4 4
4 961
4 1104
4 802
4 191
4 174
4 916
4 126
4 660
4 346
4 600
4 1391
4 441
4 496
4 1224
4 457
4 1342
4 835
4 1
4 703
4 825
4 333
4 1143
4 1213
4 872
4 451
4 903
4 754
4 1074
4 184
4 1360
4 138
4 926
4 892
4 816
4 242
4 850
4 741
4 560
4 579
4 689
4 829
4 534
4 1302
4 459
4 1193
4 23
4 294
4 680
4 559
4 1190
4 379
4 187
4 458
4 337
4 820
4 1067
4 149
4 171
4 143
4 1250
4 770
4 117
4 111
4 469
4 118
4 1144
4 248
4 1369
4 1314
4 1108
4 406
4 894
4 84
4 123
4 1125
4 72
4 730
4 530
4 155
4 353
4 1197
4 489
4 646
4 1100
4 318
4 183
4 33
4 537
4 479
4 981
4 1370
4 941
4 1352
4 1253
4 371
4 395
4 266
4 409
4 1078
4 1301
4 1248
4 521
4 1310
4 563
4 1081
4 1368
4 304
4 508
4 714
4 62
4 342
4 987
4 444
4 1105
4 551
4 1393
4 966
4 1080
4 1245
4 1215
4 1186
4 1282
4 124
4 677
4 431
4 34
4 305
4 1083
4 329
4 1099
4 942
4 967
4 164
4 1356
4 134
4 1137
4 69
4 837
4 590
4 1337
4 515
4 310
4 591
4 480
4 1007
4 1373
4 1294
4 467
4 523
4 663
4 788
4 675
4 108
4 87
4 629
4 396
4 873
4 1110
4 68
4 281
4 290
4 160
4 1384
4 161
4 1075
4 309
4 1226
4 1339
4 1303
4 959
4 1141
4 1036
4 528
4 359
4 481
4 1266
4 419
4 651
4 1139
4 14
4 1382
4 497
4 726
4 1087
4 1001
4 960
4 993
4 1210
4 1381
4 1063
4 1280
4 1353
4 109
4 974
4 144
4 1119
4 356
4 1157
4 426
4 94
4 1386
4 1281
4 1211
4 927
4 978
4 613
4 146
4 912
4 717
4 980
4 934
4 136
4 1138
4 808
4 18
4 666
4 1176
4 1020
4 823
4 316
4 781
4 567
4 320
4 131
4 818
4 47
4 794
4 230
4 1194
4 1032
4 527
4 475
4 787
4 581
4 929
4 593
4 90
4 964
4 460
4 863
4 1322
4 1383
4 742
4 373
4 518
4 340
4 1107
4 1313
4 690
4 240
4 1220
4 1268
4 554
4 1261
4 985
4 946
4 1227
4 652
4 1005
4 1263
4 688
4 25
4 608
4 413
4 815
4 695
4 325
4 1149
4 789
4 302
4 793
4 45
4 958
4 98
4 965
4 425
4 773
4 120
4 969
4 524
4 405
4 891
4 1269
4 213
4 335
4 201
4 1040
4 973
4 1043
4 799
4 203
4 865
4 252
4 49
4 445
4 1278
4 376
4 258
4 930
4 734
4 6
4 278
4 297
4 614
4 635
4 1327
4 1156
4 139
4 182
4 1217
4 89
4 448
4 366
4 1175
4 526
4 60
4 1264
4 257
4 292
4 736
4 1267
4 814
4 9
4 1035
4 804
4 1377
4 180
4 1249
4 478
4 321
4 311
4 565
4 544
4 828
4 599
4 391
4 853
4 364
4 757
4 698
4 1196
4 529
4 800
4 272
4 54
4 1354
4 988
4 775
4 427
4 538
4 790
4 1363
4 750
4 548
4 370
4 1039
4 667
4 434
4 1188
4 291
4 669
4 477
4 962
4 1092
4 1246
4 1234
4 341
4 343
4 429
4 394
4 1288
4 664
4 723
4 798
4 162
4 727
4 249
4 1014
4 668
4 44
4 633
4 48
4 1097
4 1325
4 498
4 1084
4 225
4 351
4 482
4 1177
4 1335
4 654
4 904
4 944
4 207
4 743
4 433
4 724
4 543
4 792
4 483
4 947
4 1060
4 653
4 455
4 1181
4 1291
4 56
4 212
4 983
4 879
4 868
4 580
4 216
4 251
4 274
4 1318
4 990
4 264
4 63
4 550
4 347
4 262
4 1395
4 869
4 1204
4 952
4 393
4 803
4 755
4 864
4 222
4 588
4 776
4 901
4 1147
4 472
4 553
4 323
4 92
4 1387
4 840
4 1184
4 624
4 1120
4 270
4 1116
4 771
4 922
4 214
4 1222
4 307
4 713
4 154
4 890
4 377
4 495
4 194
4 1225
4 246
4 215
4 1231
4 1086
4 745
4 859
4 261
4 239
4 177
4 1159
4 1390
4 984
4 1124
4 739
4 453
4 1365
4 399
4 289
4 910
4 661
4 295
4 1154
4 275
4 1179
4 1366
4 361
4 617
4 621
4 132
4 896
4 112
4 65
4 315
4 767
4 797
4 16
4 852
4 641
4 322
4 513
4 1239
4 414
4 276
4 897
4 921
4 1044
4 520
4 7
4 308
4 1305
4 1277
4 1112
4 796
4 1050
4 1051
4 55
4 466
4 260
4 682
4 1236
4 1140
4 866
4 606
4 1321
4 1343
4 989
4 1392
4 88
4 237
4 1008
4 1203
4 1132
4 96
4 386
4 452
4 354
4 32
4 464
4 1347
4 42
4 330
4 1201
4 905
4 1361
4 1200
4 234
4 1244
4 963
4 1055
4 210
4 1029
4 1331
4 1082
4 761
4 454
4 511
4 151
4 831
4 1148
4 628
4 1002
4 887
4 720
4 1292
4 3
4 299
4 1038
4 977
4 231
4 284
4 1388
4 91
4 500
4 710
4 197
4 812
4 522
4 141
4 535
4 748
4 615
4 104
4 1273
4 1258
4 130
4 443
4 296
4 1004
4 1276
4 412
4 885
4 228
4 1396
4 1394
4 204
4 148
4 235
4 1041
4 627
4 1066
4 1235
4 357
4 209
4 157
4 826
4 93
4 432
4 1284
4 334
4 439
4 657
4 348
4 783
4 1012
4 1349
4 1350
4 1034
4 1385
4 813
4 1174
4 986
4 740
4 442
4 1243
4 1208
4 836
4 686
4 731
4 955
4 639
4 1135
4 1129
4 1068
4 746
4 1233
4 446
4 53
4 774
4 59
4 199
4 643
4 80
4 1101
4 749
4 267
4 1259
4 172
4 476
4 1229
4 644
4 1238
4 268
4 462
4 367
4 1114
4 8
4 1240
4 1351
4 78
4 1195
4 542
4 900
4 1178
4 128
4 229
4 1065
4 81
4 766
4 244
4 1330
4 428
4 1214
4 152
4 992
4 881
4 1260
4 440
4 220
4 5
4 77
4 844
4 1025
4 2
4 1106
4 759
4 1130
4 605
4 933
4 192
4 1046
4 61
4 1371
4 1328
4 1015
4 555
4 867
4 1164
4 408
4 416
4 1338
4 1113
4 756
4 1336
4 994
4 400
4 630
4 1228
4 1397
4 133
4 1134
4 603
4 491
4 573
4 107
4 839
4 735
4 857
4 753
4 832
4 1265
4 846
4 626
4 1376
4 1126
4 1169
4 704
4 383
4 709
4 822
4 422
4 218
4 1316
4 737
4 1079
4 468
4 11
4 424
4 648
4 782
4 586
4 706
4 19
4 490
4 39
4 37
4 398
4 811
4 585
4 247
4 372
4 569
4 82
4 129
4 1127
4 99
4 602
4 637
4 206
4 326
4 1232
4 1257
4 1251
4 219
4 389
4 105
4 525
4 908
4 473
4 779
4 67
4 577
4 1187
4 388
4 397
4 507
4 514
4 1216
4 385
4 298
4 1047
4 845
4 313
4 1389
4 582
4 607
4 418
4 26
4 1367
4 1324
4 620
4 115
4 622
4 561
4 1206
4 390
4 106
4 350
4 447
4 382
4 616
4 659
4 202
4 601
4 420
4 936
4 360
4 369
4 74
4 683
4 1256
4 751
4 1153
4 158
4 1323
4 506
4 592
4 982
4 1013
4 277
4 604
4 1142
4 786
4 610
4 465
4 649
4 430
4 1219
4 407
4 269
4 1070
4 196
4 265
4 116
4 1262
4 324
4 902
4 549
4 1272
4 503
4 387
4 920
4 918
4 612
4 772
4 1287
4 945
4 1088
4 198
4 785
4 227
4 1151
4 531
4 450
4 1165
4 50
4 533
4 545
4 732
4 1205
4 205
4 795
4 1306
4 485
4 632
4 504
4 175
4 21
4 1223
4 241
4 1270
4 895
4 719
4 57
4 312
4 423
4 701
4 906
4 655
4 672
4 102
4 687
4 970
4 705
4 224
4 801
4 696
4 915
4 501
4 358
4 1158
4 597
4 700
4 1289
4 70
4 36
4 119
4 578
4 415
4 991
4 243
4 547
4 589
4 1379
4 634
4 150
4 52
4 1334
4 147
4 817
4 1332
4 287
4 1207
4 899
4 1128
4 702
4 693
4 1093
4 232
4 699
4 907
4 1247
4 64
4 1341
4 1326
4 697
4 1212
4 1064
4 51
4 288
4 692
4 1166
4 856
4 486
