40 536
40 1141
40 295
40 37
40 272
40 979
40 1205
40 976
40 154
40 1264
40 1368
40 9
40 1080
40 1196
40 294
40 43
40 346
40 1152
40 293
40 563
40 418
40 79
40 505
40 1257
40 315
40 126
40 41
40 186
40 113
40 1278
40 1381
40 1183
40 568
40 446
40 1158
40 40
40 522
40 289
40 409
40 655
40 282
40 1211
40 19
40 17
40 330
40 96
40 121
40 207
40 1284
40 1300
40 182
40 537
40 130
40 360
40 8
40 558
40 26
40 927
40 7
40 327
40 337
40 80
40 187
40 525
40 53
40 433
40 1310
40 97
40 1391
40 544
40 862
40 672
40 373
40 171
40 996
40 527
40 89
40 83
40 535
40 925
40 573
40 774
40 401
40 992
40 1040
40 708
40 1201
40 690
40 570
40 395
40 1198
40 314
40 148
40 359
40 35
40 123
40 138
40 305
40 714
40 332
40 959
40 556
40 1231
40 540
40 85
40 530
40 1378
40 1279
40 25
40 265
40 1394
40 504
40 334
40 1299
40 1253
40 260
40 125
40 1200
40 199
40 449
40 572
40 1002
40 278
40 670
40 307
40 304
40 124
40 1162
40 372
40 338
40 11
40 341
40 1055
40 1155
40 318
40 1234
40 27
40 1220
40 1272
40 1215
40 1089
40 688
40 574
40 160
40 1157
40 552
40 1305
40 739
40 960
40 571
40 1163
40 1353
40 933
40 311
40 1302
40 495
40 665
40 577
40 1373
40 550
40 1093
40 1274
40 1309
40 371
40 56
40 668
40 796
40 1319
40 1311
40 943
40 1245
40 567
40 1371
40 317
40 68
40 1354
40 142
40 232
40 707
40 375
40 1379
40 1076
40 1329
40 363
40 710
40 462
40 1184
40 1287
40 656
40 1285
40 152
40 494
40 604
40 1009
40 541
40 192
40 421
40 1383
40 28
40 799
40 1230
40 236
40 134
40 1390
40 1238
40 440
40 1003
40 579
40 2
40 1013
40 625
40 824
40 873
40 526
40 166
40 1356
40 261
40 508
40 1204
40 57
40 804
40 569
40 308
40 881
40 212
40 610
40 93
40 689
40 20
40 523
40 766
40 623
40 744
40 810
40 1296
40 663
40 666
40 323
40 983
40 1188
40 333
40 329
40 347
40 1395
40 1199
40 859
40 1324
40 575
40 133
40 628
40 1104
40 972
40 794
40 1214
40 658
40 667
40 981
40 1159
40 629
40 36
40 1170
40 355
40 939
40 991
40 1277
40 481
40 354
40 101
40 1213
40 319
40 63
40 557
40 1248
40 484
40 189
40 520
40 1304
40 24
40 1374
40 263
40 497
40 1318
40 564
40 602
40 946
40 417
40 856
40 84
40 858
40 310
40 626
40 1007
40 1281
40 1147
40 94
40 441
40 353
40 1295
40 369
40 1297
40 1255
40 1219
40 589
40 122
40 488
40 342
40 1179
40 211
40 328
40 244
40 1349
40 344
40 1229
40 553
40 1321
40 686
40 1268
40 798
40 827
40 1325
40 1218
40 997
40 364
40 1351
40 603
40 712
40 576
