41 289
41 433
41 432
41 927
41 229
41 288
41 549
41 1277
41 1141
41 222
41 1152
41 126
41 420
41 979
41 900
41 416
41 901
41 434
41 154
41 1368
41 1342
41 464
41 976
41 1202
41 675
41 1196
41 278
41 536
41 825
41 279
41 563
41 1080
41 1074
41 121
41 879
41 678
41 601
41 924
41 225
41 513
41 793
41 446
41 520
41 686
41 902
41 1220
41 409
41 676
41 674
41 147
41 794
41 282
41 1162
41 600
41 1340
41 681
41 874
41 1183
41 527
41 1062
41 191
41 752
41 1243
41 1191
41 800
41 1075
41 97
41 1091
41 1090
41 1164
41 699
41 643
41 230
41 799
41 803
41 186
41 311
41 1163
41 205
41 17
41 672
41 755
41 714
41 102
41 921
41 1239
41 52
41 1337
41 1333
41 860
41 431
41 294
41 747
41 712
41 247
41 497
41 916
41 60
41 89
41 1341
41 1304
41 696
41 919
41 250
41 482
41 530
41 923
41 281
41 632
41 698
41 284
41 878
41 358
41 680
41 465
41 920
41 280
41 3
41 195
41 200
41 779
41 782
41 389
41 713
41 7
41 1089
41 155
41 189
41 652
41 1334
41 1170
41 1064
41 700
41 1305
41 877
41 442
41 797
41 757
41 1184
41 1155
41 1197
41 749
41 1229
41 1246
41 148
41 795
41 808
41 204
41 683
41 1144
41 1040
41 970
41 634
41 138
41 1280
41 709
41 13
41 798
41 1343
41 685
41 545
41 1266
41 184
41 395
41 30
41 791
41 780
41 34
41 372
41 999
41 1218
41 783
41 703
41 637
41 1186
41 811
41 1248
41 252
41 1339
41 227
41 316
41 694
41 960
41 1192
41 516
41 449
41 1289
41 1037
41 1360
41 29
41 375
41 336
41 423
41 612
41 31
41 495
41 633
41 1290
41 120
41 199
41 251
41 197
41 1332
41 994
41 833
41 1092
41 95
41 917
41 78
41 51
41 801
41 708
41 876
41 486
41 146
41 677
41 14
41 638
41 693
41 152
41 455
41 809
41 719
41 1338
41 1384
41 287
41 1371
41 824
41 875
41 1231
41 443
41 648
41 558
41 1133
41 354
41 85
41 1362
41 462
41 943
41 1140
41 1386
41 618
41 1
41 1225
41 625
41 503
41 673
41 671
41 333
41 84
41 973
41 1094
41 2
41 1311
41 1329
41 1271
41 363
41 546
41 45
41 1020
41 748
41 781
41 128
41 1169
41 599
41 1068
41 730
41 1188
41 908
41 453
41 55
41 1125
41 567
41 792
41 141
41 1388
41 1242
41 202
41 42
41 522
41 918
41 212
41 636
41 515
41 796
41 469
41 862
41 467
41 1095
41 319
41 885
41 272
41 1353
41 452
41 590
41 223
41 1387
41 635
41 1066
41 880
41 971
41 76
41 315
41 1129
41 656
41 1216
41 1331
41 359
41 92
41 159
41 514
41 547
41 246
41 1114
41 829
41 90
41 679
41 1276
41 1115
41 39
41 1198
41 658
41 265
41 991
41 695
41 692
41 158
41 947
41 170
41 314
41 1255
41 682
41 226
41 650
41 106
41 1272
41 975
41 291
41 1355
41 182
41 283
41 751
41 1378
41 952
41 235
41 1274
41 174
41 1336
41 687
41 256
41 946
41 1319
41 1356
41 383
41 711
41 768
41 1046
41 848
41 331
41 1153
41 1302
41 176
41 456
41 663
41 1367
41 1001
41 580
41 388
41 1320
41 1194
41 214
41 543
41 293
41 69
41 345
41 429
41 370
41 317
41 243
41 961
41 1159
41 605
41 561
41 1211
41 49
41 940
41 895
41 53
41 472
41 1087
41 244
41 551
41 1158
41 1207
41 910
41 313
41 1168
41 873
41 207
41 466
41 9
41 804
41 193
41 929
41 930
41 867
41 1111
41 1130
41 815
41 33
41 122
41 44
41 1056
41 362
41 188
41 1224
41 967
41 1078
41 1182
41 1267
41 343
41 1123
41 1199
41 928
41 841
41 463
41 417
41 537
41 224
41 179
41 1350
41 115
41 1364
41 831
41 1295
41 1301
41 836
41 512
41 483
41 1151
41 1108
41 194
41 585
41 1312
41 575
41 745
41 579
41 1286
41 480
41 926
41 458
41 1292
41 526
41 823
41 630
41 958
41 399
41 1053
41 1146
41 68
41 606
41 1391
41 978
41 759
41 334
41 552
41 245
41 378
41 1374
41 1396
41 966
41 690
41 365
41 177
41 980
41 743
41 24
41 1041
41 1138
41 1278
41 602
41 75
41 871
41 623
41 645
41 1127
41 339
41 912
41 1245
41 888
41 1065
41 777
41 933
41 187
41 397
41 404
41 352
41 666
41 273
41 1383
41 1173
41 1051
41 572
41 1124
41 1205
41 816
41 366
41 887
41 19
41 99
41 37
41 1233
41 1354
41 50
41 232
41 134
41 1131
41 1317
41 1238
41 54
41 1003
41 591
41 1328
41 196
41 1044
41 852
41 1270
41 1187
41 540
41 1156
41 447
41 1180
41 1323
41 704
41 905
41 248
41 415
41 574
41 1000
41 1315
41 951
41 986
41 356
41 377
41 717
41 1005
41 145
41 338
41 342
41 1154
41 369
41 1268
41 802
41 729
41 1263
41 216
41 739
41 360
41 583
41 444
41 959
41 1038
41 91
41 393
41 1083
41 627
41 705
41 1077
41 175
41 130
41 753
41 481
41 1193
41 587
41 1219
41 893
41 553
41 1254
41 903
41 1072
41 1208
41 374
41 1313
41 1070
41 140
41 855
41 111
41 270
41 459
41 883
41 40
41 881
41 312
41 819
41 1310
41 550
41 143
41 1174
41 445
41 932
41 689
41 428
41 364
41 305
41 820
41 1294
41 1113
41 470
41 655
41 617
41 80
41 1347
41 722
41 435
41 56
41 1104
41 425
41 74
41 955
41 1135
41 746
41 1116
41 1377
41 850
41 64
41 667
41 1119
41 496
41 1101
41 297
41 1136
41 872
41 219
41 1253
41 73
41 974
41 562
41 790
41 576
41 628
41 144
41 490
41 1063
41 348
41 79
41 110
41 892
41 1081
41 1002
41 1024
41 1385
41 863
41 367
41 124
41 907
41 1395
41 129
41 151
41 653
41 953
41 1247
41 1178
41 1235
41 1128
41 58
41 228
41 290
41 763
41 118
41 379
41 838
41 826
41 564
41 1145
41 324
41 1171
41 88
41 1352
41 329
41 101
41 845
41 993
41 18
41 1361
41 1351
41 727
41 260
41 1161
41 168
41 660
41 112
41 1381
41 220
41 77
41 1157
41 508
41 500
41 1297
41 436
41 1227
41 985
41 741
41 105
41 505
41 136
41 1204
41 772
41 665
41 499
41 1015
41 1373
41 266
41 20
41 210
41 87
41 131
41 662
41 1039
41 870
41 1120
41 818
41 1261
41 573
41 839
41 1082
41 996
41 104
41 869
41 1257
41 1322
41 1249
41 990
41 233
41 139
41 822
41 1034
41 535
41 261
41 1380
41 330
41 889
41 1190
41 474
41 1222
41 82
41 441
41 992
41 1177
41 610
41 215
41 198
41 421
41 1166
41 1061
41 1265
41 1137
41 172
41 724
41 688
41 1100
41 624
41 390
41 1400
41 1393
41 116
41 812
41 554
41 620
41 830
41 234
41 1004
41 566
41 381
41 135
41 710
41 57
41 133
41 569
41 1303
41 972
41 519
41 164
41 8
41 571
41 1309
41 987
41 622
41 565
41 1160
41 454
41 1244
41 123
41 1349
41 844
41 548
41 1175
41 1093
41 1165
41 1098
41 72
41 1172
41 542
41 894
41 649
41 651
41 828
41 1326
41 213
41 1321
41 1230
41 1147
41 1252
41 1035
41 1335
41 1213
41 858
41 529
41 997
41 773
41 94
41 427
41 588
41 1097
41 173
41 857
41 274
41 1047
41 766
41 1019
41 185
41 344
41 859
41 827
41 165
