42 503
42 526
42 521
42 440
42 469
42 468
42 801
42 312
42 467
42 879
42 496
42 313
42 404
42 197
42 38
42 335
42 1154
42 1290
42 780
42 797
42 124
42 903
42 439
42 880
42 1153
42 118
42 39
42 917
42 795
42 1338
42 1006
42 1267
42 1320
42 1224
42 194
42 876
42 121
42 70
42 685
42 1228
42 924
42 1210
42 916
42 236
42 774
42 334
42 683
42 1198
42 918
42 193
42 919
42 484
42 1341
42 452
42 26
42 750
42 1233
42 252
42 634
42 687
42 516
42 900
42 815
42 1329
42 709
42 211
42 415
42 1309
42 31
42 991
42 569
42 470
42 363
42 318
42 655
42 901
42 793
42 707
42 420
42 800
42 902
42 1080
42 757
42 106
42 235
42 827
42 1275
42 315
42 1054
42 593
42 777
42 819
42 465
42 1085
42 964
42 206
42 627
42 431
42 189
42 1343
42 443
42 675
42 214
42 1272
42 796
42 1251
42 572
42 222
42 514
42 451
42 802
42 799
42 557
42 1202
42 352
42 205
42 1255
42 155
42 1277
42 872
42 894
42 310
42 1300
42 706
42 674
42 273
42 1107
42 1242
42 703
42 392
42 735
42 927
42 134
42 1265
42 27
42 686
42 140
42 221
42 216
42 680
42 73
42 1183
42 445
42 457
42 204
42 278
42 1114
42 798
42 601
42 191
42 921
42 472
42 788
42 933
42 638
42 157
42 1141
42 1182
42 829
42 775
42 612
42 379
42 466
42 227
42 1194
42 803
42 1330
42 1209
42 1262
42 571
42 373
42 824
42 167
42 298
42 625
42 461
42 179
42 892
42 54
42 562
42 1055
42 1229
42 1311
42 1207
42 25
42 14
42 441
42 159
42 304
42 485
42 784
42 248
42 395
42 103
42 1249
42 712
42 660
42 633
42 534
42 920
42 820
42 1392
42 332
42 97
42 146
42 600
42 1362
42 1365
42 86
42 794
42 201
42 1171
42 792
42 907
42 1248
42 812
42 862
42 1076
42 941
42 632
42 1301
42 1276
42 870
42 133
42 311
42 300
42 1370
42 381
42 1222
42 200
42 239
42 831
42 702
42 1197
42 433
42 232
42 736
42 371
42 464
42 530
42 2
42 409
42 105
42 417
42 1108
42 378
42 43
42 444
42 570
42 360
42 266
42 544
42 825
42 242
42 306
42 1081
42 1112
42 579
42 626
42 1297
42 35
42 17
42 830
42 688
42 540
42 1060
42 987
42 1245
42 835
42 195
42 1375
42 389
42 41
42 975
42 1384
42 701
42 327
42 424
42 1037
42 1110
42 187
42 88
42 1181
42 935
42 1383
42 1218
42 307
42 94
42 290
42 1387
42 226
42 3
42 574
42 645
42 515
42 474
42 22
42 821
42 487
42 873
42 988
42 1386
42 682
42 1260
42 149
42 188
42 1281
42 52
42 240
42 148
42 974
42 843
42 1396
42 1302
42 647
42 587
42 390
42 500
42 1083
42 1179
42 752
42 547
42 539
42 1220
42 823
42 657
42 488
42 341
42 1294
42 545
42 967
42 1391
42 719
42 160
42 860
42 1369
42 84
42 305
42 644
42 989
42 1295
42 665
42 624
42 1119
42 885
42 1339
42 922
42 309
42 998
42 513
42 380
42 1380
42 308
42 1266
42 367
42 23
42 1137
42 375
42 1106
42 889
42 1310
42 1398
42 629
42 117
42 1059
42 63
42 1184
42 498
42 1084
42 556
42 1390
42 659
42 458
42 284
42 448
42 208
42 1195
42 247
42 1173
42 494
42 4
42 837
42 666
42 1104
42 212
42 184
42 1010
42 956
42 1259
42 1303
42 744
42 886
42 428
42 565
42 257
42 996
42 1157
42 527
42 1231
42 459
42 393
42 1117
42 739
42 1324
42 323
42 677
42 971
42 772
42 1368
42 45
42 550
42 732
42 1058
42 785
42 1354
42 681
42 651
42 537
42 29
42 9
42 169
42 940
42 639
42 1254
42 1129
42 869
42 914
42 814
42 89
42 18
42 852
42 576
42 1014
42 596
42 731
42 426
42 37
42 1328
42 412
42 109
42 351
42 848
42 1067
42 583
42 558
42 1032
42 81
42 787
42 317
42 251
42 749
42 979
42 1244
42 491
42 183
42 294
42 818
42 217
42 984
42 386
42 1270
42 1109
42 981
42 1394
42 453
42 1051
42 580
42 48
42 567
42 554
42 1007
42 1236
42 418
42 383
42 349
42 1377
42 1273
42 529
42 1356
42 28
42 1325
42 931
42 270
42 264
42 563
42 541
42 181
42 456
42 297
42 511
42 760
42 1253
42 72
42 1075
42 968
42 1279
42 427
42 1053
42 19
42 490
42 1239
42 767
42 365
42 366
42 5
42 34
42 1068
42 881
42 1216
42 388
42 535
42 398
42 1074
42 1139
42 372
42 761
42 123
42 394
42 635
42 630
42 663
42 49
42 62
42 667
42 857
42 602
42 1039
42 1235
42 231
42 637
42 331
42 833
42 1048
42 135
42 326
42 1232
42 966
42 1115
42 669
42 951
42 8
42 455
42 1089
42 98
42 147
42 863
42 1071
42 753
42 59
42 1136
42 733
42 1205
42 370
42 525
42 1353
42 704
42 673
42 299
42 965
42 1274
42 1143
42 949
42 15
42 658
42 779
42 1145
42 171
42 1321
42 1028
42 577
42 1187
42 1399
42 653
42 676
42 754
42 460
42 851
42 1186
42 1319
42 826
42 454
42 507
42 20
42 347
42 1307
42 329
42 377
42 668
42 1180
42 1282
42 13
42 385
42 1169
42 489
42 225
42 607
42 887
42 260
42 180
42 1367
42 33
42 904
42 122
42 1131
42 899
42 1035
42 410
42 342
42 382
42 130
42 319
42 1079
42 1189
42 689
42 1226
42 781
42 233
42 504
42 66
42 1241
42 7
42 30
42 723
42 1223
42 1099
42 186
42 74
42 376
42 1151
42 241
42 36
42 111
42 1256
42 652
42 295
42 751
42 1323
42 213
42 1283
42 592
42 129
42 1280
42 1027
42 538
42 449
42 1304
42 662
42 104
42 391
42 771
42 277
42 585
42 604
42 1009
42 1142
42 422
42 359
42 1038
42 610
42 548
42 401
42 897
42 1269
42 333
42 462
42 430
42 1167
42 131
42 407
42 269
42 590
42 560
42 435
42 223
42 207
42 959
42 990
42 340
42 1238
42 115
42 268
42 1296
42 1203
42 1175
42 1371
42 165
42 575
42 196
42 1246
42 228
42 265
42 957
42 1393
42 99
42 116
42 656
42 324
42 128
42 192
42 599
42 1234
42 549
42 67
42 1208
42 356
42 283
42 387
42 955
42 110
42 224
42 856
42 1031
42 152
42 1159
42 1118
42 1047
42 1045
42 962
42 1124
42 1144
42 446
42 258
42 1072
42 58
42 1287
42 536
42 720
42 495
42 1040
42 77
42 423
42 166
42 87
42 425
42 1193
42 960
42 1174
42 866
42 1061
42 481
42 945
42 1105
42 1024
42 1158
42 661
42 1352
42 928
42 210
42 292
42 1082
42 328
42 773
42 322
42 1078
42 1373
42 1221
42 127
42 531
42 770
42 813
42 1091
42 450
42 1165
42 50
42 250
42 132
42 119
42 714
42 743
42 1313
42 533
42 1264
42 261
42 1012
42 1374
42 690
42 125
42 1190
42 1263
42 912
42 288
42 280
42 161
42 1073
42 1240
42 847
42 992
42 1363
42 1092
42 1225
42 1268
42 61
42 168
42 890
42 1200
42 1306
42 963
42 1127
42 1213
42 1003
42 234
42 255
42 730
42 1148
42 190
42 343
42 934
42 47
42 175
42 176
42 21
42 1015
42 1088
42 1191
42 977
42 854
42 1289
42 895
42 483
42 203
42 112
42 1315
42 1056
42 1120
42 861
42 1351
42 475
42 1204
42 91
42 710
42 57
42 85
42 1025
42 93
42 906
42 672
42 523
42 102
42 325
42 137
42 1149
42 980
42 970
42 1132
42 173
42 473
42 330
42 705
42 162
42 1258
42 756
42 1285
42 499
42 942
42 244
42 930
42 1349
42 983
42 316
42 271
42 985
42 1
42 696
42 1066
42 915
42 164
42 986
42 259
42 588
42 1199
42 442
42 623
42 727
42 218
42 691
42 199
42 591
42 237
42 384
42 53
42 501
42 1086
42 358
42 646
42 1178
42 947
42 597
42 303
42 993
42 1128
42 229
42 476
42 145
42 1250
42 700
42 289
42 438
42 1000
42 1230
42 10
42 898
42 522
42 1227
42 55
42 1130
42 338
42 1013
42 144
42 209
42 413
42 939
42 138
42 291
42 789
42 1247
42 932
42 120
42 561
42 344
42 740
42 1271
42 170
42 364
42 944
42 126
42 1288
42 1023
42 1021
42 578
42 154
42 182
42 840
42 608
42 1333
42 24
42 243
42 606
42 272
42 6
42 589
42 361
42 1237
42 1140
42 1062
42 51
42 528
42 994
42 16
42 1379
42 1308
42 1395
42 953
42 1134
42 230
42 107
42 1318
42 614
42 262
42 69
42 346
42 1050
42 402
42 421
42 150
42 1005
42 411
42 1126
42 1122
42 348
42 1334
42 96
42 1385
42 1150
42 817
42 532
42 628
42 748
42 1388
42 406
42 60
42 1332
42 568
42 287
42 1359
42 1215
42 1049
42 849
42 1360
42 943
42 508
42 999
42 82
42 1284
42 1331
42 42
42 807
42 1257
42 1121
42 267
42 56
42 808
42 1278
42 403
42 617
42 477
42 497
42 1355
42 888
42 1261
42 249
42 926
42 1036
42 397
42 293
42 202
42 1196
42 693
42 1002
42 1093
42 1322
42 641
42 699
42 1382
42 1020
42 44
42 923
42 1156
42 1298
42 1044
42 1336
42 698
42 758
42 765
42 177
42 64
42 613
42 314
42 1052
42 1326
42 697
42 1212
42 936
42 566
42 961
42 891
42 108
42 605
42 296
42 1252
42 253
42 1064
42 729
42 564
42 867
42 1372
42 692
42 573
42 1164
42 79
42 174
42 822
42 1018
42 810
42 603
42 198
42 274
42 1166
42 357
42 805
42 282
42 1342
42 185
42 246
42 434
42 764
42 219
42 486
42 908
42 432
42 1097
42 806
42 811
42 766
42 520
42 1201
42 1147
