43 467
43 503
43 194
43 469
43 312
43 440
43 39
43 404
43 526
43 70
43 1210
43 1267
43 468
43 687
43 496
43 1329
43 193
43 1233
43 801
43 521
43 313
43 201
43 685
43 903
43 452
43 484
43 879
43 1248
43 197
43 398
43 851
43 1320
43 752
43 1154
43 1194
43 1277
43 335
43 479
43 205
43 38
43 1290
43 791
43 780
43 1366
43 443
43 703
43 854
43 229
43 369
43 40
43 1081
43 848
43 1070
43 204
43 235
43 606
43 706
43 1338
43 1231
43 866
43 124
43 919
43 933
43 668
43 884
43 495
43 1324
43 787
43 522
43 269
43 1310
43 877
43 936
43 1153
43 445
43 470
43 3
43 441
43 118
43 702
43 439
43 1212
43 1135
43 1005
43 121
43 885
43 49
43 795
43 990
43 652
43 413
43 736
43 663
43 482
43 686
43 160
43 634
43 1006
43 1224
43 1197
43 962
43 754
43 793
43 880
43 842
43 389
43 829
43 593
43 352
43 492
43 1043
43 876
43 1330
43 1207
43 133
43 935
43 226
43 572
43 1069
43 346
43 250
43 189
43 147
43 1010
43 675
43 744
43 853
43 788
43 1108
43 50
43 917
43 912
43 916
43 1309
43 777
43 381
43 1037
43 1046
43 648
43 1098
43 928
43 127
43 444
43 722
43 1206
43 43
43 1384
43 122
43 1375
43 1304
43 1044
43 240
43 447
43 1363
43 1038
43 676
43 1119
43 1182
43 918
43 60
43 1341
43 1249
43 740
43 996
43 338
43 984
43 134
43 364
43 146
43 750
43 769
43 978
43 924
43 581
43 730
43 252
43 409
43 1071
43 297
43 833
43 1128
43 516
43 397
43 637
43 514
43 844
43 1041
43 546
43 815
43 1123
43 701
43 72
43 2
43 1125
43 846
43 797
43 709
43 332
43 1221
43 921
43 1052
43 415
43 1056
43 281
43 792
43 1136
43 179
43 1355
43 991
43 52
43 799
43 980
43 863
43 278
43 498
43 370
43 144
43 34
43 580
43 62
43 738
43 1145
43 47
43 202
43 14
43 739
43 1133
43 800
43 363
43 1074
43 1356
43 164
43 515
43 380
43 717
43 763
43 611
43 987
43 379
43 508
43 587
43 1360
43 775
43 474
43 814
43 683
43 292
43 757
43 458
43 1311
43 898
43 855
43 1129
43 1060
43 65
43 242
43 901
43 1131
43 940
43 140
43 472
43 435
43 630
43 927
43 579
43 528
43 315
43 391
43 266
43 653
43 1386
43 431
43 128
43 938
43 115
43 373
43 214
43 1339
43 383
43 64
43 1021
43 106
43 349
43 464
43 1076
43 1245
43 317
43 191
43 1137
43 307
43 223
43 1054
43 1067
43 249
43 300
43 494
43 569
43 507
43 784
43 1226
43 822
43 96
43 365
43 366
43 372
43 567
43 157
43 1208
43 375
43 1333
43 889
43 913
43 538
43 343
43 1265
43 926
43 674
43 783
43 260
43 117
43 216
43 1109
43 336
43 158
43 831
43 660
43 741
43 1301
43 89
43 650
43 291
43 624
43 284
43 796
43 374
43 1238
43 280
43 329
43 1115
43 1042
43 1114
43 845
43 625
43 549
43 761
43 798
43 654
43 1039
43 453
43 68
43 294
43 1216
43 359
43 1003
43 1303
43 84
43 27
43 456
43 466
43 165
43 985
43 1239
43 417
43 301
43 97
43 767
43 45
43 1173
43 4
43 1152
43 212
43 1140
43 497
43 334
43 1343
43 1327
43 54
43 1121
43 319
43 843
43 55
43 910
43 395
43 459
43 825
43 29
43 786
43 1387
43 920
43 348
43 19
43 742
43 513
43 1036
43 1203
43 200
43 211
43 802
43 120
43 930
43 1322
43 591
43 1184
43 537
43 1187
43 473
43 1380
43 614
43 1305
43 575
43 377
43 656
43 743
43 1388
43 666
43 659
43 182
43 306
43 196
43 1087
43 360
43 1110
43 341
43 937
43 1235
43 638
43 1342
43 322
43 1365
43 585
43 828
43 176
43 283
43 908
43 1251
43 480
43 891
43 770
43 187
43 823
43 388
43 1013
43 527
43 304
43 952
43 1180
43 1053
43 873
43 667
43 1255
43 1396
43 966
43 180
43 1193
43 245
43 1106
43 1112
43 1073
43 424
43 608
43 719
43 188
43 547
43 586
43 1068
43 888
43 91
43 499
43 433
43 941
43 1211
43 574
43 974
43 839
43 227
43 305
43 432
43 1274
43 1051
43 206
43 894
43 309
43 1319
43 1020
43 1040
43 1016
43 1107
43 553
43 1034
43 677
43 1270
43 852
43 1271
43 525
43 872
43 759
43 231
43 33
43 1172
43 1370
43 965
43 110
43 15
43 310
43 151
43 475
43 570
43 535
43 961
43 1198
43 263
43 427
43 93
43 1394
43 727
43 248
43 1059
43 824
43 1234
43 1186
43 1222
43 523
43 571
43 557
43 155
43 1047
43 867
43 1219
43 302
43 1229
43 1340
43 1147
43 764
43 148
43 612
43 1337
43 1263
43 44
43 460
43 1368
43 922
43 1083
43 556
43 461
43 1307
43 881
43 657
43 1300
43 945
43 1204
43 771
43 604
43 1009
43 85
43 826
43 1259
43 734
43 1024
43 222
43 1246
43 24
43 1302
43 1292
43 998
43 753
43 1281
43 145
43 774
43 362
43 487
43 1202
43 35
43 564
43 776
43 23
43 1393
43 529
43 116
43 1391
43 509
43 629
43 428
43 856
43 1374
43 1084
43 988
43 1336
43 1378
43 209
43 454
43 1190
43 92
43 1023
43 94
43 1195
43 167
43 1275
43 900
43 1127
43 1297
43 1201
43 486
43 163
43 437
43 1181
43 1200
43 1080
43 1347
43 944
43 101
43 257
43 455
43 1072
43 1148
43 393
43 107
43 1313
43 1223
43 662
43 361
43 550
43 1354
43 318
43 651
43 895
43 803
43 230
43 244
43 328
43 18
43 633
43 225
43 869
43 827
43 236
43 540
43 73
43 731
43 132
43 1079
43 989
43 1228
43 262
43 583
43 355
43 1055
43 979
43 1218
43 665
43 489
43 491
43 568
43 1183
43 217
43 131
43 386
43 354
43 9
43 325
43 1385
43 48
43 626
43 342
43 1007
43 627
43 748
43 406
43 897
43 1058
43 811
43 1377
43 1273
43 111
43 1082
43 270
43 1383
43 1349
43 207
43 273
43 1253
43 1295
43 143
43 412
43 490
43 37
43 892
43 82
43 534
43 259
43 330
43 218
43 394
43 646
43 1185
43 689
43 520
43 645
43 17
43 602
43 1351
43 541
43 326
43 1232
43 669
43 371
43 1289
43 98
43 1280
43 582
43 28
43 477
43 423
43 562
43 59
43 967
43 105
43 1100
43 639
43 1390
43 1328
43 1353
43 299
43 1143
43 1019
43 949
43 779
43 758
43 812
43 765
43 723
43 577
43 1065
43 975
43 616
43 149
43 232
43 699
43 88
43 1139
43 63
43 644
43 530
43 1000
43 1282
43 25
43 694
43 385
43 298
43 605
43 679
43 607
43 1236
43 929
43 418
43 26
43 1367
43 710
43 890
43 135
43 972
43 410
43 382
43 794
43 1061
43 1189
43 601
43 199
43 539
43 1220
43 420
43 183
43 186
43 448
43 74
43 376
43 1256
43 751
43 1323
43 1283
43 592
43 576
43 86
43 643
43 277
43 658
43 1142
43 109
43 255
43 610
43 465
43 401
43 692
43 934
43 986
43 333
43 430
43 407
43 704
43 590
43 544
43 959
43 340
43 268
43 947
43 228
43 265
43 1242
43 1352
43 1262
43 324
43 174
43 902
43 563
43 1272
43 289
43 356
43 820
43 387
43 680
43 1159
43 1199
43 213
43 500
43 1144
43 628
43 258
43 857
43 600
43 772
43 1287
43 198
43 308
43 536
43 493
43 166
43 87
43 481
43 1167
43 1105
43 103
43 661
43 1254
43 636
43 1168
43 1179
43 818
43 785
43 1151
43 22
43 773
43 123
43 1078
43 531
43 450
43 1165
43 351
43 1392
43 1321
43 81
43 595
43 533
43 476
43 682
43 545
43 261
43 690
43 161
43 1205
43 1066
43 992
43 192
43 1225
43 61
43 1095
43 548
43 1306
43 766
43 963
43 80
43 311
43 485
43 190
43 632
43 504
43 175
43 21
43 58
43 977
43 241
43 7
43 483
43 203
43 112
43 1315
43 1371
43 57
43 1134
43 1014
43 378
43 906
43 208
43 655
43 672
43 102
43 1149
43 970
43 1209
43 565
43 173
43 705
43 1296
43 1264
43 224
43 942
43 1325
43 323
43 983
43 316
43 1141
43 1124
43 1266
43 696
43 915
43 588
43 347
43 695
43 623
43 691
43 237
43 53
43 501
43 1086
43 358
43 1158
43 597
43 303
43 159
43 426
43 993
43 1250
43 700
43 981
43 1230
43 511
43 1227
43 1260
43 221
43 36
43 688
43 295
43 939
43 138
43 789
43 119
43 560
43 714
43 561
43 327
43 1085
43 1269
43 125
43 126
43 1288
43 578
43 457
43 243
43 6
43 589
43 1237
43 994
43 16
43 1379
43 171
43 169
43 1318
43 69
43 402
43 421
43 1373
43 150
43 960
43 1241
43 1334
43 184
43 817
43 1332
43 247
43 287
43 344
43 1157
43 943
43 1284
43 1
43 1268
43 442
43 267
43 488
43 56
43 1278
43 152
43 899
43 1261
43 964
43 749
43 693
43 1002
43 1093
43 781
43 907
43 1382
43 1247
43 1156
43 177
43 170
43 314
43 1326
43 697
43 1244
43 296
43 1252
43 1064
43 1104
43 51
43 288
43 1213
43 234
43 1164
43 635
43 603
43 274
43 1166
43 185
