45 305
45 525
45 540
45 1185
45 63
45 123
45 84
45 570
45 1395
45 1253
45 310
45 170
45 37
45 1311
45 26
45 573
45 537
45 572
45 1364
45 353
45 345
45 625
45 1200
45 655
45 134
45 569
45 798
45 98
45 623
45 973
45 1241
45 666
45 1299
45 19
45 329
45 373
45 133
45 568
45 97
45 256
45 327
45 1159
45 1076
45 192
45 645
45 25
45 344
45 306
45 120
45 49
45 983
45 480
45 571
45 124
45 274
45 323
45 291
45 1310
45 969
45 365
45 689
45 338
45 1317
45 663
45 444
45 1204
45 1394
45 295
45 1231
45 308
45 304
45 307
45 1002
45 481
45 494
45 142
45 1192
45 360
45 347
45 584
45 334
45 646
45 1213
45 1158
45 398
45 303
45 670
45 662
45 333
45 294
45 959
45 101
45 564
45 2
45 335
45 1279
45 355
45 577
45 784
45 566
45 1198
45 337
45 128
45 554
45 962
45 260
45 667
45 298
45 240
45 1366
45 145
45 372
45 309
45 81
45 409
45 121
45 544
45 559
45 925
45 153
45 1157
45 265
45 1229
45 222
45 873
45 326
45 971
45 1393
45 44
45 1112
45 872
45 364
45 1368
45 283
45 387
45 68
45 773
45 1139
45 371
45 1288
45 1274
45 1161
45 1378
45 1222
45 1309
45 1319
45 661
45 208
45 626
45 435
45 1305
45 701
45 1107
45 665
45 939
45 1353
45 102
45 497
45 1355
45 36
45 439
45 1154
45 1250
45 1078
45 553
45 1188
45 1386
45 366
45 708
45 972
45 1195
45 1205
45 342
45 1263
45 166
45 1199
45 630
45 1328
45 55
45 232
45 21
45 1258
45 378
45 172
45 383
45 269
45 27
45 359
45 14
45 541
45 1083
45 35
45 324
45 160
45 574
45 536
45 117
45 1272
45 567
45 530
45 354
45 332
45 187
45 556
45 348
45 442
45 1373
45 651
45 688
45 496
45 343
45 1354
45 17
45 592
45 56
45 1235
45 495
45 1307
45 981
45 318
45 74
45 32
45 1381
45 707
45 1166
45 300
45 23
45 1313
45 79
45 693
45 339
45 267
45 1007
45 224
45 941
45 599
45 1084
45 524
45 40
45 1322
45 9
45 591
45 509
45 535
45 512
45 754
45 1100
45 94
45 453
45 938
45 903
45 1234
45 1290
45 629
45 747
45 1093
45 1237
45 436
45 1248
45 539
45 85
45 45
45 576
45 1369
45 465
45 389
45 967
45 1356
45 1367
45 1081
45 1039
45 546
45 1270
45 135
45 1218
45 522
45 1082
45 380
45 550
45 1251
45 77
45 675
45 228
45 73
45 1009
45 369
45 89
45 11
45 565
45 421
45 57
45 62
45 1281
45 1282
45 668
45 692
45 358
45 363
45 188
45 418
45 475
45 182
45 131
45 352
45 1227
45 401
45 608
45 69
45 604
45 396
45 1236
45 299
45 1230
45 549
45 1214
45 1004
45 748
45 455
45 1228
45 179
45 16
45 1379
45 449
45 1246
45 139
45 504
45 585
45 656
45 1036
45 1285
45 1264
45 1287
45 789
45 20
45 1391
45 406
45 1217
45 24
45 331
45 1080
45 575
45 1215
45 28
45 1240
45 325
45 80
45 595
45 861
45 1390
45 1238
45 560
45 1003
45 712
45 1190
45 1296
45 394
45 658
45 956
45 933
45 1086
45 1209
45 1300
45 412
45 61
45 552
45 1165
45 414
45 173
45 1216
45 416
45 328
45 50
45 1212
45 580
45 976
45 782
45 1191
45 888
45 1099
45 508
45 395
45 1349
45 514
45 1010
45 48
45 47
45 319
45 1375
45 980
45 762
45 93
45 930
45 1304
45 493
45 1085
45 1147
45 183
45 523
45 963
45 29
45 216
45 125
45 1324
45 1326
45 144
45 122
45 72
45 100
45 168
45 1255
45 799
45 437
45 1109
45 492
45 927
45 272
45 162
45 147
45 361
45 1135
45 351
45 987
45 869
45 438
45 1149
45 379
45 1273
45 653
45 126
45 417
45 39
45 470
45 638
45 151
45 992
45 1173
45 197
45 280
45 808
45 243
45 874
45 90
45 296
45 794
45 809
45 912
45 764
45 1225
45 1061
45 697
45 979
45 1262
45 1104
45 787
45 527
45 252
45 905
45 547
45 1283
45 1098
45 974
45 193
45 1211
45 154
45 82
45 230
45 511
45 268
45 602
45 1184
45 1183
45 610
45 627
45 605
45 148
45 997
45 1370
45 112
45 71
45 922
45 88
45 1106
45 64
45 1337
45 1220
45 1094
45 386
45 887
45 788
45 557
45 695
45 165
45 763
45 841
45 463
45 317
45 945
45 606
45 229
45 826
45 1265
45 257
45 1163
45 786
45 1341
45 635
45 899
45 600
45 875
45 1167
45 1151
45 261
45 1295
45 1323
45 1162
45 690
45 447
45 464
45 105
45 270
45 1374
45 189
45 774
45 263
45 1348
45 477
45 1146
45 66
45 780
45 1297
45 721
45 1155
45 1318
45 1177
45 713
45 1066
45 990
45 110
45 1371
45 489
45 865
45 624
45 1156
45 686
45 174
45 1040
45 988
45 1352
45 1072
45 643
45 432
45 993
45 275
45 975
45 628
45 211
45 542
45 357
45 22
45 330
45 1077
45 212
45 1062
45 671
45 746
45 555
45 892
45 485
45 1321
45 1064
45 201
45 958
45 391
45 1182
45 1267
45 1289
45 290
45 1206
45 476
45 758
45 953
45 1247
45 838
45 618
45 1153
45 513
45 314
45 484
45 1271
45 8
45 1168
45 1226
45 1219
45 1065
45 634
45 1006
45 989
45 488
45 811
45 106
45 12
45 954
45 393
45 462
45 1179
45 676
45 399
45 129
45 54
45 994
45 1148
45 1331
45 783
45 245
45 266
45 694
45 749
45 711
45 678
45 175
45 381
45 978
45 946
45 87
45 434
45 140
45 757
45 1074
45 5
45 893
45 198
45 538
45 687
45 1338
45 1303
45 1268
45 207
45 1320
45 374
45 459
45 292
45 673
45 855
45 375
45 1172
45 1244
45 1130
45 685
45 1095
45 312
45 797
45 1345
45 823
45 1351
45 1
45 800
45 1342
45 466
45 461
45 650
45 454
45 932
45 51
45 1308
45 1249
45 233
45 1350
45 1164
45 1243
45 362
45 52
45 176
45 672
45 966
45 1194
45 1116
45 1377
45 202
45 850
45 248
45 159
45 1001
45 1169
45 1362
45 931
45 293
45 288
45 315
45 680
45 801
45 677
45 1376
45 857
45 1142
45 1075
45 603
45 7
45 1280
45 986
45 316
45 490
45 1063
45 894
45 251
45 529
45 636
45 34
45 612
45 902
45 518
45 863
45 907
45 766
45 856
45 413
45 184
45 996
45 469
45 1210
45 923
45 390
45 506
45 1400
45 1091
45 1145
45 43
45 1171
45 177
45 185
45 587
45 443
45 282
45 287
45 851
45 1254
45 431
45 205
45 1327
45 601
45 877
45 700
45 503
45 1097
45 704
45 415
45 741
45 505
45 679
45 92
45 772
45 516
45 770
45 284
45 1128
45 520
45 258
45 99
45 878
45 519
45 815
45 843
45 531
45 33
45 793
45 498
45 714
45 1387
45 1202
45 756
45 423
45 781
45 818
45 96
45 870
45 897
45 614
45 42
45 1092
45 104
45 952
45 807
45 1221
45 1257
45 641
45 1043
45 127
45 1385
45 30
45 95
45 767
45 445
45 1144
45 446
45 836
45 796
45 1044
45 852
45 1030
45 710
45 517
45 1068
45 926
45 370
45 428
45 683
45 286
45 474
45 936
45 828
45 4
45 891
45 215
45 297
45 1232
45 696
45 158
45 806
45 960
45 664
45 91
45 982
45 1363
45 1096
45 743
45 1131
45 311
45 486
45 116
45 812
45 1201
45 420
45 1108
45 588
45 1223
45 1383
45 830
45 242
45 816
45 219
45 858
45 1361
45 999
45 943
45 195
45 214
45 593
45 991
45 594
45 1111
45 163
45 1339
45 984
45 209
45 753
45 715
45 970
45 262
45 889
45 722
45 1059
45 1239
45 804
45 563
45 751
45 448
45 848
45 132
45 1333
45 805
45 452
45 844
45 254
45 792
45 1056
45 759
45 917
45 1069
45 70
45 598
45 699
45 590
45 340
45 534
45 1114
45 822
45 78
45 1277
45 730
45 1019
45 53
45 909
45 597
45 847
45 825
45 649
45 633
45 213
45 1343
45 1126
45 924
45 859
45 239
45 1252
45 156
45 737
45 246
45 141
45 217
45 709
45 1119
45 657
45 1392
45 210
45 1335
45 896
45 849
45 739
45 1031
45 769
45 427
45 1292
45 640
45 450
45 846
45 845
45 803
45 1396
45 528
45 1110
45 1008
45 1132
45 403
45 171
45 186
45 433
45 1316
45 249
45 397
45 346
45 717
45 1047
45 1259
45 1196
45 562
45 548
45 998
45 190
45 60
45 765
45 225
45 58
45 613
45 615
45 876
45 377
45 204
45 1207
45 961
45 543
45 220
45 1325
45 349
45 1013
45 259
45 827
45 729
45 919
45 867
45 760
45 152
45 59
45 620
45 1224
45 839
45 964
45 942
45 456
45 1051
45 1346
45 1115
45 1018
45 276
45 1057
45 114
45 660
45 1380
45 1203
45 441
45 928
45 83
45 199
45 244
