46 305
46 525
46 1185
46 123
46 84
46 803
46 37
46 353
46 623
46 655
46 662
46 398
46 49
46 564
46 1241
46 983
46 120
46 540
46 666
46 260
46 303
46 142
46 1366
46 1159
46 347
46 554
46 295
46 872
46 1394
46 572
46 1395
46 145
46 584
46 566
46 1213
46 784
46 645
46 959
46 873
46 19
46 962
46 294
46 101
46 274
46 344
46 689
46 1200
46 559
46 670
46 571
46 283
46 373
46 1393
46 434
46 1192
46 481
46 1107
46 26
46 1328
46 480
46 509
46 338
46 1158
46 378
46 1002
46 435
46 661
46 537
46 333
46 395
46 981
46 570
46 1198
46 1074
46 5
46 269
46 98
46 360
46 707
46 365
46 102
46 1258
46 55
46 21
46 1311
46 1161
46 270
46 432
46 1231
46 577
46 1310
46 348
46 1263
46 1386
46 133
46 568
46 332
46 987
46 343
46 1307
46 1204
46 240
46 355
46 36
46 124
46 327
46 81
46 23
46 1279
46 158
46 337
46 546
46 646
46 651
46 1317
46 44
46 982
46 550
46 135
46 45
46 923
46 1355
46 539
46 524
46 544
46 569
46 773
46 625
46 364
46 754
46 354
46 307
46 497
46 306
46 553
46 925
46 1139
46 573
46 1112
46 1076
46 160
46 25
46 688
46 1009
46 366
46 626
46 606
46 166
46 1282
46 789
46 663
46 668
46 629
46 585
46 222
46 1154
46 599
46 62
46 1309
46 1378
46 66
46 77
46 1005
46 352
46 574
46 963
46 387
46 701
46 334
46 522
46 27
46 414
46 1104
46 667
46 1079
46 1348
46 396
46 56
46 328
46 665
46 580
46 310
46 809
46 318
46 329
46 35
46 1222
46 708
46 17
46 980
46 1207
46 556
46 74
46 436
46 342
46 1236
46 1253
46 1205
46 399
46 1264
46 79
46 592
46 1073
46 325
46 1100
46 1007
46 144
46 359
46 1354
46 438
46 370
46 971
46 494
46 1305
46 371
46 372
46 1274
46 811
46 412
46 861
46 433
46 339
46 1281
46 1381
46 1319
46 555
46 924
46 406
46 508
46 485
46 61
46 24
46 1373
46 565
46 604
46 68
46 860
46 230
46 224
46 1299
46 32
46 560
46 1099
46 1234
46 591
46 1135
46 1250
46 1272
46 121
46 1217
46 1353
46 1106
46 235
46 1157
46 369
46 1117
46 1356
46 814
46 134
46 204
46 28
46 154
46 542
46 1379
46 1097
46 1268
46 13
46 512
46 675
46 535
46 1237
46 1004
46 128
46 51
46 495
46 229
46 29
46 1270
46 267
46 1377
46 94
46 12
46 192
46 97
46 1391
46 498
46 2
46 85
46 1369
46 575
46 1280
46 576
46 1166
46 421
46 1215
46 273
46 1003
46 493
46 232
46 380
46 683
46 383
46 541
46 869
46 944
46 1191
46 1130
46 567
46 1235
46 1040
46 1075
46 1300
46 978
46 404
46 20
46 1290
46 1098
46 1062
46 193
46 518
46 504
46 1226
46 1283
46 635
46 608
46 656
46 69
46 938
46 979
46 579
46 748
46 1390
46 1287
46 437
46 1147
46 300
46 1010
46 16
46 50
46 442
46 57
46 1246
46 1238
46 159
46 865
46 9
46 1216
46 48
46 1337
46 40
46 308
46 693
46 1230
46 304
46 1039
46 1036
46 549
46 514
46 1285
46 874
46 1061
46 500
46 1296
46 888
46 379
46 349
46 82
46 450
46 345
46 268
46 1145
46 331
46 1171
46 172
46 88
46 1295
46 547
46 182
46 148
46 638
46 587
46 628
46 634
46 818
46 1322
46 71
46 183
46 319
46 912
46 747
46 1239
46 1324
46 401
46 966
46 1183
46 1227
46 1304
46 1212
46 1248
46 39
46 181
46 198
46 168
46 6
46 1199
46 93
46 208
46 690
46 407
46 351
46 976
46 375
46 1255
46 877
46 523
46 831
46 1294
46 80
46 22
46 173
46 603
46 58
46 122
46 798
46 916
46 89
46 47
46 72
46 774
46 692
46 125
46 552
46 782
46 1219
46 1190
46 1177
46 794
46 930
46 323
46 386
46 956
46 489
46 602
46 185
46 939
46 1182
46 263
46 95
46 695
46 899
46 265
46 279
46 486
46 1262
46 997
46 717
46 563
46 1349
46 1091
46 63
46 1313
46 100
46 216
46 272
46 1109
46 282
46 492
46 1367
46 162
46 557
46 110
46 350
46 933
46 536
46 91
46 1178
46 746
46 73
46 775
46 799
46 1179
46 1096
46 975
46 164
46 225
46 1092
46 922
46 151
46 119
46 1229
46 54
46 945
46 697
46 767
46 600
46 1077
46 764
46 266
46 822
46 538
46 1006
46 1151
46 990
46 586
46 1361
46 1297
46 1265
46 1374
46 624
46 1267
46 211
46 929
46 824
46 423
46 605
46 326
46 1093
46 197
46 988
46 317
46 715
46 1362
46 1089
46 188
46 280
46 1345
46 439
46 1070
46 1220
46 1120
46 989
46 1318
46 106
46 324
46 1321
46 610
46 881
46 1344
46 1167
46 252
46 179
46 1056
46 686
46 242
46 1164
46 447
46 201
46 165
46 595
46 721
46 459
46 78
46 582
46 1289
46 466
46 302
46 4
46 1119
46 391
46 314
46 1088
46 275
46 464
46 1148
46 1064
46 1225
46 657
46 757
46 292
46 1149
46 113
46 357
46 1210
46 731
46 90
46 790
46 660
46 234
46 1346
46 470
46 671
46 793
46 1142
46 248
46 826
46 720
46 687
46 870
46 1245
46 105
46 484
46 187
46 290
46 299
46 1206
46 680
46 1218
46 758
46 488
46 1201
46 1387
46 1351
46 601
46 1143
46 163
46 212
46 908
46 749
46 732
46 261
46 612
46 998
46 1081
46 461
46 33
46 1211
46 1168
46 289
46 1240
46 3
46 672
46 984
46 503
46 1364
46 800
46 1232
46 954
46 1188
46 676
46 315
46 797
46 363
46 1254
46 633
46 845
46 416
46 1331
46 783
46 1184
46 1008
46 678
46 1140
46 941
46 258
46 620
46 1108
46 859
46 189
46 140
46 52
46 316
46 452
46 443
46 262
46 770
46 217
46 531
46 1153
46 892
46 1083
46 1047
46 685
46 413
46 118
46 534
46 1375
46 297
46 823
46 472
46 712
46 1094
46 1082
46 650
46 428
46 420
46 131
46 1221
46 1308
46 673
46 362
46 876
46 1302
46 445
46 1072
46 886
46 415
46 14
46 169
46 1202
46 444
46 1273
46 856
46 487
46 1169
46 526
46 931
46 1335
46 1315
46 677
46 1376
46 1341
46 714
46 1271
46 751
46 1084
46 174
46 1128
46 704
46 1195
46 1027
46 167
46 456
46 1275
46 900
46 711
46 506
46 311
46 902
46 96
46 381
46 43
46 562
46 590
46 1181
46 763
46 340
46 1080
46 30
46 851
46 968
46 781
46 257
46 431
46 440
46 1223
46 1327
46 117
46 653
46 393
46 993
46 974
46 1385
46 7
46 1249
46 278
46 627
46 92
46 59
46 529
46 377
46 1101
46 1110
46 520
46 186
46 453
46 917
46 588
46 843
46 18
46 1323
46 496
46 1244
46 236
46 1165
46 927
46 808
46 992
46 309
46 1339
46 8
46 330
46 1228
46 756
46 1259
46 583
46 87
46 463
46 341
46 491
46 1303
46 958
46 897
46 614
46 205
46 973
46 807
46 245
46 857
46 1173
46 641
46 1301
46 1043
46 792
46 1224
46 127
46 527
46 446
46 1044
46 852
46 762
46 943
46 1030
46 468
46 1065
46 517
46 1342
46 593
46 1336
46 1
46 1172
46 1371
46 335
46 658
46 286
46 706
46 905
46 490
46 921
46 936
46 70
46 1352
46 53
46 34
46 891
46 694
46 132
46 597
46 621
46 806
46 664
46 394
46 1363
46 191
46 1131
46 766
46 894
46 1203
46 467
46 637
46 206
46 669
46 1194
46 389
46 190
46 967
46 454
46 417
46 965
46 949
46 779
46 1187
46 875
46 388
46 1247
46 643
46 507
46 594
46 1111
46 530
46 291
46 1180
46 385
46 298
46 972
46 313
46 1350
46 1144
46 607
46 209
46 919
46 418
46 753
46 180
46 458
46 528
46 889
46 722
46 1325
46 296
46 410
46 1059
46 382
46 176
46 448
46 848
46 171
46 659
46 1189
46 805
46 42
46 254
46 346
46 901
46 376
46 1069
46 942
46 1095
46 1256
46 652
46 598
46 86
46 771
46 277
46 109
46 953
46 147
46 465
46 184
46 909
46 231
46 838
46 38
46 430
46 60
46 847
46 513
46 455
46 649
46 287
46 476
46 469
46 196
46 1126
46 228
46 521
46 1242
46 116
46 239
46 156
46 737
46 11
46 1186
46 1251
46 511
46 356
46 820
46 920
46 815
46 141
46 259
46 1392
46 213
46 210
46 710
46 802
46 918
46 896
46 1338
46 772
46 849
46 1031
46 769
46 1193
46 152
46 202
46 1233
46 1105
46 103
46 903
46 449
46 887
46 964
46 1292
46 996
46 640
46 233
46 846
46 991
46 785
46 1396
46 1243
46 139
46 227
46 322
46 1078
46 1132
46 403
46 994
46 427
46 1316
46 249
46 1001
46 397
46 1156
46 293
46 780
46 170
46 1066
46 1196
46 533
46 1326
46 682
46 545
46 146
46 548
46 161
46 129
46 390
46 1400
46 765
46 795
46 946
46 613
46 1306
46 615
46 288
46 961
46 543
46 632
46 220
46 175
46 679
46 1013
46 977
46 241
46 895
46 729
46 618
46 483
46 519
46 1370
46 203
46 112
46 867
46 719
46 760
46 475
46 312
46 1330
46 1163
46 1014
46 839
46 906
46 788
46 1051
46 970
46 1209
46 1115
46 705
46 796
46 713
46 801
46 1018
46 1141
46 460
46 1368
46 1124
46 1266
46 696
46 915
46 986
46 1277
46 940
46 828
46 276
46 691
46 244
46 237
46 1057
46 501
46 1086
46 114
46 358
46 426
46 700
46 219
46 750
46 1260
46 1365
46 221
46 858
46 999
46 636
46 138
46 1380
46 115
46 561
46 1085
46 149
46 1269
46 441
46 126
46 1288
46 578
46 457
46 630
46 928
46 199
46 243
46 589
46 361
46 402
46 1019
46 150
46 960
46 1334
46 817
46 1332
46 247
46 1383
46 207
46 155
46 1284
46 985
46 214
46 83
46 1278
46 477
46 1261
46 702
46 699
46 907
46 1382
46 177
46 64
46 825
46 1343
46 1024
46 157
46 1252
46 947
