47 568
47 525
47 305
47 540
47 570
47 304
47 310
47 327
47 1200
47 63
47 307
47 170
47 1076
47 663
47 1253
47 537
47 25
47 572
47 573
47 98
47 1311
47 1370
47 308
47 309
47 2
47 9
47 26
47 345
47 1107
47 1364
47 364
47 306
47 180
47 260
47 389
47 334
47 1149
47 569
47 134
47 256
47 1395
47 460
47 375
47 664
47 1355
47 329
47 135
47 973
47 1299
47 104
47 271
47 969
47 736
47 798
47 323
47 1083
47 412
47 3
47 393
47 360
47 192
47 625
47 19
47 1078
47 733
47 1310
47 628
47 4
47 37
47 133
47 737
47 571
47 124
47 1081
47 1276
47 611
47 348
47 257
47 1282
47 1228
47 291
47 332
47 6
47 972
47 1157
47 382
47 1214
47 494
47 97
47 1398
47 1373
47 226
47 1198
47 373
47 386
47 155
47 636
47 23
47 1251
47 61
47 267
47 444
47 15
47 335
47 299
47 425
47 318
47 629
47 1054
47 298
47 300
47 208
47 1396
47 28
47 1119
47 551
47 1363
47 784
47 644
47 1378
47 93
47 1368
47 409
47 160
47 21
47 439
47 1279
47 145
47 142
47 1393
47 1188
47 90
47 694
47 544
47 1002
47 1049
47 153
47 1250
47 467
47 424
47 22
47 697
47 117
47 1182
47 1158
47 481
47 475
47 641
47 666
47 1067
47 530
47 667
47 13
47 333
47 400
47 1050
47 1234
47 582
47 970
47 171
47 925
47 861
47 1288
47 730
47 1397
47 408
47 14
47 630
47 903
47 939
47 1309
47 1130
47 996
47 1104
47 68
47 1274
47 1121
47 35
47 1229
47 1055
47 1204
47 1400
47 207
47 1319
47 647
47 294
47 735
47 1084
47 836
47 1399
47 708
47 1195
47 56
47 347
47 1146
47 172
47 371
47 1394
47 342
47 326
47 496
47 541
47 87
47 495
47 1237
47 1193
47 1108
47 359
47 1085
47 361
47 1003
47 863
47 655
47 453
47 1235
47 91
47 556
47 1231
47 454
47 27
47 981
47 603
47 527
47 686
47 536
47 388
47 826
47 941
47 62
47 665
47 1322
47 862
47 114
47 971
47 670
47 394
47 560
47 372
47 1086
47 786
47 128
47 938
47 1029
47 223
47 1048
47 1358
47 419
47 678
47 1272
47 401
47 41
47 1109
47 574
47 268
47 967
47 864
47 11
47 1357
47 1305
47 1060
47 351
47 732
47 1375
47 1353
47 900
47 417
47 535
47 295
47 1248
47 472
47 131
47 577
47 497
47 85
47 1056
47 187
47 121
47 392
47 292
47 464
47 477
47 265
47 228
47 358
47 222
47 421
47 269
47 381
47 656
47 1190
47 751
47 418
47 648
47 1320
47 626
47 96
47 932
47 1218
47 567
47 808
47 1238
47 788
47 830
47 1382
47 687
47 915
47 627
47 29
47 455
47 1354
47 734
47 122
47 232
47 363
47 482
47 407
47 88
47 707
47 1379
47 692
47 1264
47 1295
47 977
47 688
47 383
47 328
47 719
47 211
47 1222
47 631
47 944
47 1072
47 1285
47 774
47 604
47 1009
47 319
47 465
47 693
47 320
47 1080
47 562
47 1230
47 479
47 820
47 20
47 1390
47 1391
47 449
47 1106
47 1392
47 325
47 1209
47 459
47 324
47 988
47 81
47 168
47 50
47 837
47 936
47 387
47 240
47 86
47 1356
47 73
47 888
47 1240
47 94
47 1082
47 508
47 1296
47 188
47 57
47 714
47 1359
47 1186
47 346
47 948
47 956
47 72
47 1301
47 1043
47 575
47 234
47 689
47 660
47 957
47 696
47 927
47 52
47 1184
47 523
47 1327
47 999
47 1179
47 1294
47 179
47 1273
47 111
47 653
47 651
47 406
47 273
47 975
47 116
47 487
47 706
47 1386
47 891
47 538
47 478
47 201
47 983
47 843
47 610
47 766
47 112
47 853
47 186
47 553
47 1297
47 139
47 1153
47 74
47 191
47 926
47 825
47 889
47 1324
47 31
47 101
47 44
47 1374
47 391
47 1073
47 979
47 422
47 966
47 677
47 1205
47 565
47 499
47 1220
47 8
47 1261
47 1199
47 184
47 1159
47 654
47 750
47 1278
47 164
47 140
47 89
47 758
47 899
47 787
47 976
47 147
47 165
47 1052
47 36
47 355
47 504
47 1105
47 721
47 1313
47 1383
47 1093
47 1165
47 1183
47 344
47 493
47 762
47 264
47 1014
47 354
47 840
47 1005
47 1197
47 1213
47 1343
47 369
47 823
47 458
47 457
47 136
47 197
47 1120
47 225
47 214
47 64
47 1088
47 343
47 557
47 845
47 413
47 1326
47 166
47 266
47 1255
47 254
47 760
47 1372
47 978
47 974
47 1304
47 559
47 120
47 645
47 1381
47 1225
47 511
47 1219
47 805
47 1138
47 1202
47 858
47 296
47 754
47 1377
47 777
47 476
47 515
47 1185
47 1328
47 263
47 683
47 702
47 149
47 17
47 274
47 576
47 1318
47 669
47 416
47 602
47 255
47 658
47 1307
47 547
47 1063
47 34
47 84
47 856
47 1059
47 1361
47 1156
47 1044
47 1336
47 1007
47 1300
47 1281
47 158
47 1001
47 370
47 717
47 159
47 1042
47 75
47 1013
47 646
47 276
47 353
47 1271
47 595
47 349
47 70
47 624
47 1201
47 1265
47 1053
47 564
47 1123
47 1210
47 1147
47 167
47 761
47 831
47 552
47 661
47 1277
47 921
47 488
47 1008
47 322
47 1312
47 522
47 1330
47 1246
47 441
47 917
47 123
47 934
47 445
47 1349
47 894
47 1041
47 498
47 829
47 435
47 682
47 1242
47 484
47 1245
47 916
47 272
47 47
47 380
47 404
47 317
47 212
47 297
47 801
47 1181
47 489
47 1208
47 992
47 963
47 1061
47 80
47 157
47 365
47 731
47 54
47 1148
47 639
47 1129
47 446
47 1114
47 500
47 246
47 765
47 600
47 118
47 814
47 855
47 336
47 1087
47 1236
47 108
47 199
47 1006
47 989
47 997
47 985
47 1351
47 1303
47 1371
47 1127
47 288
47 5
47 727
47 1077
47 987
47 1194
47 652
47 850
47 1046
47 379
47 869
47 231
47 38
47 589
47 947
47 461
47 590
47 990
47 703
47 712
47 1192
47 1097
47 321
47 107
47 218
47 832
47 1026
47 1376
47 452
47 1369
47 1126
47 1280
47 1321
47 1244
47 741
47 258
47 1137
47 24
47 1342
47 1079
47 724
47 1260
47 965
47 586
47 1074
47 1233
47 1387
47 851
47 585
47 1254
47 704
47 859
47 1302
47 1221
47 952
47 278
47 1257
47 1189
47 767
47 617
47 473
47 67
47 397
47 352
47 930
47 872
47 1259
47 1047
47 1389
47 366
47 1366
47 486
47 1206
47 390
47 852
47 350
47 447
47 912
47 247
47 616
47 428
47 961
47 506
47 982
47 824
47 1325
47 103
47 980
47 1070
47 59
47 1224
47 32
47 518
47 1034
47 1352
47 144
47 110
47 962
47 662
47 115
47 561
47 1039
47 230
47 229
47 132
47 753
47 1347
47 1134
47 433
47 82
