49 527
49 321
49 1087
49 832
49 320
49 377
49 322
49 1054
49 1370
49 16
49 349
49 150
49 1108
49 538
49 1235
49 476
49 1055
49 585
49 72
49 107
49 1267
49 17
49 271
49 111
49 376
49 537
49 1240
49 479
49 1192
49 452
49 478
49 637
49 356
49 833
49 502
49 1251
49 1053
49 1185
49 703
49 300
49 681
49 1361
49 916
49 15
49 943
49 1056
49 383
49 342
49 117
49 23
49 365
49 1063
49 318
49 961
49 1222
49 417
49 730
49 1302
49 1375
49 1377
49 499
49 375
49 1366
49 389
49 1088
49 987
49 734
49 648
49 1301
49 1246
49 778
49 1210
49 341
49 1086
49 641
49 1083
49 854
49 435
49 333
49 1293
49 460
49 62
49 1365
49 594
49 1081
49 366
49 249
49 32
49 94
49 255
49 1384
49 352
49 509
49 611
49 540
49 1208
49 1180
49 364
49 494
49 131
49 684
49 1281
49 194
49 792
49 1362
49 1280
49 369
49 1085
49 214
49 1224
49 750
49 777
49 4
49 733
49 677
49 1308
49 1200
49 562
49 1368
49 1389
49 606
49 307
49 1294
49 458
49 671
49 731
49 24
49 155
49 149
49 422
49 680
49 1043
49 339
49 1149
49 1137
49 248
49 1073
49 410
49 448
49 266
49 565
49 3
49 1386
49 395
49 662
49 14
49 457
49 1261
49 1109
49 980
49 1154
49 584
49 475
49 551
49 93
49 34
49 59
49 1382
49 336
49 406
49 159
49 561
49 1253
49 1289
49 962
49 304
49 1330
49 1388
49 1138
49 325
49 889
49 918
49 876
49 166
49 1271
49 1121
49 1273
49 666
49 830
49 2
49 425
49 981
49 704
49 868
49 1079
49 246
49 851
49 570
49 164
49 936
49 682
49 1263
49 977
49 706
49 934
49 374
49 1259
49 945
49 1233
49 1390
49 639
49 236
49 1194
49 404
49 1047
49 978
49 190
49 264
49 160
49 1376
49 1148
49 1189
49 1135
49 732
49 700
49 313
49 92
49 60
49 69
49 556
49 47
49 542
49 1392
49 587
49 54
49 98
49 855
49 328
49 963
49 1317
49 1127
49 61
49 707
49 329
49 957
49 660
49 768
49 965
49 507
49 1020
49 1193
49 1383
49 273
49 1184
49 1236
49 579
49 269
49 445
49 837
49 461
49 370
49 899
49 68
49 672
49 305
49 553
49 816
49 1364
49 1245
49 177
49 493
49 1311
49 831
49 1078
49 346
49 705
49 121
49 1265
49 853
49 473
49 253
49 256
49 644
49 814
49 1071
49 157
49 863
49 351
49 1225
49 843
49 73
49 850
49 798
49 145
49 363
49 1241
49 1342
49 607
49 140
49 459
49 180
49 55
49 767
49 653
49 359
49 135
49 575
49 1198
49 382
49 869
49 368
49 1105
49 278
49 1254
49 1283
49 213
49 1248
49 828
49 456
49 1082
49 951
49 572
49 746
49 1250
49 335
49 771
49 979
49 298
49 449
49 37
49 504
49 931
49 466
49 344
49 115
49 1297
49 1322
49 134
49 1042
49 736
49 1027
49 525
49 959
49 350
49 432
49 331
49 29
49 1163
49 640
49 626
49 794
49 472
49 625
49 1057
49 477
49 161
49 656
49 956
49 1201
49 1076
49 789
49 49
49 181
49 1061
49 235
49 1219
49 1059
49 393
49 785
49 1182
49 1145
49 630
49 133
49 334
49 738
49 1119
49 815
49 818
49 132
49 574
49 933
49 912
49 84
49 87
49 1209
49 326
49 221
49 192
49 109
49 1
49 664
49 44
49 1129
49 872
49 413
49 631
49 1026
49 1320
49 930
49 381
49 787
49 513
49 128
49 1379
49 937
49 661
49 22
49 424
49 654
49 1215
49 826
49 701
49 1216
49 191
49 1190
49 1036
49 36
49 1084
49 347
49 842
49 358
49 105
49 345
49 167
49 1006
49 317
49 97
49 852
49 576
49 355
49 929
49 1238
49 518
49 314
49 1179
49 267
49 773
49 928
49 172
49 308
49 1355
49 982
49 530
49 65
49 1316
49 629
49 1072
49 960
49 545
49 348
49 622
49 1279
49 573
49 647
49 917
49 394
49 569
49 142
49 1155
49 1381
49 728
49 1123
49 162
49 1220
49 1268
49 165
49 655
49 451
49 1319
49 921
49 170
49 306
49 874
49 289
49 1270
49 1374
49 319
49 1266
49 50
49 1175
49 944
49 323
49 151
49 274
49 299
49 992
49 362
49 633
49 1333
49 11
49 185
49 315
49 284
49 940
49 176
49 222
49 972
49 1181
49 309
49 481
49 1029
49 444
49 1226
49 547
49 63
49 1394
49 501
49 1162
49 89
49 257
49 439
49 337
49 486
49 295
49 1197
49 1217
49 71
49 658
49 1031
49 563
49 601
49 272
49 179
49 769
49 99
49 496
49 294
49 401
49 1080
49 1399
49 454
49 582
49 578
49 9
49 1202
49 1116
49 892
49 526
49 1173
49 104
49 835
49 1255
49 414
49 429
49 583
49 588
49 1278
49 1030
49 81
49 1391
49 293
49 1067
49 398
49 357
49 533
49 548
49 78
49 1260
49 343
49 645
49 997
49 559
49 1262
49 1024
49 1068
49 1327
49 303
49 667
49 21
49 1044
49 948
49 557
49 689
49 613
49 208
49 1380
49 1221
49 187
49 209
49 286
49 1153
49 1274
49 819
49 1186
49 990
49 281
49 1239
49 887
49 277
49 43
49 1174
49 866
49 1033
49 244
49 724
49 35
49 1292
49 1286
49 1206
49 627
49 517
49 123
49 1205
49 206
49 290
49 737
49 291
49 13
49 880
49 240
49 1191
49 143
49 292
49 541
49 80
49 966
49 1295
49 385
49 758
49 201
49 523
49 1321
49 745
49 76
49 188
49 927
49 693
49 26
49 232
49 86
49 973
49 227
49 388
49 28
49 974
49 650
49 254
49 923
49 610
49 316
49 1008
49 450
49 186
49 552
49 1282
49 116
49 1014
49 844
49 390
49 1041
49 285
49 1089
49 938
49 668
49 757
49 618
49 740
49 1100
49 675
49 697
49 932
49 690
49 53
49 441
49 101
49 1199
49 403
49 45
49 33
49 571
49 79
49 12
49 985
49 983
49 260
49 207
49 108
49 1303
49 871
49 467
49 391
49 1002
49 590
49 1117
49 1329
49 484
49 433
49 148
49 465
49 1228
49 864
49 189
49 231
49 1187
49 810
49 998
49 490
49 909
49 692
49 367
49 568
49 220
49 1298
49 1296
49 765
49 1372
49 327
49 18
49 488
49 7
49 125
49 702
49 1398
49 531
49 85
49 409
49 827
49 423
49 1158
49 1346
49 46
49 1351
49 195
49 1161
49 1150
49 27
49 1264
49 532
49 489
49 110
49 1060
49 665
49 1371
49 163
49 1369
49 577
49 416
49 886
49 788
49 1230
49 144
49 1257
49 873
49 721
49 130
49 896
49 1354
49 1237
49 1348
49 790
49 1252
49 516
49 528
49 1287
49 1034
49 813
49 261
49 480
49 860
49 103
49 754
49 646
49 397
49 1269
49 643
49 1037
49 112
49 198
49 848
49 1023
49 1211
49 455
49 1040
49 224
49 6
49 262
49 925
49 408
49 310
49 784
49 512
49 991
49 952
49 901
49 127
49 1385
49 124
49 373
49 546
49 550
49 1167
49 797
49 30
49 564
49 591
49 75
49 836
49 763
49 353
49 726
49 1097
49 614
49 841
49 242
49 297
49 1171
49 241
49 894
49 1213
49 988
49 766
49 782
49 1050
49 742
49 529
49 947
49 280
49 1275
49 1005
49 411
49 1032
49 1009
49 1310
49 1300
49 462
49 859
49 1324
49 1066
49 40
49 802
49 996
49 1166
49 741
49 258
49 283
49 1038
49 1052
49 743
49 554
49 747
49 922
49 1387
49 1012
49 8
49 378
49 196
49 698
49 1393
49 856
49 710
49 74
49 849
49 652
49 1345
49 1139
49 1013
49 1356
49 663
49 566
49 1107
49 1142
49 1325
49 1315
49 786
49 1349
49 1312
49 593
49 715
49 1035
49 824
49 1309
49 340
49 1395
49 870
49 796
49 522
49 623
49 519
49 228
49 265
49 498
49 829
49 379
49 171
49 324
49 263
49 25
49 840
49 651
49 1258
49 888
49 515
49 1051
49 205
49 152
49 717
49 421
49 942
49 1169
49 245
49 941
49 1075
49 865
49 52
49 505
49 599
49 1353
49 986
49 1313
49 1007
49 1115
49 781
49 939
49 384
49 446
49 907
49 386
49 560
49 822
49 199
49 975
49 447
49 1247
49 118
49 615
49 146
49 1242
49 82
49 1122
49 858
49 861
49 1004
49 126
49 1288
49 1106
49 719
49 158
49 805
49 500
49 51
49 182
49 506
49 608
49 914
49 1363
49 57
49 487
49 685
49 659
49 756
49 1064
49 535
49 624
49 808
49 760
49 908
49 332
49 1323
49 1039
49 1070
49 913
49 1335
49 727
49 234
49 857
49 604
49 1204
49 311
49 96
49 216
49 691
49 994
49 845
49 1188
49 595
49 453
49 1157
49 1284
49 679
49 1373
49 338
49 1095
49 811
49 779
49 1214
49 649
49 903
49 1147
49 964
49 799
49 1144
49 989
49 1307
49 686
49 555
49 210
49 276
49 620
49 1212
49 806
49 1092
49 282
49 695
49 628
49 168
49 174
49 1134
49 1344
49 173
49 1195
49 696
49 976
49 1347
