5 103
5 1032
5 410
5 367
5 943
5 552
5 401
5 1374
5 1061
5 368
5 968
5 625
5 746
5 19
5 849
5 1296
5 360
5 537
5 1272
5 1158
5 824
5 62
5 488
5 26
5 1073
5 102
5 575
5 328
5 925
5 1379
5 544
5 1102
5 574
5 1241
5 540
5 650
5 1391
5 1389
5 332
5 708
5 1253
5 1242
5 172
5 568
5 130
5 1010
5 355
5 327
5 166
5 373
5 961
5 1199
5 349
5 1200
5 1066
5 873
5 1310
5 495
5 813
5 395
5 567
5 37
5 1011
5 14
5 1376
5 1295
5 1283
5 570
5 56
5 981
5 1198
5 529
5 359
5 730
5 137
5 641
5 1297
5 307
5 1279
5 35
5 573
5 1305
5 185
5 2
5 78
5 305
5 27
5 342
5 357
5 1252
5 515
5 1002
5 658
5 749
5 44
5 108
5 416
5 753
5 167
5 1072
5 572
5 860
5 151
5 1311
5 101
5 790
5 323
5 1197
5 287
5 1380
5 451
5 232
5 876
5 472
5 1180
5 93
5 1333
5 828
5 163
5 655
5 77
5 689
5 28
5 707
5 556
5 606
5 1231
5 391
5 1274
5 1189
5 665
5 1378
5 577
5 68
5 930
5 1394
5 1319
5 517
5 688
5 344
5 587
5 334
5 92
5 1299
5 160
5 814
5 536
5 700
5 441
5 1147
5 670
5 329
5 322
5 952
5 1390
5 124
5 1077
5 494
5 671
5 372
5 978
5 320
5 1309
5 202
5 84
5 848
5 318
5 1226
5 1234
5 1265
5 715
5 51
5 17
5 1157
5 801
5 525
5 1336
5 1353
5 1315
5 1206
5 561
5 976
5 295
5 781
5 642
5 177
5 906
5 216
5 1373
5 36
5 11
5 453
5 939
5 847
5 259
5 396
5 445
5 284
5 321
5 656
5 297
5 1186
5 204
5 1023
5 371
5 13
5 481
5 57
5 1065
5 33
5 831
5 1108
5 704
5 294
5 458
5 1248
5 777
5 234
5 1005
5 39
5 527
5 390
5 576
5 731
5 1219
5 899
5 983
5 877
5 1356
5 1342
5 1354
5 1335
5 415
5 347
5 1029
5 833
5 1204
5 66
5 535
5 499
5 1076
5 684
5 1320
5 1254
5 759
5 1233
5 1047
5 1280
5 892
5 585
5 1285
5 551
5 724
5 32
5 1345
5 604
5 1009
5 541
5 192
5 421
5 404
5 1304
5 667
5 1392
5 1230
5 1112
5 134
5 229
5 579
5 1238
5 1003
5 793
5 142
5 389
5 634
5 542
5 894
5 1281
5 29
5 52
5 422
5 1316
5 24
5 800
5 648
5 1334
5 1042
5 783
5 350
5 1068
5 627
5 958
5 406
5 632
5 886
5 748
5 25
5 73
5 815
5 798
5 1332
5 812
5 304
5 448
5 630
5 896
5 508
5 264
5 159
5 181
5 1224
5 624
5 569
5 732
5 855
5 607
5 308
5 203
5 336
5 1119
5 85
5 999
5 1298
5 168
5 1110
5 719
5 1084
5 20
5 996
5 837
5 1169
5 226
5 698
5 523
5 444
5 266
5 296
5 733
5 1339
5 86
5 1055
5 467
5 271
5 672
5 1294
5 1089
5 980
5 663
5 1008
5 506
5 5
5 1138
5 1217
5 40
5 1088
5 666
5 425
5 1190
5 967
5 638
5 333
5 1271
5 592
5 49
5 919
5 997
5 1395
5 712
5 122
5 580
5 1048
5 152
5 598
5 987
5 1115
5 337
5 1148
5 290
5 9
5 15
5 1207
5 236
5 662
5 1205
5 1314
5 1202
5 1159
5 369
5 1352
5 1361
5 629
5 921
5 644
5 356
5 623
5 933
5 1329
5 734
5 1209
5 452
5 760
5 1255
5 1201
5 97
5 717
5 687
5 1183
5 859
5 982
5 1
5 1116
5 354
5 1037
5 1213
5 1046
5 889
5 462
5 1176
5 319
5 1104
5 63
5 87
5 711
5 141
5 854
5 60
5 1179
5 205
5 120
5 511
5 914
5 557
5 1031
5 554
5 769
5 530
5 274
5 1375
5 1022
5 861
5 762
5 703
5 1035
5 578
5 379
5 1331
5 1173
5 835
5 1246
5 1240
5 1056
5 429
5 608
5 588
5 934
5 248
5 149
5 546
5 486
5 685
5 263
5 272
5 637
5 95
5 1030
5 81
5 951
5 497
5 1164
5 398
5 633
5 503
5 680
5 1318
5 533
5 602
5 599
5 502
5 716
5 1185
5 4
5 1268
5 1133
5 310
5 792
5 217
5 626
5 780
5 1007
5 98
5 963
5 1259
5 281
5 65
5 1051
5 164
5 366
5 1137
5 1049
5 928
5 851
5 353
5 99
5 1083
5 1273
5 504
5 944
5 912
5 880
5 468
5 1302
5 1312
5 479
5 738
5 1027
5 225
5 364
5 278
5 155
5 1257
5 385
5 1370
5 201
5 206
5 233
5 745
5 1293
5 16
5 1277
5 677
5 435
5 1162
5 473
5 1347
5 826
5 571
5 249
5 362
5 1014
5 972
5 645
5 794
5 211
5 442
5 246
5 285
5 491
5 235
5 938
5 1340
5 123
5 1377
5 1349
5 464
5 1291
5 1366
5 1163
5 908
5 384
5 1012
5 1229
5 736
5 1019
5 1393
5 758
5 521
5 1109
5 1080
5 553
5 463
5 1386
5 686
5 538
5 917
5 940
5 317
5 1216
5 590
5 863
5 640
5 778
5 72
5 864
5 810
5 83
5 42
5 909
5 381
5 107
5 237
5 432
5 1156
5 91
5 1303
5 214
5 188
5 584
5 902
5 782
5 145
5 1398
5 199
5 409
5 1244
5 1372
5 1289
5 46
5 1218
5 1150
5 1343
5 583
5 532
5 424
5 110
5 1120
5 1235
5 179
5 1328
5 454
5 1210
5 1064
5 292
5 1261
5 227
5 839
5 245
5 434
5 1075
5 1301
5 709
5 1351
5 927
5 957
5 818
5 480
5 785
5 449
5 887
5 146
5 614
5 706
5 6
5 947
5 843
5 1059
5 351
5 827
5 635
5 240
5 603
5 901
5 186
5 289
5 1036
5 1362
5 1239
5 75
5 293
5 1195
5 726
5 277
5 1181
5 109
5 1043
5 12
5 1039
5 162
5 365
5 787
5 1387
5 219
5 230
5 1129
5 193
5 129
5 937
5 1300
5 1052
5 270
5 414
5 936
5 374
5 220
5 1087
5 1013
5 929
5 1053
5 786
5 1263
5 132
5 375
5 601
5 363
5 740
5 300
5 212
5 262
5 870
5 811
5 840
5 388
5 518
5 34
5 455
5 1122
5 157
5 144
5 115
5 756
5 1040
5 1330
5 433
5 476
5 417
5 244
5 649
5 695
5 82
