50 1112
50 1301
50 801
50 192
50 1259
50 410
50 326
50 494
50 124
50 248
50 498
50 273
50 27
50 1191
50 922
50 803
50 1197
50 337
50 802
50 550
50 25
50 1310
50 541
50 332
50 160
50 231
50 146
50 106
50 435
50 671
50 992
50 233
50 336
50 414
50 161
50 1393
50 1263
50 1189
50 421
50 1149
50 1274
50 1207
50 197
50 1319
50 468
50 154
50 456
50 167
50 186
50 185
50 493
50 247
50 19
50 921
50 528
50 349
50 791
50 353
50 432
50 360
50 566
50 665
50 134
50 123
50 234
50 4
50 599
50 925
50 583
50 329
50 169
50 1352
50 318
50 808
50 1006
50 465
50 1286
50 375
50 1124
50 849
50 838
50 1383
50 1108
50 1248
50 1220
50 1243
50 193
50 569
50 369
50 1225
50 125
50 816
50 901
50 752
50 262
50 625
50 1204
50 1239
50 899
50 1213
50 2
50 166
50 577
50 664
50 969
50 279
50 629
50 1154
50 975
50 1186
50 576
50 815
50 319
50 923
50 1003
50 601
50 688
50 384
50 1237
50 661
50 3
50 927
50 142
50 56
50 232
50 196
50 941
50 1312
50 217
50 54
50 662
50 1305
50 110
50 366
50 307
50 147
50 646
50 565
50 428
50 1364
50 1076
50 1199
50 1005
50 1381
50 1074
50 9
50 469
50 557
50 208
50 547
50 666
50 236
50 359
50 959
50 1262
50 1268
50 272
50 655
50 363
50 798
50 556
50 714
50 458
50 1304
50 60
50 406
50 72
50 998
50 225
50 365
50 205
50 572
50 591
50 266
50 774
50 1185
50 947
50 1260
50 974
50 73
50 461
50 540
50 289
50 204
50 1043
50 230
50 1105
50 335
50 988
50 235
50 1363
50 23
50 983
50 24
50 1135
50 229
50 179
50 447
50 1281
50 355
50 1222
50 376
50 256
50 55
50 345
50 170
50 1386
50 188
50 553
50 1009
50 1311
50 1180
50 333
50 343
50 1382
50 1300
50 372
50 317
50 1241
50 304
50 259
50 261
50 105
50 1062
50 1355
50 437
50 69
50 1240
50 44
50 122
50 94
50 600
50 1104
50 1004
50 457
50 484
50 445
50 328
50 545
50 1247
50 1309
50 1366
50 63
50 1147
50 306
50 433
50 358
50 1394
50 117
50 976
50 1245
50 902
50 373
50 924
50 1373
50 1372
50 1377
50 946
50 1255
50 57
50 933
50 296
50 342
50 1235
50 573
50 344
50 434
50 1179
50 135
50 364
50 1384
50 1143
50 1314
50 1264
50 559
50 36
50 460
50 464
50 207
50 1001
50 1012
50 22
50 240
50 1365
50 481
50 939
50 338
50 1155
50 168
50 590
50 1007
50 1254
50 16
50 784
50 1075
50 1315
50 310
50 1114
50 562
50 1137
50 1226
50 623
50 370
50 339
50 712
50 918
50 1290
50 459
50 1077
50 1328
50 1215
50 966
50 340
50 574
50 93
50 529
50 293
50 792
50 979
50 527
50 341
50 255
50 68
50 1210
50 978
50 1201
50 479
50 145
50 1391
50 967
50 523
50 942
50 183
50 1339
50 33
50 570
50 610
50 1056
50 381
50 663
50 21
50 1211
50 518
50 334
50 37
50 71
50 309
50 1192
50 174
50 1212
50 480
50 1048
50 292
50 1322
50 97
50 1221
50 513
50 239
50 1193
50 531
50 605
50 89
50 1302
50 17
50 1252
50 271
50 212
50 645
50 316
50 1188
50 1162
50 101
50 809
50 1278
50 250
50 789
50 291
50 191
50 377
50 516
50 348
50 1139
50 189
50 1163
50 1214
50 1261
50 34
50 1205
50 383
50 1374
50 873
50 393
50 825
50 1100
50 1190
50 993
50 1182
50 413
50 190
50 470
50 962
50 916
50 634
50 504
50 84
50 584
50 43
50 416
50 814
50 431
50 754
50 1249
50 674
50 321
50 1340
50 799
50 80
50 299
50 1106
50 912
50 397
50 683
50 126
50 315
50 1251
50 1351
50 710
50 1346
50 1231
50 1244
50 283
50 638
50 155
50 930
50 254
50 713
50 977
50 1395
50 588
50 300
50 567
50 919
50 131
50 537
50 1375
50 746
50 651
50 1282
50 180
50 475
50 780
50 111
50 85
50 657
50 347
50 1218
50 991
50 672
50 473
50 826
50 62
50 305
50 346
50 563
50 868
50 788
50 1356
50 382
50 943
50 560
50 322
50 1228
50 50
50 1354
50 53
50 354
50 1288
50 107
50 1353
50 667
50 1072
50 181
50 971
50 427
50 575
50 777
50 626
50 26
50 260
50 108
50 1181
50 76
50 79
50 133
50 609
50 1109
50 380
50 917
50 352
50 630
50 543
50 7
50 35
50 20
50 252
50 1296
50 74
50 660
50 150
50 503
50 294
50 973
50 685
50 70
50 1002
50 775
50 999
50 488
50 632
50 568
50 668
50 1184
50 1153
50 267
50 689
50 405
50 1318
50 245
50 308
50 324
50 439
50 1156
50 478
50 1157
50 45
50 5
50 301
50 14
50 331
50 1198
50 1224
50 1126
50 708
50 1361
50 1040
50 908
50 517
50 149
50 182
50 670
50 956
50 747
50 1020
50 787
50 648
50 522
50 897
50 40
50 148
50 763
50 244
50 811
50 1142
50 1206
50 656
50 136
50 297
50 1200
50 595
50 853
50 1173
50 119
50 960
50 739
50 1279
50 1385
50 8
50 1270
50 226
50 242
50 327
50 766
50 515
50 213
50 11
50 981
50 1000
50 1371
50 961
50 47
50 127
50 734
50 611
50 277
50 1321
50 1324
50 453
50 171
50 1338
50 499
50 1065
50 1057
50 121
50 972
50 1257
50 82
50 526
50 323
50 1253
50 209
50 1335
50 49
50 536
50 1044
50 640
50 585
50 1313
50 1111
50 442
50 1151
50 1307
50 1066
50 187
50 1350
50 314
50 1164
50 194
50 18
50 520
50 1132
50 173
50 872
50 555
50 151
50 1323
50 892
50 772
50 1325
50 1233
50 786
50 794
50 1194
50 1295
50 851
50 228
50 996
50 91
50 1018
50 1297
50 509
50 564
50 1392
50 495
50 614
50 846
50 362
50 1061
50 958
50 965
50 282
50 303
50 538
50 59
50 215
50 1055
50 1046
50 241
50 1327
50 1107
50 690
50 874
50 96
50 578
50 1390
50 1236
50 903
50 446
50 287
50 915
50 790
50 1082
50 1336
50 211
50 1092
50 165
50 935
50 796
50 703
50 994
50 1379
50 695
50 580
50 948
50 128
50 940
50 311
50 378
50 438
50 67
50 1110
50 325
50 742
50 827
50 1098
50 158
50 729
50 641
50 652
50 855
50 477
50 1209
50 87
50 673
50 1172
50 813
50 1064
50 715
50 1368
50 1080
50 417
50 201
50 675
50 744
50 571
50 717
50 103
50 1047
50 1042
50 548
50 492
50 172
50 535
50 731
50 1167
50 184
50 1
50 589
50 394
50 773
50 511
50 893
50 162
50 265
50 530
50 613
50 711
50 112
50 210
50 1118
50 761
50 604
50 1140
50 989
50 1165
50 61
50 856
50 489
50 907
50 985
50 502
50 269
50 320
50 783
50 237
50 505
50 749
50 525
50 1337
50 1013
50 1370
50 501
50 678
50 361
50 806
50 542
50 454
50 100
50 1089
50 386
50 1161
50 1203
50 356
50 357
50 1053
50 497
50 1347
50 926
50 1342
50 200
50 404
50 452
50 280
50 1230
50 467
50 861
50 220
50 395
50 152
50 401
50 1349
50 388
50 944
50 785
50 823
50 1117
50 423
50 649
50 295
50 679
50 1094
50 1144
50 422
50 650
50 1029
50 886
50 857
50 474
50 496
50 582
50 697
50 608
50 620
50 596
50 104
50 302
50 1032
50 1051
50 487
50 140
50 90
50 659
50 627
50 852
50 854
50 521
50 587
50 129
50 895
50 1362
50 1320
50 936
50 1250
50 1177
50 964
50 828
50 216
50 500
50 157
50 767
50 929
50 1229
50 13
50 934
50 114
50 721
50 12
50 418
50 720
50 1329
50 551
50 443
50 709
50 1160
50 1187
50 399
50 425
50 727
50 753
50 1341
50 859
50 621
50 1216
50 276
50 1238
50 1227
50 448
50 1284
50 844
50 258
50 222
50 444
50 757
50 450
50 997
50 628
50 1083
50 1008
50 1299
50 1195
50 554
50 1034
50 968
50 371
50 870
50 1017
50 77
50 894
50 686
50 508
50 719
50 264
50 298
50 607
50 1303
50 677
50 807
50 904
50 274
50 95
50 1093
50 1317
50 1273
50 762
50 1030
50 81
50 858
50 1380
50 455
50 286
50 905
50 756
50 1232
50 115
50 736
50 1096
50 1131
50 472
50 164
50 718
50 78
50 1292
50 1223
50 889
50 6
50 1039
50 658
50 622
50 875
50 700
50 1367
50 869
50 1166
50 593
50 594
50 986
50 424
50 701
50 102
50 1097
50 275
50 751
50 848
50 132
50 732
50 42
50 865
50 1069
50 1095
50 598
50 693
50 696
50 1169
50 534
50 843
50 822
50 1202
50 953
50 1041
50 909
50 257
50 476
50 597
50 847
50 1036
50 771
50 633
50 1159
50 1289
50 1265
50 156
50 737
50 1287
50 391
50 1271
50 141
50 120
50 896
50 163
50 830
50 1031
50 692
50 1099
50 954
50 769
50 644
50 1331
50 449
50 195
50 887
50 606
50 546
50 1396
50 797
50 139
50 733
50 1219
50 466
50 176
50 403
50 1316
50 249
50 800
50 602
50 782
50 227
50 1196
50 1246
50 643
50 52
50 390
50 1400
50 1091
50 653
50 765
50 58
50 730
50 615
50 876
50 1059
50 39
50 1217
50 506
50 618
50 519
50 867
50 760
50 1387
50 1128
50 290
50 839
50 1115
50 781
50 707
50 837
50 29
50 1344
50 1326
50 51
50 624
50 288
50 764
50 219
50 636
50 270
50 66
50 441
50 928
50 603
50 198
50 1277
50 1019
50 83
50 199
