52 550
52 326
52 1215
52 22
52 306
52 21
52 528
52 629
52 1191
52 1334
52 571
52 260
52 1281
52 671
52 36
52 798
52 4
52 645
52 925
52 1332
52 251
52 534
52 1076
52 1204
52 134
52 1214
52 440
52 286
52 211
52 1383
52 1311
52 197
52 1365
52 142
52 1027
52 775
52 989
52 3
52 959
52 201
52 1302
52 1364
52 75
52 35
52 23
52 899
52 655
52 456
52 1154
52 406
52 799
52 610
52 170
52 600
52 565
52 664
52 1064
52 1225
52 345
52 121
52 1362
52 304
52 337
52 94
52 1205
52 997
52 1263
52 363
52 265
52 329
52 1355
52 484
52 105
52 1391
52 1190
52 443
52 458
52 1104
52 572
52 971
52 1211
52 906
52 324
52 182
52 646
52 335
52 261
52 316
52 72
52 961
52 41
52 1245
52 1386
52 386
52 2
52 336
52 672
52 573
52 375
52 192
52 1094
52 422
52 252
52 376
52 1301
52 24
52 1257
52 1100
52 187
52 1149
52 366
52 826
52 907
52 938
52 1220
52 96
52 623
52 562
52 9
52 256
52 1110
52 1241
52 661
52 576
52 547
52 1157
52 1142
52 342
52 145
52 334
52 176
52 189
52 457
52 666
52 55
52 404
52 358
52 569
52 188
52 43
52 133
52 291
52 1042
52 1352
52 365
52 353
52 933
52 328
52 315
52 1235
52 355
52 79
52 242
52 377
52 1382
52 1381
52 460
52 882
52 204
52 966
52 299
52 712
52 796
52 179
52 749
52 527
52 26
52 1384
52 40
52 362
52 783
52 149
52 347
52 494
52 1337
52 1366
52 459
52 309
52 7
52 678
52 16
52 74
52 124
52 254
52 80
52 1155
52 125
52 667
52 1274
52 1395
52 1182
52 100
52 333
52 53
52 8
52 280
52 866
52 784
52 1319
52 364
52 1300
52 135
52 560
52 393
52 339
52 344
52 1040
52 1213
52 570
52 461
52 823
52 381
52 131
52 518
52 697
52 346
52 1324
52 383
52 650
52 1309
52 912
52 416
52 255
52 168
52 481
52 943
52 529
52 479
52 310
52 349
52 975
52 992
52 172
52 1310
52 1212
52 1394
52 820
52 71
52 1192
52 689
52 174
52 272
52 973
52 926
52 1279
52 267
52 568
52 892
52 1228
52 318
52 1177
52 29
52 1278
52 1229
52 308
52 270
52 628
52 1109
52 503
52 348
52 271
52 331
52 453
52 504
52 1260
52 180
52 37
52 54
52 540
52 1261
52 240
52 413
52 439
52 1254
52 1322
52 972
52 1108
52 311
52 352
52 435
52 258
52 382
52 371
52 923
52 340
52 1237
52 122
52 559
52 563
52 977
52 343
52 148
52 824
52 1222
52 1341
52 763
52 698
52 17
52 1082
52 1240
52 475
52 431
52 1227
52 155
52 846
52 990
52 117
52 782
52 322
52 754
52 89
52 45
52 444
52 50
52 319
52 688
52 1264
52 1251
52 1106
52 73
52 1179
52 1282
52 1198
52 1268
52 208
52 1323
52 714
52 62
52 205
52 605
52 685
52 520
52 442
52 991
52 397
52 111
52 303
52 1221
52 293
52 300
52 881
52 1351
52 1232
52 488
52 496
52 1188
52 813
52 1153
52 575
52 445
52 794
52 1325
52 493
52 1
52 857
52 441
52 81
52 526
52 788
52 1184
52 107
52 59
52 1009
52 870
52 535
52 297
52 34
52 630
52 123
52 662
52 897
52 76
52 939
52 150
52 668
52 307
52 1185
52 1093
52 807
52 245
52 1173
52 14
52 766
52 1107
52 128
52 759
52 305
52 1139
52 186
52 44
52 95
52 63
52 993
52 380
52 1307
52 1317
52 1349
52 773
52 762
52 1030
52 809
52 561
52 395
52 177
52 173
52 517
52 1367
52 604
52 1114
52 634
52 1172
52 207
52 657
52 1200
52 979
52 905
52 746
52 625
52 792
52 872
52 1223
52 478
52 269
52 193
52 357
52 806
52 209
52 537
52 1398
52 789
52 962
52 1244
52 292
52 61
52 633
52 996
52 1096
52 1025
52 904
52 1131
52 327
52 811
52 49
52 97
52 751
52 874
52 1385
52 856
52 57
52 658
52 601
52 1126
52 1339
52 701
52 489
52 1313
52 217
52 1354
52 448
52 1371
52 1039
52 593
52 965
52 1372
52 1080
52 164
52 1004
52 1273
52 590
52 102
52 1375
52 1361
52 282
52 695
52 273
52 998
52 875
52 739
52 917
52 686
52 191
52 803
52 675
52 974
52 450
52 734
52 1165
52 611
52 594
52 1236
52 1111
52 941
52 1259
52 983
52 132
52 651
52 1350
52 690
52 1159
52 165
52 715
52 574
52 296
52 91
52 487
52 262
52 314
52 1097
52 275
52 660
52 1287
52 84
52 848
52 693
52 241
52 33
52 553
52 394
52 1321
52 220
52 597
52 87
52 652
52 42
52 1092
52 1074
52 602
52 1075
52 1083
52 865
52 663
52 679
52 1247
52 266
52 321
52 1226
52 338
52 417
52 1249
52 437
52 1062
52 1069
52 126
52 1095
52 1289
52 797
52 598
52 538
52 25
52 564
52 222
52 1169
52 1199
52 1167
52 1098
52 822
52 541
52 1008
52 953
52 1295
52 964
52 620
52 525
52 39
52 909
52 1353
52 838
52 466
52 378
52 1224
52 1180
52 653
52 940
52 325
52 847
52 1265
52 513
52 120
52 649
52 60
52 1055
52 472
52 294
52 531
52 85
52 410
52 924
52 536
52 388
52 717
52 1292
52 239
52 580
52 156
52 1147
52 737
52 1189
52 1368
52 11
52 401
52 1210
52 710
52 711
52 815
52 692
52 141
52 1218
52 606
52 477
52 935
52 210
52 434
52 112
52 896
52 948
52 1338
52 244
52 659
52 849
52 1031
52 171
52 1099
52 954
52 769
52 1297
52 140
52 190
52 276
52 119
52 1164
52 800
52 1370
52 1331
52 855
52 58
52 1253
52 69
52 47
52 1187
52 785
52 449
52 887
52 68
52 418
52 317
52 166
52 546
52 665
52 1216
52 52
52 233
52 373
52 1396
52 1243
52 139
52 978
52 147
52 1356
52 1377
52 1132
52 1209
52 184
52 403
52 731
52 1316
52 638
52 249
52 919
52 1001
52 1081
52 1181
52 257
52 981
52 287
52 930
52 780
52 761
52 1201
52 298
52 683
52 859
52 1066
52 1196
52 944
52 160
52 1207
52 956
52 1288
52 607
52 858
52 452
52 548
52 465
52 502
52 608
52 626
52 320
52 129
52 505
52 259
52 390
52 942
52 587
52 1400
52 1091
52 447
52 765
52 946
52 613
52 18
52 976
52 615
52 927
52 624
52 1250
52 1072
52 876
52 1203
52 1195
52 1053
52 101
52 566
52 543
52 1239
52 1217
52 152
52 455
52 903
52 861
52 1128
52 118
52 341
52 506
52 1013
52 151
52 332
52 960
52 474
52 729
52 648
52 618
52 519
52 104
52 867
52 1002
52 781
52 495
52 90
52 760
52 556
52 511
52 854
52 1077
52 323
52 228
52 808
52 774
52 585
52 1262
52 1156
52 110
52 1163
52 290
52 839
52 1326
52 498
52 1084
52 1051
52 1284
52 1144
52 1056
52 1346
52 1115
52 934
52 167
52 707
52 379
52 1304
52 1275
52 900
52 12
52 1271
52 713
52 1018
52 51
52 1010
52 551
52 1296
52 614
52 771
52 399
52 425
52 1233
52 721
52 288
52 673
52 828
52 994
52 230
52 5
52 1057
52 987
52 278
52 114
52 115
52 1342
52 127
52 236
52 1299
52 579
52 229
52 1006
52 764
52 583
52 219
52 700
52 491
52 999
52 264
52 636
52 984
52 6
52 1380
52 603
52 66
52 48
52 1007
52 1061
52 1193
52 198
52 274
52 163
52 588
52 696
52 468
52 928
52 1277
52 757
52 227
52 555
52 706
52 19
52 216
52 490
52 921
52 398
52 793
52 372
52 736
52 753
52 467
52 637
52 206
52 27
52 669
52 1019
52 98
52 78
52 28
52 1194
52 389
52 542
52 889
52 967
52 1390
52 1143
52 949
52 779
52 1267
52 584
52 577
52 507
52 433
52 514
52 88
52 391
52 530
52 424
52 385
52 313
52 557
52 199
52 1043
52 106
52 851
52 1248
52 732
52 83
52 539
52 420
52 183
52 360
52 901
52 1256
52 359
52 1283
52 370
52 592
52 86
52 843
52 277
52 109
52 1041
52 231
52 38
52 430
52 407
52 476
52 1036
52 544
52 82
52 1238
52 1246
52 268
52 469
52 196
52 1393
52 521
52 1242
52 116
52 656
52 1047
52 641
52 248
52 428
52 902
52 1234
52 814
52 1186
52 549
52 1347
52 1272
52 356
52 387
52 680
52 920
52 213
52 802
52 918
52 500
52 612
52 772
52 873
52 830
52 1255
52 922
52 644
52 945
52 1105
52 103
52 195
52 818
52 464
52 733
52 1151
52 1219
52 567
52 1078
52 427
52 770
52 454
52 351
52 533
52 643
52 1231
52 682
52 545
52 1374
52 988
52 146
52 916
52 1112
52 161
52 1073
52 795
52 1306
52 730
52 963
52 283
52 485
52 1003
52 1059
52 1148
52 632
52 175
52 1270
52 895
52 483
52 203
52 1315
52 719
52 312
52 1330
52 1387
52 423
52 93
52 1014
52 470
52 523
52 980
52 687
52 970
52 1202
52 705
52 837
52 224
52 801
52 212
52 432
52 1141
52 1124
52 1266
52 915
52 986
52 1344
52 691
52 591
52 237
52 501
52 1086
52 1158
52 159
52 426
52 1280
52 1230
52 750
52 70
52 1328
52 144
52 221
52 295
52 138
52 1119
52 1085
52 1269
52 578
52 415
52 243
52 589
52 361
52 1379
52 169
52 1318
52 402
52 421
52 1373
52 817
52 522
52 627
52 748
52 247
52 225
52 508
52 985
52 1303
52 214
52 56
52 702
52 232
52 699
52 1336
52 894
52 64
52 825
52 1343
52 1024
52 157
52 1252
52 234
52 704
52 947
52 767
52 635
52 289
52 869
52 1166
52 185
52 486
