53 208
53 267
53 269
53 61
53 1236
53 653
53 298
53 1253
53 1273
53 1222
53 268
53 407
53 1221
53 1282
53 112
53 437
53 775
53 270
53 33
53 579
53 1181
53 408
53 297
53 339
53 88
53 1006
53 1238
53 402
53 342
53 531
53 1377
53 456
53 447
53 104
53 1111
53 1309
53 808
53 608
53 160
53 1139
53 318
53 607
53 332
53 370
53 663
53 1391
53 1258
53 1073
53 186
53 129
53 625
53 403
53 912
53 19
53 193
53 490
53 540
53 809
53 1239
53 22
53 114
53 228
53 524
53 25
53 967
53 296
53 721
53 978
53 626
53 500
53 93
53 541
53 299
53 1105
53 319
53 1255
53 18
53 1303
53 604
53 1243
53 436
53 993
53 266
53 449
53 892
53 410
53 273
53 1189
53 664
53 1393
53 723
53 1194
53 450
53 1224
53 587
53 1191
53 536
53 688
53 180
53 1052
53 1274
53 278
53 469
53 1319
53 251
53 448
53 563
53 1180
53 657
53 34
53 420
53 373
53 185
53 583
53 1247
53 488
53 630
53 472
53 167
53 665
53 481
53 190
53 1107
53 37
53 224
53 1302
53 316
53 1286
53 89
53 1368
53 574
53 1179
53 512
53 571
53 1199
53 369
53 169
53 1112
53 992
53 302
53 1234
53 1228
53 433
53 680
53 660
53 1248
53 557
53 259
53 1375
53 873
53 878
53 396
53 85
53 649
53 1003
53 108
53 349
53 1087
53 7
53 11
53 1108
53 535
53 1259
53 63
53 1161
53 1249
53 487
53 1372
53 1042
53 36
53 655
53 1295
53 1312
53 1276
53 428
53 375
53 1232
53 975
53 27
53 465
53 146
53 240
53 28
53 288
53 928
53 128
53 166
53 1147
53 226
53 803
53 493
53 498
53 64
53 161
53 462
53 746
53 1353
53 1322
53 414
53 872
53 372
53 329
53 1328
53 317
53 434
53 504
53 236
53 1185
53 125
53 1263
53 1301
53 110
53 977
53 580
53 1390
53 191
53 102
53 529
53 395
53 44
53 421
53 87
53 1284
53 601
53 1162
53 1198
53 17
53 1310
53 903
53 60
53 1062
53 1088
53 1154
53 998
53 959
53 816
53 1351
53 458
53 347
53 786
53 321
53 360
53 1314
53 916
53 142
53 1237
53 122
53 196
53 1079
53 1009
53 371
53 560
53 209
53 917
53 84
53 1039
53 550
53 1143
53 1203
53 252
53 253
53 1165
53 230
53 1315
53 229
53 1074
53 764
53 1164
53 662
53 1124
53 494
53 946
53 729
53 1197
53 966
53 234
53 197
53 386
53 887
53 179
53 217
53 522
53 337
53 801
53 491
53 446
53 718
53 432
53 947
53 923
53 693
53 106
53 435
53 556
53 666
53 1156
53 1381
53 353
53 1220
53 188
53 1356
53 1369
53 192
53 183
53 777
53 1190
53 930
53 800
53 233
53 202
53 145
53 976
53 670
53 922
53 523
53 1389
53 1373
53 1281
53 116
53 1144
53 927
53 231
53 176
53 1110
53 1352
53 942
53 138
53 765
53 1077
53 970
53 1245
53 1002
53 1104
53 59
53 1355
53 364
53 232
53 480
53 636
53 1007
53 936
53 175
53 974
53 248
53 569
53 1374
53 575
53 692
53 1193
53 262
53 812
53 40
53 1151
53 97
53 68
53 257
53 168
53 877
53 802
53 56
53 1075
53 908
53 747
53 218
53 283
53 154
53 921
53 357
53 1251
53 767
53 1005
53 596
53 787
53 899
53 1277
53 991
53 1382
53 1119
53 222
53 656
53 924
53 134
53 54
53 1304
53 1015
53 519
53 1076
53 629
53 35
53 247
53 2
53 576
53 759
53 815
53 72
53 1209
53 221
53 1163
53 599
53 213
53 181
53 343
53 902
53 280
53 338
53 858
53 310
53 1354
53 528
53 1268
53 1072
53 553
53 609
53 1288
53 340
53 1114
53 1296
53 731
53 1335
53 477
53 124
53 1214
53 20
53 442
53 1231
53 1106
53 1318
53 559
53 1262
53 1305
53 69
53 206
53 796
53 1367
53 382
53 905
53 577
53 1172
53 527
53 216
53 405
53 468
53 591
53 788
53 170
53 274
53 994
53 427
53 261
53 279
53 101
53 1226
53 710
53 235
53 567
53 1398
53 9
53 365
53 73
53 74
53 811
53 667
53 621
53 105
53 518
53 766
53 384
53 1014
53 94
53 126
53 307
53 1394
53 958
53 537
53 215
53 205
53 1313
53 1083
53 326
53 1184
53 243
53 1188
53 328
53 979
53 4
53 907
53 495
53 103
53 265
53 1081
53 712
53 1330
53 971
53 981
53 1211
53 49
53 341
53 431
53 932
53 1230
53 355
53 549
53 123
53 1218
53 1175
53 416
53 204
53 901
53 393
53 79
53 798
53 119
53 1264
53 294
53 849
53 1153
53 725
53 117
53 1065
53 782
53 969
53 171
53 859
53 1350
53 900
53 868
53 344
53 1063
53 366
53 1371
53 1167
53 464
53 484
53 863
53 623
53 237
53 689
53 1080
53 1297
53 306
53 713
53 1192
53 1244
53 300
53 847
53 1145
53 517
53 585
53 1
53 211
53 1171
53 173
53 1323
53 513
53 595
53 841
53 463
53 893
53 814
53 757
53 260
53 695
53 1364
53 514
53 1040
53 1320
53 645
53 694
53 304
53 50
53 385
53 1201
53 658
53 516
53 996
53 256
53 13
53 711
53 1157
53 1146
53 1066
53 795
53 1155
53 1149
53 1306
53 1241
53 225
53 794
53 1275
53 1252
53 552
53 962
53 187
53 797
53 856
53 1019
53 356
53 1311
53 941
53 293
53 57
53 404
53 189
53 600
53 438
53 323
53 983
53 918
53 336
53 158
53 546
53 241
53 1173
53 1010
53 634
53 136
53 203
53 139
53 45
53 501
53 813
53 1317
53 381
53 1213
53 646
53 184
53 272
53 492
53 554
53 572
53 627
53 312
53 987
53 474
53 289
53 497
53 566
53 1279
53 1383
53 911
53 605
53 1134
53 511
53 133
53 324
53 780
53 904
53 207
53 470
53 640
53 1380
53 1140
53 295
53 1272
53 3
53 651
53 452
53 199
53 1337
53 174
53 1159
53 714
53 390
53 214
53 612
53 1204
53 1061
53 555
53 690
53 401
53 301
53 772
53 696
53 961
53 830
53 1004
53 986
53 10
53 1336
53 997
53 131
53 1225
53 148
53 1216
53 374
53 1086
53 86
53 875
53 594
53 679
53 855
53 1182
53 785
53 399
53 547
53 597
53 303
53 1130
53 818
53 334
53 466
53 439
53 118
53 610
53 773
53 972
53 1082
53 760
53 1324
53 242
53 781
53 423
53 24
53 618
53 1078
53 1029
53 886
53 1047
53 55
53 135
53 482
53 700
53 542
53 933
53 661
53 1227
53 413
53 1116
53 292
53 850
53 719
53 774
53 561
53 245
53 327
53 177
53 526
53 100
53 23
53 844
53 598
53 825
53 172
53 1341
53 973
53 1022
53 643
53 120
53 363
53 71
53 1200
53 359
53 1084
53 810
53 631
53 1395
53 791
53 1195
53 78
53 379
53 953
53 473
53 763
53 443
53 838
53 182
53 82
53 943
53 121
53 1160
53 212
53 1379
53 508
53 440
53 46
53 109
53 1348
53 380
53 678
53 741
53 505
53 761
53 130
53 284
53 315
53 799
53 354
53 99
53 1290
53 43
53 52
53 305
53 633
53 635
53 277
53 861
53 1099
53 1338
53 960
53 309
53 391
53 1387
53 406
53 352
53 479
53 807
53 14
53 1071
53 77
53 538
53 717
53 565
53 1240
53 984
53 1205
53 1347
53 1094
53 287
53 952
53 198
53 48
53 1257
53 1166
53 829
53 1349
53 1271
53 845
53 383
53 716
53 30
53 1344
53 593
53 985
53 836
53 75
53 1202
53 330
53 1212
53 1068
53 926
53 1001
53 335
53 956
53 706
53 39
53 573
53 768
53 1043
53 1177
53 534
53 755
53 398
53 90
53 367
53 1289
53 793
53 1128
53 80
53 1095
53 394
53 1109
53 749
53 743
53 701
53 70
53 1100
53 602
53 876
53 467
53 637
53 1400
53 1091
53 669
53 1000
53 98
53 149
53 562
53 389
53 673
53 686
53 1093
53 506
53 525
53 699
53 929
53 965
53 949
53 779
53 792
53 1267
53 1187
53 388
53 1210
53 195
53 894
53 1219
53 507
53 827
53 314
53 377
53 1326
53 530
53 313
53 1291
53 8
53 1343
53 1064
53 418
53 26
53 989
53 454
53 865
53 1092
53 51
53 675
53 804
53 132
53 659
53 1333
53 539
53 499
53 1325
53 1056
53 376
53 683
53 1235
53 1256
53 652
53 751
53 588
53 96
53 1098
53 1283
53 722
53 459
53 592
53 771
53 1136
53 1142
53 730
53 29
53 244
53 805
53 333
53 38
53 430
53 828
53 113
53 590
53 544
53 455
53 990
53 521
53 1242
53 1342
53 1386
53 727
53 857
53 1186
53 246
53 503
53 820
53 387
53 920
53 709
53 219
53 1300
53 258
53 66
53 999
53 1287
53 739
53 308
53 624
53 165
53 1233
53 945
53 968
53 826
53 1392
53 1254
53 476
53 486
53 1097
53 227
53 322
53 638
53 770
53 753
53 445
53 351
53 1321
53 81
53 533
53 140
53 682
53 545
53 988
53 963
53 784
53 311
53 156
53 485
53 1148
53 632
53 21
53 58
53 417
53 1223
53 1270
53 895
53 483
53 1370
53 201
53 475
53 83
53 570
53 91
53 919
53 1339
53 42
53 378
53 906
53 672
53 325
53 980
53 687
53 705
53 1141
53 460
53 163
53 1266
53 915
53 461
53 1307
53 940
53 668
53 691
53 53
53 358
53 1158
53 159
53 426
53 1250
53 1280
53 444
53 750
53 1260
53 1365
53 144
53 939
53 789
53 115
53 1085
53 1269
53 944
53 578
53 415
53 457
53 606
53 6
53 589
53 361
53 16
53 754
53 346
53 496
53 489
53 150
53 348
53 1334
53 147
53 1385
53 817
53 748
53 1332
53 155
53 1207
53 1278
53 152
53 1261
53 964
53 1246
53 702
53 1229
53 62
53 453
53 697
53 1024
53 157
53 1265
53 564
53 704
53 603
53 869
