54 123
54 1185
54 525
54 305
54 84
54 398
54 564
54 666
54 623
54 554
54 1213
54 1393
54 559
54 566
54 145
54 283
54 662
54 959
54 872
54 1192
54 784
54 120
54 44
54 983
54 353
54 1307
54 338
54 962
54 142
54 1107
54 347
54 49
54 1395
54 303
54 873
54 365
54 435
54 1161
54 1258
54 295
54 571
54 645
54 260
54 1241
54 655
54 1159
54 651
54 661
54 98
54 344
54 269
54 55
54 348
54 354
54 101
54 1366
54 343
54 294
54 21
54 754
54 274
54 1394
54 1263
54 789
54 524
54 480
54 646
54 102
54 378
54 670
54 37
54 45
54 81
54 689
54 539
54 366
54 240
54 668
54 522
54 1204
54 1386
54 584
54 36
54 23
54 396
54 546
54 1300
54 1002
54 1282
54 387
54 436
54 979
54 481
54 355
54 306
54 1112
54 572
54 570
54 364
54 325
54 550
54 861
54 339
54 773
54 1264
54 1317
54 438
54 497
54 1355
54 963
54 560
54 1104
54 540
54 1222
54 61
54 553
54 1004
54 144
54 135
54 493
54 77
54 24
54 47
54 509
54 1139
54 423
54 211
54 25
54 1378
54 1106
54 1217
54 1348
54 1270
54 166
54 1154
54 1198
54 1236
54 701
54 980
54 555
54 162
54 565
54 267
54 999
54 625
54 1328
54 154
54 74
54 869
54 981
54 94
54 383
54 592
54 337
54 599
54 1283
54 310
54 1006
54 32
54 437
54 29
54 333
54 1381
54 690
54 62
54 591
54 71
54 606
54 421
54 22
54 597
54 1040
54 369
54 1158
54 626
54 182
54 329
54 549
54 585
54 1191
54 1215
54 1369
54 395
54 1281
54 1099
54 576
54 58
54 577
54 1199
54 1216
54 1284
54 48
54 1290
54 1200
54 759
54 1220
54 352
54 66
54 121
54 635
54 89
54 168
54 225
54 605
54 1303
54 50
54 414
54 270
54 357
54 608
54 1226
54 1007
54 318
54 401
54 273
54 380
54 16
54 569
54 628
54 1001
54 69
54 1237
54 1036
54 17
54 406
54 20
54 489
54 128
54 912
54 688
54 371
54 342
54 122
54 12
54 747
54 54
54 268
54 332
54 580
54 1110
54 1250
54 1377
54 538
54 370
54 88
54 667
54 508
54 151
54 442
54 1148
54 381
54 1218
54 1010
54 125
54 932
54 1345
54 175
54 899
54 26
54 384
54 1373
54 183
54 575
54 541
54 707
54 1255
54 814
54 275
54 359
54 1066
54 456
54 1308
54 1061
54 947
54 1183
54 1151
54 1285
54 72
54 544
54 1234
54 574
54 79
54 411
54 1253
54 314
54 1306
54 505
54 1356
54 1274
54 1206
54 976
54 1292
54 1268
54 1319
54 937
54 5
54 717
54 764
54 535
54 63
54 767
54 957
54 1065
54 35
54 92
54 1309
54 1244
54 816
54 100
54 185
54 1000
54 158
54 173
54 216
54 756
54 272
54 994
54 277
54 358
54 334
54 874
54 595
54 991
54 186
54 801
54 1147
54 1105
54 638
54 232
54 537
54 634
54 93
54 160
54 218
54 939
54 157
54 1262
54 593
54 82
54 721
54 1311
54 1098
54 936
54 657
54 1074
54 1202
54 1097
54 697
54 1082
54 487
54 1005
54 529
54 1038
54 192
54 1211
54 1207
54 372
54 197
54 1351
54 85
54 992
54 800
54 490
54 1073
54 219
54 752
54 982
54 139
54 557
54 19
54 1261
54 578
54 163
54 293
54 1391
54 1181
54 1100
54 1041
54 1302
54 1231
54 233
54 713
54 40
54 1390
54 213
54 13
54 556
54 1114
54 588
54 473
54 1271
54 925
54 1354
54 621
54 1240
54 124
54 1184
54 1188
54 410
54 636
54 399
54 1254
54 601
54 234
54 1326
54 2
54 1310
54 929
54 457
54 161
54 1343
54 944
54 51
54 1232
54 664
54 53
54 1364
54 1229
54 1062
54 1179
54 459
54 482
54 1157
54 1136
54 943
54 397
54 1195
54 630
54 190
54 446
54 1108
54 938
54 56
54 542
54 307
54 1196
54 1121
54 150
54 455
54 239
54 742
54 494
54 485
54 1224
54 341
54 977
54 140
54 356
54 558
54 523
54 328
54 787
54 802
54 693
54 603
54 954
54 27
54 181
54 1279
54 798
54 766
54 118
54 1164
54 579
54 500
54 323
54 797
54 1349
54 974
54 9
54 1028
54 685
54 946
54 815
54 6
54 745
54 304
54 978
54 501
54 1177
54 349
54 1301
54 189
54 1205
54 95
54 1115
54 1225
54 903
54 409
54 1259
54 464
54 282
54 1304
54 317
54 1295
54 407
54 96
54 998
54 692
54 1093
54 966
54 443
54 865
54 193
54 902
54 255
54 629
54 350
54 1178
54 235
54 940
54 159
54 1096
54 164
54 496
54 469
54 1252
54 1117
54 518
54 177
54 758
54 812
54 893
54 109
54 757
54 586
54 1361
54 858
54 229
54 119
54 860
54 1228
54 989
54 587
54 750
54 428
54 256
54 1323
54 1318
54 1296
54 129
54 1239
54 877
54 799
54 1297
54 1072
54 715
54 1362
54 971
54 1350
54 686
54 184
54 111
54 1277
54 695
54 1344
54 526
54 110
54 975
54 961
54 933
54 432
54 498
54 617
54 1057
54 1251
54 252
54 777
54 97
54 1165
54 582
54 146
54 474
54 302
54 308
54 997
54 1389
54 746
54 134
54 1238
54 1385
54 1298
54 521
54 116
54 439
54 1346
54 671
54 826
54 1265
54 1064
54 870
54 201
54 91
54 155
54 1076
54 1370
54 927
54 552
54 1219
54 222
54 324
54 484
54 656
54 257
54 198
54 326
54 610
54 170
54 1214
54 68
54 536
54 547
54 783
54 749
54 1337
54 1008
54 678
54 1140
54 620
54 375
54 859
54 292
54 840
54 262
54 388
54 604
54 660
54 823
54 600
54 1094
54 650
54 486
54 1305
54 362
54 876
54 672
54 886
54 261
54 1335
54 1142
54 316
54 331
54 709
54 149
54 1027
54 923
54 711
54 1077
54 43
54 763
54 30
54 1248
54 968
54 1379
54 431
54 1341
54 1035
54 1330
54 174
54 263
54 503
54 169
54 1212
54 888
54 73
54 1227
54 1101
54 105
54 520
54 258
54 299
54 444
54 188
54 28
54 714
54 1003
54 466
54 8
54 1143
54 416
54 212
54 208
54 319
54 463
54 179
54 897
54 573
54 1294
54 973
54 807
54 245
54 1221
54 1173
54 1315
54 345
54 131
54 445
54 762
54 1030
54 809
54 1313
54 517
54 315
54 1172
54 286
54 1153
54 905
54 1375
54 1352
54 1149
54 4
54 993
54 857
54 1009
54 297
54 806
54 1131
54 811
54 311
54 80
54 1209
54 856
54 1223
54 242
54 1039
54 658
54 7
54 1336
54 875
54 1367
54 1324
54 1
54 57
54 133
54 594
54 1111
54 291
54 972
54 1339
54 751
54 448
54 848
54 132
54 42
54 1092
54 254
54 792
54 1075
54 917
54 1069
54 1095
54 892
54 598
54 590
54 340
54 1169
54 534
54 822
54 953
54 1247
54 909
54 838
54 847
54 513
54 649
54 205
54 633
54 675
54 476
54 1126
54 1289
54 924
54 1371
54 156
54 737
54 296
54 11
54 1287
54 141
54 217
54 568
54 87
54 210
54 434
54 896
54 1338
54 1167
54 849
54 1031
54 769
54 1331
54 33
54 449
54 117
54 887
54 450
54 1249
54 846
54 803
54 1396
54 528
54 1243
54 176
54 1132
54 403
54 171
54 1316
54 249
54 602
54 782
54 930
54 346
54 780
54 941
54 956
54 712
54 52
54 562
54 548
54 147
54 390
54 1400
54 1273
54 1091
54 653
54 60
54 1109
54 447
54 765
54 417
54 613
54 615
54 287
54 377
54 204
54 543
54 39
54 220
54 679
54 506
54 1013
54 259
54 729
54 919
54 618
54 519
54 794
54 867
54 363
54 760
54 152
54 59
54 1128
54 1163
54 290
54 839
54 964
54 942
54 531
54 788
54 1051
54 781
54 1322
54 796
54 187
54 1018
54 1156
54 614
54 673
54 828
54 453
54 276
54 114
54 511
54 172
54 1342
54 683
54 1235
54 624
54 288
54 230
54 1380
54 1203
54 996
54 14
54 441
54 928
54 209
54 753
54 1019
54 1321
54 1144
54 710
54 165
54 83
54 199
54 433
54 1201
54 244
