55 4
55 376
55 3
55 460
55 671
55 458
55 336
55 1301
55 72
55 1364
55 1154
55 1383
55 1225
55 326
55 134
55 798
55 406
55 1149
55 664
55 16
55 959
55 366
55 335
55 192
55 899
55 2
55 562
55 1281
55 1241
55 1076
55 256
55 527
55 304
55 24
55 377
55 1384
55 358
55 1263
55 17
55 1382
55 348
55 375
55 457
55 1302
55 629
55 306
55 135
55 309
55 170
55 345
55 365
55 251
55 344
55 105
55 364
55 1355
55 461
55 459
55 255
55 1351
55 1394
55 569
55 1311
55 382
55 1365
55 1155
55 383
55 1220
55 1386
55 1366
55 73
55 655
55 352
55 71
55 155
55 55
55 1192
55 661
55 504
55 271
55 570
55 145
55 339
55 23
55 1235
55 322
55 1240
55 54
55 1185
55 9
55 333
55 547
55 479
55 565
55 142
55 337
55 50
55 180
55 475
55 573
55 62
55 381
55 1261
55 572
55 272
55 1182
55 343
55 107
55 1260
55 1228
55 925
55 36
55 329
55 111
55 1214
55 241
55 1278
55 389
55 393
55 334
55 363
55 540
55 413
55 355
55 563
55 21
55 961
55 37
55 912
55 754
55 1381
55 150
55 349
55 121
55 1254
55 610
55 977
55 305
55 611
55 1109
55 538
55 346
55 1268
55 668
55 307
55 1205
55 537
55 300
55 291
55 422
55 440
55 187
55 667
55 148
55 933
55 261
55 347
55 327
55 1322
55 325
55 89
55 94
55 404
55 76
55 80
55 81
55 1198
55 328
55 1285
55 1282
55 1395
55 310
55 254
55 630
55 316
55 133
55 672
55 1237
55 265
55 1215
55 784
55 308
55 1236
55 189
55 666
55 1222
55 1100
55 734
55 53
55 435
55 439
55 478
55 45
55 242
55 1334
55 1251
55 1372
55 292
55 1376
55 260
55 323
55 502
55 207
55 342
55 1244
55 940
55 240
55 34
55 1375
55 125
55 397
55 425
55 87
55 266
55 321
55 528
55 1027
55 1200
55 662
55 789
55 484
55 568
55 934
55 646
55 320
55 493
55 74
55 1385
55 481
55 1212
55 7
55 1370
55 191
55 63
55 315
55 299
55 652
55 542
55 1180
55 775
55 648
55 1264
55 585
55 974
55 314
55 1078
55 855
55 943
55 1072
55 293
55 788
55 1257
55 117
55 526
55 1245
55 445
55 731
55 962
55 474
55 152
55 1042
55 1213
55 888
55 701
55 596
55 324
55 941
55 350
55 637
55 1055
55 1211
55 209
55 979
55 535
55 992
55 1226
55 123
55 993
55 872
55 131
55 838
55 477
55 777
55 165
55 1199
55 1309
55 796
55 410
55 507
55 124
55 91
55 43
55 49
55 564
55 1157
55 833
55 700
55 353
55 965
55 59
55 1060
55 641
55 906
55 128
55 126
55 41
55 551
55 1105
55 1080
55 1325
55 529
55 966
55 892
55 172
55 1253
55 525
55 1300
55 1184
55 298
55 1324
55 1331
55 40
55 996
55 1123
55 935
55 153
55 273
55 659
55 560
55 972
55 1173
55 1137
55 22
55 794
55 281
55 627
55 1332
55 948
55 140
55 220
55 559
55 917
55 44
55 8
55 378
55 1323
55 907
55 1354
55 1293
55 1262
55 854
55 730
55 944
55 1209
55 587
55 294
55 576
55 561
55 663
55 47
55 1107
55 1142
55 770
55 264
55 487
55 644
55 1250
55 96
55 553
55 574
55 201
55 1368
55 25
55 1051
55 607
55 645
55 1171
55 79
55 978
55 35
55 340
55 990
55 981
55 1056
55 779
55 623
55 268
55 101
55 394
55 253
55 287
55 1356
55 785
55 665
55 625
55 929
55 1053
55 112
55 318
55 651
55 303
55 119
55 97
55 761
55 1210
55 228
55 205
55 489
55 882
55 88
55 584
55 181
55 901
55 863
55 206
55 388
55 1359
55 769
55 311
55 1224
55 1374
55 1358
55 505
55 1353
55 186
55 1201
55 939
55 1294
55 1274
55 452
55 1246
55 1357
55 386
55 395
55 1191
55 732
55 866
55 188
55 1083
55 1319
55 416
55 1189
55 792
55 1126
55 571
55 257
55 861
55 14
55 771
55 932
55 1040
55 12
55 244
55 980
55 539
55 1321
55 1288
55 412
55 280
55 1106
55 826
55 973
55 495
55 889
55 179
55 182
55 1092
55 608
55 104
55 455
55 881
55 1361
55 848
55 599
55 742
55 276
55 90
55 1052
55 1380
55 1150
55 843
55 850
55 380
55 818
55 601
55 808
55 362
55 1067
55 1333
55 1087
55 1371
55 1233
55 740
55 733
55 1
55 773
55 110
55 604
55 1377
55 1304
55 799
55 204
55 642
55 61
55 84
55 675
55 1307
55 453
55 469
55 960
55 632
55 831
55 269
55 1050
55 1108
55 379
55 736
55 11
55 418
55 1223
55 600
55 824
55 248
55 472
55 1187
55 680
55 928
55 1349
55 399
55 297
55 1144
55 741
55 341
55 1014
55 13
55 1391
55 1216
55 456
55 1188
55 1193
55 122
55 938
55 5
55 1119
55 494
55 1031
55 1112
55 396
55 285
55 106
55 714
55 450
55 1284
55 222
55 620
55 679
55 338
55 127
55 710
55 1041
55 681
55 921
55 987
55 1299
55 6
55 746
55 1122
55 465
55 1118
55 414
55 1342
55 1392
55 689
55 748
55 580
55 424
55 1256
55 696
55 499
55 1393
55 141
55 267
55 752
55 903
55 518
55 115
55 1273
55 1259
55 705
55 1389
55 351
55 149
55 1061
55 1121
55 29
55 92
55 1141
55 331
55 319
55 859
55 964
55 984
55 1310
55 441
55 1248
55 858
55 810
55 894
55 1043
55 108
55 1035
55 368
55 916
55 583
55 555
55 173
55 373
55 532
55 387
55 787
55 1219
55 163
55 793
55 432
55 1008
55 967
55 998
55 302
55 862
55 721
55 195
55 782
55 130
55 1036
55 976
55 93
55 1197
55 160
55 401
55 1265
55 957
55 1379
55 282
55 1181
55 828
55 270
55 1047
55 1270
55 1138
55 628
55 945
55 991
55 857
55 1190
55 78
55 1283
55 739
55 997
55 391
55 164
55 60
55 985
55 723
55 274
55 1221
55 556
55 278
55 776
55 243
55 760
55 168
55 1148
55 837
55 704
55 476
55 1116
55 417
55 1070
55 1037
55 28
55 988
55 729
55 174
55 618
55 626
55 86
55 851
55 224
55 1069
55 462
55 579
55 231
55 390
55 512
55 1054
55 33
55 703
55 151
55 284
55 822
55 591
55 448
55 1398
55 1029
55 927
55 763
55 841
55 685
55 359
55 953
55 653
55 146
55 369
55 832
55 1387
55 825
55 1159
55 27
55 503
55 690
55 185
55 578
55 1024
55 835
55 496
55 1292
55 429
55 588
55 221
55 678
55 1030
55 766
55 1271
55 398
55 442
55 1347
55 533
55 885
55 1085
55 208
55 162
55 531
55 1068
55 486
55 897
55 849
55 193
55 1058
55 830
55 18
55 98
55 1016
55 963
55 1280
55 1390
55 575
55 606
55 724
55 767
55 738
55 656
55 820
55 233
55 99
55 1206
55 699
55 541
55 880
55 1110
55 1231
55 473
55 263
55 1242
55 658
55 716
55 955
55 1135
55 1295
55 385
55 669
55 1117
55 1341
55 296
55 1217
55 956
55 745
55 26
55 454
55 1131
55 684
55 227
55 1208
55 743
55 650
55 1337
55 1012
55 1020
55 643
55 1296
55 1003
55 1178
55 521
55 1167
55 783
55 923
55 552
55 118
55 446
55 1089
55 1373
55 616
55 686
55 1338
55 764
55 39
55 1279
55 1207
55 891
55 1059
55 136
55 983
55 890
55 856
55 593
55 1339
55 1363
55 1002
55 590
55 640
55 1015
55 778
55 1134
55 864
55 20
55 1313
55 77
55 813
55 909
55 1120
55 183
55 523
55 56
55 1128
55 1125
55 275
55 159
55 464
55 211
55 839
55 277
55 409
55 781
55 46
55 1082
55 444
55 232
55 577
55 762
55 886
55 1172
55 1018
55 896
55 426
55 480
55 1344
55 1195
55 449
55 827
55 1343
55 887
55 1025
55 1127
55 989
55 706
55 15
55 451
55 1202
55 1362
55 1239
55 75
55 930
55 726
55 1032
55 1129
55 199
55 937
55 554
55 622
55 1320
55 936
55 374
55 212
55 1345
55 982
55 1013
55 874
55 1255
55 786
55 715
55 262
55 946
55 870
55 1179
55 840
55 210
55 427
55 707
55 1169
55 1088
55 677
55 157
55 144
55 51
55 246
55 756
55 433
55 908
55 1330
55 649
55 198
55 1147
55 695
55 82
