56 753
56 878
56 202
56 391
56 1111
56 1290
56 1339
56 593
56 634
56 441
56 15
56 14
56 686
56 856
56 1338
56 1341
56 747
56 766
56 1008
56 749
56 390
56 637
56 1105
56 719
56 859
56 879
56 442
56 1285
56 685
56 444
56 643
56 52
56 880
56 948
56 204
56 876
56 627
56 858
56 781
56 638
56 658
56 362
56 285
56 857
56 1057
56 380
56 874
56 783
56 671
56 294
56 864
56 899
56 251
56 1351
56 492
56 567
56 748
56 914
56 137
56 1123
56 1272
56 25
56 993
56 1380
56 234
56 325
56 461
56 1331
56 1197
56 1056
56 530
56 249
56 950
56 1336
56 1066
56 201
56 798
56 812
56 708
56 1108
56 1269
56 860
56 1337
56 1248
56 1121
56 571
56 30
56 947
56 415
56 482
56 606
56 411
56 774
56 1078
56 295
56 932
56 1381
56 1106
56 1162
56 342
56 894
56 574
56 966
56 590
56 999
56 1366
56 598
56 60
56 925
56 711
56 791
56 780
56 712
56 1209
56 632
56 49
56 186
56 1163
56 69
56 287
56 974
56 596
56 347
56 688
56 268
56 866
56 1092
56 746
56 917
56 923
56 985
56 205
56 363
56 37
56 88
56 453
56 955
56 464
56 689
56 1379
56 557
56 1225
56 675
56 566
56 701
56 815
56 1274
56 1051
56 729
56 561
56 1333
56 1001
56 384
56 1231
56 1319
56 813
56 801
56 1045
56 1104
56 554
56 72
56 1294
56 292
56 54
56 544
56 591
56 979
56 96
56 38
56 33
56 232
56 940
56 1229
56 283
56 273
56 1262
56 1264
56 469
56 927
56 293
56 1065
56 435
56 1164
56 1196
56 503
56 122
56 172
56 1395
56 11
56 51
56 839
56 274
56 124
56 1363
56 496
56 516
56 477
56 704
56 459
56 1281
56 70
56 36
56 715
56 670
56 1335
56 907
56 951
56 481
56 657
56 877
56 996
56 693
56 66
56 1019
56 759
56 432
56 126
56 1340
56 1213
56 718
56 1311
56 588
56 227
56 44
56 667
56 713
56 1112
56 1307
56 1132
56 297
56 1191
56 777
56 1352
56 410
56 540
56 1144
56 329
56 63
56 360
56 421
56 933
56 1258
56 1118
56 1334
56 1394
56 1342
56 1018
56 924
56 576
56 1332
56 1206
56 1156
56 775
56 68
56 1257
56 19
56 223
56 80
56 185
56 520
56 225
56 311
56 1320
56 353
56 110
56 1241
56 1330
56 484
56 428
56 203
56 560
56 1100
56 140
56 1383
56 522
56 301
56 816
56 1199
56 1218
56 717
56 543
56 1007
56 1345
56 207
56 709
56 193
56 17
56 650
56 242
56 1006
56 1000
56 1211
56 790
56 1072
56 1187
56 1240
56 978
56 341
56 504
56 1157
56 1391
56 5
56 1089
56 1119
56 618
56 592
56 1091
56 93
56 1214
56 486
56 794
56 1263
56 635
56 655
56 892
56 73
56 1115
56 565
56 337
56 438
56 231
56 1314
56 1107
56 792
56 29
56 1198
56 1141
56 129
56 372
56 1140
56 668
56 340
56 356
56 357
56 651
56 8
56 1005
56 906
56 163
56 142
56 981
56 452
56 373
56 811
56 1305
56 358
56 1098
56 79
56 23
56 1256
56 170
56 802
56 284
56 663
56 55
56 1011
56 942
56 939
56 141
56 886
56 254
56 1353
56 625
56 772
56 680
56 983
56 1310
56 120
56 896
56 434
56 1081
56 167
56 863
56 861
56 1192
56 683
56 810
56 217
56 501
56 727
56 1327
56 1074
56 897
56 1171
56 608
56 499
56 48
56 578
56 710
56 1186
56 739
56 628
56 1161
56 546
56 1173
56 95
56 564
56 547
56 550
56 13
56 502
56 1288
56 1354
56 92
56 1228
56 807
56 1150
56 716
56 230
56 965
56 846
56 952
56 423
56 345
56 968
56 67
56 568
56 742
56 1245
56 837
56 1259
56 272
56 1222
56 829
56 171
56 277
56 121
56 169
56 1181
56 1244
56 497
56 1103
56 1355
56 572
56 888
56 960
56 440
56 524
56 645
56 1151
56 998
56 1204
56 787
56 406
56 698
56 725
56 127
56 928
56 971
56 1027
56 182
56 744
56 536
56 487
56 35
56 814
56 1237
56 1386
56 50
56 365
56 302
56 366
56 1396
56 893
56 809
56 836
56 1270
56 77
56 884
56 1102
56 498
56 1282
56 975
56 1178
56 1374
56 1207
56 1347
56 982
56 173
56 1
56 673
56 1147
56 75
56 919
56 377
56 346
56 467
56 830
56 972
56 1101
56 57
56 1268
56 198
56 112
56 236
56 508
56 266
56 641
56 166
56 108
56 1043
56 976
56 959
56 195
56 1390
56 569
56 462
56 1291
56 267
56 883
56 191
56 56
56 1182
56 196
56 1298
56 379
56 1015
56 1194
56 443
56 1134
56 1246
56 760
56 616
56 1372
56 740
56 32
56 1216
56 1188
56 304
56 245
56 344
56 961
56 891
56 707
56 1284
56 599
56 1130
56 83
56 1322
56 237
56 349
56 840
56 40
56 458
56 929
56 1075
56 799
56 257
56 902
56 165
56 552
56 103
56 1289
56 589
56 371
56 1247
56 1343
56 433
56 211
56 621
56 160
56 296
56 1328
56 1064
56 157
56 881
56 624
56 334
56 825
56 662
56 1235
56 720
56 131
56 455
56 416
56 1127
56 252
56 47
56 764
56 1039
56 563
56 216
56 1212
56 1356
56 757
56 427
56 805
56 164
56 1122
56 1271
56 1230
56 289
56 282
56 1195
56 115
56 1313
56 1097
56 1202
56 636
56 209
56 417
56 767
56 174
56 649
56 1392
56 827
56 89
56 640
56 262
56 986
56 156
56 82
56 620
56 1040
56 244
