57 753
57 878
57 1111
57 202
57 593
57 1339
57 391
57 15
57 747
57 1338
57 1290
57 856
57 634
57 1341
57 444
57 1268
57 766
57 380
57 1099
57 686
57 507
57 1008
57 52
57 879
57 643
57 390
57 880
57 948
57 442
57 876
57 858
57 719
57 859
57 857
57 1056
57 362
57 285
57 685
57 749
57 3
57 925
57 781
57 874
57 1275
57 658
57 627
57 38
57 864
57 441
57 1183
57 14
57 914
57 837
57 439
57 899
57 1272
57 1078
57 810
57 189
57 1081
57 472
57 363
57 916
57 704
57 774
57 1273
57 961
57 666
57 1181
57 748
57 655
57 1337
57 459
57 902
57 458
57 894
57 999
57 1037
57 316
57 23
57 1084
57 310
57 1085
57 778
57 1269
57 461
57 896
57 4
57 440
57 309
57 1017
57 1221
57 258
57 1245
57 167
57 1083
57 204
57 514
57 152
57 11
57 1114
57 26
57 1207
57 267
57 775
57 1274
57 900
57 1000
57 1288
57 1205
57 530
57 765
57 1319
57 707
57 590
57 1286
57 357
57 1001
57 783
57 1262
57 1248
57 710
57 112
57 1080
57 132
57 403
57 123
57 33
57 527
57 671
57 591
57 54
57 475
57 521
57 576
57 799
57 798
57 1028
57 187
57 983
57 193
57 215
57 469
57 625
57 147
57 660
57 135
57 791
57 1149
57 1370
57 865
57 48
57 1242
57 308
57 272
57 557
57 496
57 917
57 1220
57 757
57 746
57 197
57 1052
57 583
57 153
57 1364
57 580
57 1188
57 1162
57 1004
57 1141
57 166
57 1157
57 1296
57 1363
57 1270
57 60
57 763
57 516
57 97
57 903
57 567
57 1023
57 305
57 1021
57 87
57 679
57 706
57 1194
57 1206
57 712
57 201
57 618
57 1122
57 1063
57 815
57 278
57 588
57 455
57 417
57 1163
57 56
57 575
57 495
57 656
57 700
57 185
57 1110
57 467
57 262
57 1006
57 76
57 186
57 342
57 1359
57 563
57 341
57 1239
57 1039
57 423
57 89
57 1260
57 1254
57 946
57 117
57 713
57 2
57 245
57 1369
57 1082
57 1195
57 421
57 428
57 638
57 632
57 777
57 807
57 70
57 332
57 695
57 780
57 169
57 375
57 568
57 304
57 657
57 1191
57 351
57 1326
57 673
57 273
57 967
57 809
57 311
57 1184
57 297
57 1003
57 651
57 1381
57 927
57 688
57 1040
57 1024
57 1383
57 497
57 379
57 987
57 82
57 1222
57 75
57 372
57 88
57 353
57 564
57 171
57 1147
57 301
57 231
57 816
57 1127
57 128
57 543
57 1243
57 708
57 709
57 416
57 852
57 727
57 550
57 1353
57 500
57 1354
57 998
57 59
57 173
57 782
57 871
57 977
57 317
57 503
57 1196
57 174
57 767
57 540
57 989
57 802
57 1020
57 701
57 195
57 1165
57 1225
57 846
57 772
57 979
57 155
57 1391
57 1072
57 792
57 410
57 933
57 1007
57 623
57 870
57 55
57 266
57 453
57 1047
57 1277
57 80
57 44
57 1051
57 560
57 124
57 160
57 477
57 797
57 1057
57 334
57 924
57 1018
57 1209
57 126
57 1231
57 773
57 649
57 1244
57 1172
57 578
57 1282
57 722
57 234
57 699
57 1170
57 547
57 1252
57 1108
57 976
57 520
57 1386
57 1104
57 252
57 572
57 1379
57 114
57 364
57 1327
57 897
57 553
57 1035
57 1164
57 486
57 1173
57 764
57 42
57 960
57 1330
57 1132
57 404
57 67
57 742
57 57
57 499
57 287
57 675
57 292
57 225
57 826
57 705
57 207
57 73
57 25
57 787
57 1366
57 1371
57 127
57 1235
57 744
57 476
57 985
57 1264
57 1065
57 1263
57 801
57 893
57 689
57 566
57 131
57 1240
57 595
57 729
57 1089
57 1322
57 232
57 148
57 427
57 1182
57 1336
57 118
57 110
57 1092
57 242
57 306
57 84
57 1098
57 157
57 222
57 329
57 1302
57 188
57 487
57 526
57 629
57 1213
57 498
57 179
57 1342
57 574
57 790
57 494
57 711
57 720
57 434
57 1010
57 947
57 941
57 121
57 257
57 393
57 1106
57 739
57 45
57 484
57 318
57 537
57 803
57 18
57 633
57 236
57 395
57 968
57 579
57 432
57 1228
57 352
57 1198
57 133
57 986
57 665
57 491
57 872
57 217
57 984
57 386
57 373
57 134
57 626
57 1301
57 383
57 1377
57 589
57 129
57 452
57 270
57 468
57 456
57 1253
57 1295
57 335
57 19
57 216
57 490
57 921
57 39
57 37
57 892
57 34
57 534
57 535
57 398
57 793
57 569
57 394
57 717
57 191
57 17
57 1394
57 602
57 637
57 541
57 206
57 27
57 326
57 300
57 1232
57 966
57 827
57 1309
57 669
57 371
57 240
57 94
57 98
57 28
57 562
57 389
57 105
57 525
57 1390
57 299
57 965
57 1143
57 949
57 779
57 1267
57 577
57 1187
57 388
57 653
57 1310
57 975
57 1210
57 1216
57 377
57 1139
57 63
57 1180
57 385
57 298
57 313
57 607
57 1236
57 418
57 180
57 1367
57 1324
57 1154
57 106
57 382
57 794
57 1249
57 659
57 1189
57 601
57 539
57 420
57 183
57 360
57 556
57 901
57 74
57 376
57 683
57 211
57 1256
57 652
57 751
57 1153
57 1323
57 1283
57 370
57 592
57 1224
57 663
57 662
57 86
57 771
57 277
57 1107
57 604
57 1009
57 1142
57 109
57 610
57 465
57 1259
57 401
57 333
57 430
57 1356
57 407
57 269
57 1375
57 544
57 959
57 990
57 340
57 1238
57 268
57 1281
57 1203
57 196
57 228
57 265
57 1393
57 116
57 324
57 248
57 1234
57 814
57 1186
57 549
57 466
57 356
57 820
57 387
57 680
57 920
57 667
57 1159
57 213
57 918
57 1297
57 1144
57 600
57 612
57 1287
57 873
57 536
57 1255
57 624
57 922
57 1193
57 1074
57 481
57 1233
57 945
57 1105
57 103
57 319
57 661
57 1179
57 818
57 464
57 785
57 328
57 227
57 1151
57 22
57 322
57 531
57 1304
57 770
57 35
57 450
57 445
57 50
57 1321
57 81
57 1076
57 533
57 435
57 682
57 545
57 261
57 1374
57 988
57 146
57 690
57 1190
57 9
57 280
57 1112
57 161
57 1073
57 205
57 992
57 192
57 61
57 795
57 1200
57 1306
57 963
57 784
57 283
57 365
57 366
57 485
57 1148
57 190
57 49
57 504
57 443
57 175
57 21
57 58
57 1223
57 241
57 7
57 895
57 483
57 529
57 203
57 1315
57 1351
57 381
57 349
57 570
57 1204
57 91
57 1313
57 312
57 315
57 919
57 85
57 93
57 1014
57 378
57 906
57 208
57 470
57 672
57 523
57 571
57 102
57 325
57 122
57 980
57 687
57 970
57 565
57 1202
57 294
57 224
57 942
57 1325
57 212
57 1349
57 323
57 460
57 1368
57 1124
57 1266
57 696
57 915
57 347
57 1307
57 940
57 668
57 307
57 691
57 237
57 53
57 501
57 1086
57 358
57 646
57 1158
57 597
57 303
57 159
57 426
57 993
57 145
57 1250
57 981
57 1289
57 1280
57 1230
57 511
57 1227
57 750
57 1328
57 1365
57 144
57 221
57 36
57 295
57 413
57 939
57 138
57 789
57 119
57 714
57 120
57 115
57 1119
57 561
57 327
57 149
57 587
57 125
57 944
57 415
57 457
57 996
57 630
57 182
57 991
57 608
57 243
57 606
57 6
57 361
57 1237
57 528
57 994
57 16
57 176
57 754
57 800
57 1318
57 69
57 346
57 402
57 1373
57 489
57 150
57 348
57 1241
57 1334
57 96
57 1385
57 184
57 817
57 522
57 406
57 1332
57 244
57 247
57 538
57 344
57 943
57 508
57 1284
57 1251
57 1
57 1303
57 214
57 259
57 488
57 1278
57 1128
57 165
57 1261
57 964
57 1246
57 702
57 693
57 1002
57 1229
57 1093
57 907
57 1382
57 72
57 1247
57 1156
57 433
57 177
57 64
57 170
57 314
57 62
57 825
57 697
57 1212
57 974
57 1061
57 1343
57 1265
57 24
57 296
57 1064
57 51
57 288
57 230
57 692
57 635
57 229
57 289
57 603
57 198
57 274
57 869
57 1166
57 199
57 1201
