58 120
58 963
58 5
58 158
58 564
58 873
58 398
58 1104
58 269
58 872
58 283
58 662
58 754
58 566
58 1159
58 509
58 554
58 407
58 1348
58 1073
58 142
58 784
58 270
58 395
58 145
58 983
58 348
58 1207
58 1192
58 559
58 962
58 101
58 666
58 959
58 1393
58 661
58 606
58 1258
58 789
58 378
58 260
58 347
58 571
58 435
58 1307
58 300
58 707
58 1213
58 268
58 524
58 88
58 912
58 1328
58 98
58 1395
58 1107
58 522
58 267
58 303
58 104
58 1097
58 23
58 623
58 982
58 387
58 135
58 1185
58 500
58 49
58 539
58 102
58 786
58 966
58 61
58 13
58 123
58 981
58 584
58 689
58 1263
58 408
58 240
58 1394
58 1161
58 294
58 396
58 29
58 414
58 55
58 497
58 37
58 1366
58 295
58 343
58 546
58 785
58 21
58 1344
58 87
58 717
58 45
58 399
58 635
58 353
58 114
58 550
58 36
58 655
58 44
58 51
58 1040
58 787
58 350
58 944
58 77
58 81
58 1264
58 159
58 1283
58 1178
58 555
58 974
58 788
58 485
58 375
58 542
58 585
58 980
58 1046
58 164
58 1002
58 1268
58 151
58 438
58 1386
58 342
58 389
58 888
58 1282
58 668
58 1375
58 775
58 325
58 1191
58 651
58 154
58 670
58 978
58 1226
58 144
58 6
58 812
58 646
58 95
58 507
58 1204
58 587
58 24
58 1326
58 1222
58 579
58 354
58 306
58 560
58 436
58 861
58 1217
58 181
58 1106
58 572
58 71
58 552
58 1200
58 366
58 322
58 1177
58 603
58 1143
58 565
58 1279
58 84
58 1116
58 62
58 50
58 339
58 382
58 1045
58 1083
58 352
58 328
58 659
58 1288
58 848
58 776
58 416
58 333
58 305
58 193
58 65
58 365
58 973
58 349
58 116
58 73
58 493
58 1355
58 1361
58 1098
58 839
58 773
58 1078
58 1305
58 59
58 1359
58 967
58 1099
58 274
58 310
58 1333
58 629
58 553
58 860
58 582
58 1368
58 332
58 66
58 1101
58 1255
58 575
58 72
58 428
58 1158
58 94
58 767
58 869
58 763
58 1236
58 850
58 329
58 137
58 119
58 185
58 690
58 1147
58 628
58 1004
58 1081
58 942
58 586
58 1381
58 759
58 570
58 1300
58 166
58 891
58 383
58 1027
58 1256
58 272
58 74
58 1100
58 877
58 599
58 1146
58 1250
58 1362
58 854
58 22
58 843
58 105
58 406
58 179
58 228
58 1184
58 488
58 865
58 1084
58 567
58 845
58 210
58 625
58 1364
58 954
58 927
58 370
58 397
58 1176
58 452
58 299
58 1198
58 900
58 362
58 1038
58 381
58 667
58 437
58 1061
58 1051
58 1219
58 947
58 899
58 1293
58 801
58 91
58 152
58 1022
58 549
58 1335
58 460
58 298
58 1289
58 1096
58 1145
58 642
58 262
58 413
58 302
58 241
58 1398
58 1241
58 1265
58 952
58 54
58 338
58 475
58 309
58 131
58 645
58 770
58 481
58 344
58 1183
58 384
58 1151
58 833
58 1294
58 56
58 1254
58 163
58 1304
58 1005
58 205
58 844
58 483
58 580
58 1244
58 525
58 1215
58 1149
58 364
58 463
58 168
58 979
58 1117
58 889
58 715
58 1118
58 855
58 1130
58 244
58 486
58 800
58 1150
58 171
58 1298
58 975
58 1238
58 1295
58 1112
58 421
58 363
58 583
58 1105
58 1186
58 1121
58 331
58 128
58 1122
58 307
58 132
58 82
58 434
58 47
58 1140
58 1302
58 987
58 535
58 57
58 518
58 1346
58 1281
58 103
58 851
58 489
58 1032
58 60
58 1021
58 25
58 1351
58 695
58 1315
58 100
58 568
58 1234
58 956
58 1069
58 444
58 1090
58 12
58 1354
58 823
58 85
58 314
58 1322
58 4
58 538
58 1179
58 842
58 442
58 1003
58 859
58 656
58 838
58 1197
58 1318
58 1171
58 574
58 847
58 846
58 1221
58 616
58 206
58 886
58 1310
58 870
58 2
58 1133
58 369
58 657
58 1273
58 372
58 1126
58 930
58 112
58 1076
58 1345
58 605
58 236
58 932
58 596
58 360
58 1119
58 997
58 771
58 234
58 822
58 901
58 1385
58 28
58 188
58 620
58 297
58 547
58 902
58 704
58 604
58 1123
58 222
58 1379
58 653
58 68
58 520
58 1356
58 480
58 758
58 984
58 169
58 816
58 1193
58 30
58 968
58 533
58 1008
58 261
58 304
58 1276
58 1115
58 374
58 1162
58 263
58 514
58 474
58 1173
58 1237
58 746
58 894
58 506
58 753
58 106
58 933
58 110
58 410
58 702
58 1203
58 527
58 1001
58 814
58 515
58 52
58 1039
58 1135
58 1194
58 794
58 928
58 296
58 167
58 401
58 1087
58 160
58 677
58 955
58 669
58 804
58 225
58 340
58 203
58 351
58 197
58 1360
58 990
58 876
58 996
58 764
58 1253
58 672
58 919
58 541
58 852
58 751
58 885
58 196
58 765
58 202
58 637
58 48
58 323
58 324
58 576
58 477
58 20
58 146
58 1277
58 357
58 153
58 118
58 998
58 1077
58 1214
58 466
58 1020
58 621
58 1181
58 1182
58 1163
58 530
58 149
58 1072
58 832
58 1068
58 1399
58 1138
58 494
58 601
58 1007
58 287
58 290
58 391
58 1092
58 742
58 740
58 781
58 934
58 703
58 155
58 97
58 1336
58 117
58 33
58 89
58 125
58 999
58 162
58 321
58 1249
58 14
58 949
58 1251
58 126
58 1175
58 1232
58 1382
58 257
58 714
58 1067
58 1062
58 1074
58 581
58 417
58 976
58 696
58 985
58 243
58 409
58 1269
58 133
58 1267
58 39
58 864
58 540
58 818
58 610
58 221
58 252
58 556
58 186
58 921
58 1050
58 1286
58 711
58 1349
58 422
58 1259
58 191
58 658
58 129
58 140
58 624
58 1384
58 916
58 1327
58 741
58 458
58 177
58 1047
58 1371
58 526
58 209
58 330
58 499
58 439
58 693
58 440
58 504
58 969
58 622
58 317
58 139
58 1094
58 380
58 1275
58 459
58 1212
58 176
58 660
58 1224
58 249
58 1370
58 803
58 1301
58 756
58 1292
58 697
58 211
58 476
58 780
58 725
58 1109
58 1041
58 1066
58 1391
58 615
58 58
58 233
58 701
58 965
58 238
58 150
58 719
58 182
58 355
58 1000
58 1132
58 523
58 1157
58 1262
58 379
58 446
58 1291
58 1206
58 248
58 1208
58 204
58 404
58 626
58 1220
58 503
58 531
58 618
58 301
58 917
58 1218
58 1148
58 1337
58 1209
58 390
58 1091
58 602
58 593
58 1372
58 1266
58 683
58 1242
58 467
58 723
58 259
58 772
58 744
58 1270
58 699
58 1320
58 1044
58 1261
58 1245
58 229
58 1390
58 937
58 501
58 237
58 694
58 92
58 1156
58 797
58 1378
58 728
58 277
58 456
58 972
58 1009
58 1216
58 1082
58 1350
58 115
58 1227
58 3
58 53
58 614
58 673
58 1113
58 427
58 170
58 448
58 1088
58 561
58 521
58 910
58 70
58 856
58 688
58 423
58 1313
58 1296
58 183
58 148
58 1274
58 1319
58 242
58 472
58 994
58 282
58 424
58 1155
58 815
58 455
58 827
58 1338
58 275
58 1136
58 774
58 1235
58 487
58 227
58 1103
58 897
58 1331
58 710
58 1392
58 709
58 1137
58 498
58 1134
58 971
58 198
58 1257
58 1195
58 636
58 289
58 122
58 1239
58 517
58 484
58 1383
58 1010
58 617
58 986
58 1080
58 941
58 121
58 473
58 548
58 1316
58 989
58 905
58 777
58 266
58 1225
58 393
58 1
58 1196
58 278
58 90
58 1199
58 911
58 318
58 537
58 1043
58 80
58 691
58 1271
58 18
58 633
58 1129
58 1065
58 1006
58 993
58 1228
58 1128
58 529
58 665
58 341
58 491
58 1144
58 217
58 511
58 386
58 373
58 734
58 134
58 108
58 992
58 40
58 1053
58 1377
58 1247
58 1015
58 588
58 433
58 813
58 468
58 1329
58 760
58 273
58 757
58 335
58 913
58 706
58 19
58 216
58 490
58 892
58 34
58 792
58 534
58 1343
58 187
58 1024
58 793
58 1035
58 569
58 643
58 394
58 1064
58 17
58 79
58 27
58 288
58 326
58 1108
58 713
58 1309
58 371
58 78
58 562
58 692
58 722
58 1353
58 124
58 779
58 577
58 1187
58 388
58 1210
58 904
58 1164
58 731
58 377
58 1139
58 63
58 189
58 174
58 1180
58 385
58 313
58 607
58 418
58 180
58 26
58 557
58 1367
58 1324
58 1154
58 857
58 675
58 1166
58 1189
58 420
58 1110
58 376
58 652
58 1153
58 1323
58 592
58 663
58 86
58 1142
58 109
58 465
58 231
58 38
58 430
58 165
58 638
58 590
58 544
58 469
58 265
58 712
58 766
58 563
58 874
58 1272
58 356
58 820
58 680
58 920
58 213
58 802
58 918
58 1297
58 258
58 600
58 612
58 1287
58 308
58 536
58 495
58 922
58 1233
58 945
58 903
58 319
58 464
58 292
58 799
58 35
58 450
58 445
58 1165
58 1321
58 1231
58 682
58 545
58 1374
58 988
58 798
58 1190
58 9
58 280
58 161
58 1205
58 192
58 795
58 1306
58 311
58 721
58 190
58 632
58 443
58 175
58 1223
58 977
58 7
58 895
58 201
58 1248
58 312
58 315
58 1330
58 1339
58 93
58 1014
58 906
58 208
58 470
58 687
58 970
58 1202
58 173
58 705
58 224
58 1325
58 212
58 316
58 1141
58 1124
58 915
58 461
58 940
58 591
58 1086
58 358
58 597
58 426
58 700
58 1280
58 1230
58 750
58 1260
58 1365
58 939
58 138
58 327
58 1085
58 578
58 415
58 457
58 630
58 991
58 608
58 589
58 361
58 528
58 16
58 69
58 346
58 496
58 402
58 1373
58 634
58 960
58 1334
58 147
58 96
58 184
58 817
58 627
58 748
58 1332
58 247
58 207
58 943
58 508
58 1284
58 1303
58 214
58 1278
58 964
58 749
58 334
58 1246
58 1229
58 1093
58 232
58 907
58 686
58 64
58 1341
58 453
58 825
58 157
58 1252
58 230
58 199
58 1201
