59 1046
59 382
59 785
59 659
59 786
59 381
59 4
59 1045
59 787
59 912
59 105
59 23
59 629
59 1116
59 888
59 3
59 1359
59 272
59 428
59 671
59 763
59 754
59 812
59 789
59 839
59 784
59 891
59 788
59 134
59 1154
59 1146
59 116
59 458
59 1084
59 845
59 1382
59 1225
59 954
59 843
59 1176
59 1383
59 335
59 1263
59 375
59 1364
59 1384
59 72
59 959
59 1351
59 565
59 1051
59 855
59 646
59 1022
59 336
59 192
59 564
59 376
59 1076
59 1301
59 642
59 406
59 1159
59 326
59 1149
59 366
59 1182
59 261
59 899
59 256
59 145
59 1038
59 1081
59 664
59 304
59 844
59 1178
59 483
59 306
59 457
59 24
59 435
59 567
59 1078
59 358
59 569
59 1281
59 539
59 2
59 566
59 1385
59 1118
59 365
59 345
59 1293
59 1130
59 1256
59 1283
59 1220
59 460
59 1395
59 329
59 1365
59 1121
59 1122
59 527
59 1355
59 776
59 1302
59 661
59 459
59 309
59 1191
59 1104
59 16
59 655
59 562
59 801
59 798
59 889
59 1155
59 1258
59 854
59 1241
59 333
59 1126
59 1021
59 170
59 689
59 364
59 1381
59 1177
59 135
59 1117
59 973
59 1234
59 393
59 956
59 94
59 1069
59 150
59 339
59 570
59 1386
59 461
59 522
59 547
59 1311
59 1235
59 383
59 384
59 842
59 255
59 9
59 838
59 479
59 310
59 1145
59 635
59 1171
59 337
59 1100
59 847
59 846
59 57
59 1394
59 71
59 1192
59 1105
59 377
59 53
59 690
59 605
59 1228
59 55
59 1119
59 1278
59 978
59 348
59 271
59 504
59 1260
59 180
59 37
59 21
59 54
59 1123
59 540
59 1261
59 413
59 439
59 1254
59 56
59 334
59 1253
59 352
59 1106
59 1366
59 573
59 666
59 563
59 977
59 343
59 148
59 1222
59 370
59 355
59 17
59 1240
59 475
59 533
59 1205
59 155
59 572
59 322
59 89
59 45
59 823
59 50
59 1173
59 1300
59 1198
59 171
59 1268
59 62
59 344
59 610
59 363
59 800
59 111
59 328
59 452
59 300
59 822
59 928
59 291
59 133
59 955
59 526
59 107
59 186
59 316
59 349
59 667
59 346
59 34
59 630
59 121
59 347
59 76
59 189
59 657
59 668
59 307
59 1185
59 240
59 25
59 254
59 305
59 852
59 242
59 751
59 1215
59 63
59 74
59 765
59 1322
59 308
59 372
59 1039
59 933
59 207
59 1200
59 979
59 481
59 1109
59 872
59 556
59 478
59 158
59 260
59 7
59 537
59 1244
59 292
59 149
59 315
59 142
59 932
59 327
59 97
59 494
59 125
59 672
59 73
59 740
59 1264
59 1310
59 1245
59 124
59 187
59 850
59 568
59 848
59 493
59 1354
59 965
59 1372
59 1251
59 1080
59 851
59 80
59 1158
59 1309
59 775
59 273
59 484
59 1237
59 759
59 1282
59 528
59 1067
59 1062
59 191
59 1074
59 992
59 662
59 734
59 611
59 188
59 1236
59 1324
59 864
59 553
59 818
59 318
59 651
59 1213
59 1257
59 221
59 794
59 59
59 1050
59 91
59 1184
59 487
59 892
59 314
59 117
59 1214
59 1307
59 179
59 1323
59 84
59 241
59 541
59 943
59 394
59 961
59 397
59 652
59 529
59 741
59 293
59 1211
59 1083
59 209
59 663
59 22
59 386
59 266
59 321
59 1226
59 1133
59 1107
59 1142
59 126
59 538
59 925
59 1183
59 222
59 625
59 1391
59 1112
59 1199
59 885
59 340
59 525
59 996
59 1353
59 299
59 43
59 378
59 176
59 1180
59 940
59 325
59 962
59 265
59 353
59 342
59 324
59 1055
59 472
59 294
59 952
59 410
59 58
59 128
59 388
59 1325
59 535
59 1274
59 233
59 1189
59 1368
59 395
59 206
59 40
59 1319
59 1210
59 1132
59 477
59 935
59 165
59 205
59 972
59 623
59 112
59 1135
59 742
59 948
59 1375
59 404
59 559
59 8
59 303
59 119
59 1370
59 1242
59 47
59 1187
59 744
59 418
59 604
59 1321
59 665
59 1044
59 1216
59 373
59 645
59 576
59 79
59 937
59 36
59 939
59 1356
59 1377
59 1209
59 269
59 731
59 796
59 974
59 560
59 601
59 1181
59 257
59 981
59 773
59 761
59 298
59 976
59 944
59 160
59 927
59 1288
59 607
59 660
59 61
59 182
59 465
59 244
59 502
59 608
59 626
59 320
59 505
59 131
59 1002
59 311
59 587
59 18
59 1250
59 1072
59 1047
59 416
59 1195
59 1053
59 101
59 455
59 903
59 861
59 118
59 341
59 1273
59 489
59 422
59 332
59 960
59 474
59 456
59 1292
59 648
59 123
59 193
59 104
59 710
59 96
59 799
59 495
59 90
59 1271
59 1136
59 998
59 323
59 228
59 808
59 774
59 585
59 1262
59 401
59 1137
59 1157
59 498
59 1284
59 966
59 1056
59 1
59 1040
59 574
59 934
59 434
59 167
59 379
59 1304
59 1275
59 900
59 12
59 1010
59 551
59 941
59 140
59 771
59 267
59 1201
59 399
59 425
59 1233
59 49
59 440
59 1259
59 1349
59 1188
59 5
59 987
59 278
59 220
59 964
59 550
59 115
59 803
59 620
59 679
59 338
59 127
59 633
59 236
59 450
59 1299
59 1224
59 579
59 1006
59 583
59 700
59 491
59 264
59 217
59 984
59 6
59 531
59 1212
59 173
59 859
59 48
59 1007
59 1061
59 1193
59 417
59 792
59 362
59 696
59 270
59 468
59 757
59 1295
59 227
59 555
59 1371
59 706
59 19
59 216
59 490
59 921
59 39
59 534
59 520
59 398
59 793
59 276
59 736
59 518
59 602
59 1134
59 282
59 467
59 637
59 172
59 27
59 1232
59 1108
59 628
59 669
59 371
59 98
59 174
59 78
59 28
59 1194
59 1082
59 389
59 542
59 967
59 826
59 496
59 1390
59 1143
59 949
59 779
59 1267
59 584
59 577
59 653
59 975
59 507
59 514
59 168
59 88
59 391
59 1139
59 530
59 424
59 60
59 385
59 317
59 313
59 1313
59 26
59 557
59 1367
59 33
59 989
59 1043
59 106
59 857
59 675
59 1248
59 858
59 1249
59 732
59 797
59 420
59 183
59 360
59 1110
59 580
59 901
59 683
59 211
59 1153
59 685
59 359
59 1239
59 592
59 86
59 277
59 1009
59 109
59 297
59 1041
59 1008
59 231
59 38
59 430
59 407
59 476
59 1036
59 590
59 544
59 721
59 990
59 1238
59 1246
59 268
59 296
59 1203
59 469
59 575
59 196
59 1393
59 521
59 656
59 641
59 248
59 766
59 902
59 686
59 814
59 1186
59 549
59 1347
59 466
59 1272
59 356
59 503
59 820
59 387
59 680
59 920
59 213
59 802
59 918
59 500
59 1297
59 1144
59 258
59 600
59 612
59 772
59 1287
59 873
59 830
59 536
59 1255
59 624
59 922
59 644
59 166
59 87
59 945
59 103
59 195
59 319
59 1179
59 464
59 733
59 1151
59 1219
59 1221
59 427
59 917
59 770
59 35
59 454
59 448
59 445
59 1165
59 351
59 81
59 643
59 1231
59 682
59 545
59 1374
59 988
59 146
59 1167
59 1190
59 916
59 280
59 161
59 1073
59 795
59 1306
59 730
59 963
59 283
59 485
59 1003
59 1059
59 1148
59 190
59 632
59 163
59 443
59 175
59 1223
59 1270
59 895
59 151
59 203
59 1315
59 201
59 719
59 1204
59 312
59 197
59 1330
59 1387
59 919
59 85
59 423
59 1339
59 701
59 93
59 997
59 1014
59 906
59 208
59 470
59 523
59 571
59 102
59 122
59 980
59 687
59 970
59 1202
59 705
59 1296
59 837
59 224
59 942
59 212
59 432
59 983
59 1141
59 1124
59 1266
59 915
59 986
59 588
59 1344
59 691
59 591
59 237
59 501
59 1086
59 597
59 159
59 426
59 993
59 1289
59 1280
59 1230
59 511
59 1227
59 444
59 750
59 70
59 1328
59 144
59 688
59 110
59 295
59 138
59 714
59 120
59 561
59 1085
59 1269
59 578
59 415
59 991
59 243
59 606
59 589
59 361
59 994
59 1379
59 169
59 380
59 1318
59 132
59 69
59 402
59 421
59 1373
59 634
59 52
59 1334
59 147
59 184
59 817
59 627
59 748
59 1332
59 247
59 287
59 225
59 204
59 1207
59 508
59 593
59 985
59 1303
59 214
59 259
59 442
59 488
59 152
59 1128
59 749
59 702
59 693
59 1229
59 1093
59 781
59 232
59 699
59 907
59 44
59 1247
59 1156
59 1336
59 433
59 894
59 177
59 64
59 1341
59 1326
59 453
59 825
59 697
59 1343
59 1024
59 157
59 1265
59 1252
59 1064
59 252
59 51
59 288
59 658
59 230
59 234
59 692
59 704
59 947
59 1164
59 767
59 229
59 289
59 603
59 198
59 274
59 869
59 1166
59 1277
59 185
59 856
59 486
59 199
