6 491
6 386
6 385
6 257
6 1273
6 1282
6 883
6 99
6 406
6 151
6 798
6 72
6 1363
6 915
6 558
6 271
6 1308
6 861
6 345
6 142
6 294
6 640
6 154
6 1190
6 1281
6 1263
6 1241
6 413
6 646
6 976
6 802
6 398
6 865
6 131
6 265
6 418
6 1075
6 315
6 346
6 300
6 966
6 1174
6 959
6 258
6 1301
6 1364
6 960
6 1374
6 348
6 741
6 1062
6 610
6 737
6 18
6 343
6 16
6 522
6 996
6 130
6 767
6 1020
6 1225
6 849
6 128
6 1317
6 256
6 1046
6 207
6 409
6 40
6 1196
6 377
6 291
6 740
6 339
6 563
6 544
6 742
6 926
6 218
6 397
6 344
6 940
6 160
6 243
6 137
6 261
6 9
6 358
6 891
6 121
6 1021
6 135
6 17
6 1106
6 526
6 148
6 1237
6 779
6 426
6 1074
6 1275
6 1146
6 230
6 330
6 677
6 651
6 187
6 1216
6 538
6 74
6 820
6 553
6 317
6 242
6 663
6 872
6 870
6 170
6 954
6 76
6 497
6 1324
6 1212
6 1331
6 1397
6 1337
6 902
6 1264
6 950
6 80
6 1392
6 1039
6 572
6 419
6 115
6 1302
6 186
6 894
6 1384
6 555
6 465
6 564
6 1244
6 189
6 123
6 863
6 96
6 1314
6 222
6 84
6 113
6 1268
6 536
6 1261
6 873
6 125
6 273
6 1161
6 1199
6 335
6 197
6 376
6 554
6 1214
6 546
6 997
6 1107
6 378
6 336
6 829
6 1222
6 666
6 1051
6 836
6 443
6 972
6 792
6 837
6 974
6 1372
6 165
6 1368
6 823
6 973
6 927
6 307
6 503
6 287
6 171
6 442
6 195
6 30
6 254
6 89
6 671
6 255
6 251
6 1287
6 372
6 337
6 760
6 97
6 1311
6 202
6 535
6 1229
6 78
6 240
6 1145
6 184
6 1220
6 45
6 1306
6 1257
6 295
6 657
6 1045
6 1061
6 1377
6 1083
6 7
6 1151
6 1367
6 1369
6 1122
6 1184
6 120
6 494
6 1081
6 912
6 370
6 1323
6 932
6 11
6 1017
6 678
6 241
6 1213
6 1
6 455
6 662
6 163
6 775
6 1231
6 688
6 961
6 19
6 608
6 606
6 65
6 1182
6 772
6 882
6 935
6 38
6 453
6 552
6 283
6 29
6 1154
6 670
6 179
6 334
6 140
6 469
6 1320
6 496
6 1006
6 1396
6 228
6 827
6 10
6 898
6 1080
6 1104
6 352
6 574
6 173
6 609
6 955
6 1160
6 363
6 411
6 1269
6 518
6 1076
6 725
6 381
6 557
6 178
6 911
6 167
6 1277
6 464
6 209
6 234
6 439
6 1116
6 743
6 984
6 1352
6 928
6 498
6 1284
6 1049
6 946
6 1228
6 556
6 901
6 1118
6 830
6 289
6 55
6 400
6 632
6 658
6 188
6 1321
6 642
6 838
6 206
6 714
6 866
6 1278
6 327
6 729
6 404
6 1050
6 540
6 1209
6 203
6 964
6 623
6 85
6 126
6 286
6 196
6 965
6 1393
6 521
6 1125
6 37
6 428
6 814
6 1066
6 355
6 1082
6 1200
6 1245
6 1262
6 1289
6 277
6 1359
6 761
6 365
6 366
6 845
6 844
6 1234
6 1336
6 1198
6 1186
6 549
6 177
6 467
6 825
6 1159
6 1099
6 310
6 801
6 225
6 1195
6 689
6 3
6 47
6 1390
6 199
6 347
6 952
6 660
6 360
6 1110
6 569
6 1121
6 233
6 1187
6 843
6 147
6 191
6 1243
6 992
6 809
6 57
6 391
6 1153
6 501
6 808
6 919
6 60
6 1158
6 484
6 685
6 304
6 799
6 239
6 1362
6 1127
6 474
6 567
6 1078
6 41
6 212
6 781
6 571
6 720
6 1290
6 1227
6 956
6 35
6 101
6 1378
6 728
6 118
6 1156
6 1310
6 472
6 593
6 635
6 624
6 332
6 306
6 739
6 747
6 435
6 1204
6 908
6 174
6 193
6 420
6 216
6 183
6 1400
6 856
6 1069
6 1239
6 1052
6 1112
6 766
6 710
6 1319
6 1192
6 998
6 986
6 466
6 774
6 487
6 1019
6 600
6 23
6 375
6 1391
6 1171
6 675
6 1130
6 108
6 847
6 629
6 605
6 1246
6 25
6 951
6 1084
6 504
6 58
6 103
6 329
6 379
6 900
6 4
6 176
6 1325
6 505
6 704
6 221
6 753
6 110
6 1181
6 1313
6 1010
6 112
6 941
6 1155
6 227
6 878
6 69
6 448
6 560
6 440
6 1119
6 266
6 354
6 1338
6 393
6 421
6 839
6 2
6 634
6 427
6 52
6 858
6 1339
6 987
6 278
6 550
6 1354
6 318
6 537
6 803
6 1016
6 305
6 633
6 441
6 857
6 887
6 236
6 395
6 730
6 309
6 1205
6 579
6 288
6 889
6 583
6 133
6 1008
6 979
6 1088
6 517
6 1097
6 665
6 341
6 1381
6 217
6 805
6 433
6 576
6 373
6 1185
6 1025
6 134
6 645
6 48
6 626
6 1007
6 1177
6 947
6 53
6 383
6 527
6 452
6 434
6 12
6 270
6 468
6 462
6 456
6 923
6 1253
6 757
6 1295
6 1298
6 43
6 706
6 490
6 921
6 39
6 892
6 625
6 1230
6 511
6 34
6 534
6 423
6 70
6 793
6 816
6 394
6 220
6 644
6 369
6 721
6 694
6 907
6 1394
6 602
6 679
6 637
6 520
6 338
6 541
6 27
6 326
6 1232
6 1108
6 432
6 1309
6 669
6 371
6 94
6 98
6 519
6 28
6 1194
6 562
6 389
6 1341
6 59
6 867
6 967
6 105
6 525
6 1353
6 299
6 124
6 1143
6 949
6 1267
6 577
6 1070
6 388
6 653
6 975
6 1210
6 507
6 514
6 88
6 881
6 1139
6 245
6 63
6 530
6 129
6 1180
6 298
6 313
6 607
6 1236
6 180
6 26
6 33
6 989
6 458
6 1098
6 106
6 713
6 117
6 410
6 382
6 1172
6 794
6 1249
6 659
6 1189
6 1040
6 601
6 797
6 539
6 588
6 1274
6 683
6 1235
6 211
6 1256
6 652
6 751
6 1283
6 924
6 459
6 592
6 1224
6 86
6 282
6 771
6 604
6 1009
6 1142
6 109
6 297
6 790
6 1259
6 401
6 231
6 333
6 430
6 1218
6 1356
6 407
6 269
6 1375
6 590
6 990
6 340
6 1238
6 268
6 764
6 1203
6 869
6 1028
6 1167
6 575
6 1242
6 116
6 999
6 656
6 636
6 1386
6 324
6 248
6 168
6 1272
6 356
6 387
6 680
6 920
6 667
6 213
6 918
6 846
6 500
6 1297
6 1144
6 612
6 82
6 308
6 1255
6 495
6 595
6 922
6 166
6 87
6 1193
6 481
6 1233
6 945
6 1105
6 903
6 319
6 661
6 1254
6 806
6 1179
6 818
6 712
6 785
6 292
6 328
6 22
6 773
6 322
6 1221
6 531
6 1304
6 917
6 770
6 73
6 1072
6 450
6 445
6 1165
6 50
6 351
6 81
6 649
6 533
6 682
6 545
6 988
6 146
6 690
6 916
6 717
6 280
6 161
6 1073
6 156
6 205
6 192
6 61
6 795
6 963
6 784
6 311
6 485
6 1003
6 1148
6 262
6 190
6 49
6 175
6 21
6 417
6 1223
6 977
6 1270
6 42
6 895
6 1092
6 483
6 1370
6 529
6 1315
6 201
6 1351
6 719
6 475
6 1371
6 1248
6 349
6 570
6 91
6 312
6 1330
6 701
6 93
6 1014
6 906
6 208
6 470
6 655
6 672
6 523
6 102
6 325
6 1149
6 122
6 980
6 687
6 970
6 342
6 565
6 1202
6 705
6 1296
6 224
6 942
6 1349
6 323
6 983
6 316
6 1141
6 460
6 1124
6 1266
6 696
6 461
6 1307
6 668
6 691
6 591
6 237
6 1086
6 597
6 303
6 159
6 993
6 145
6 1250
6 700
6 981
6 933
6 1280
6 444
6 750
6 1328
6 1260
6 1365
6 144
6 36
6 939
6 138
6 789
6 119
6 561
6 1085
6 149
6 587
6 364
6 944
6 1288
6 578
6 415
6 457
6 630
6 182
6 991
6 547
6 6
6 589
6 361
6 528
6 994
6 1379
6 169
6 754
6 800
6 380
6 1318
6 132
6 402
6 1373
6 489
6 150
6 54
6 1334
6 1385
6 817
6 627
6 748
6 1332
6 244
6 247
6 1383
6 204
6 155
6 1207
6 1157
6 943
6 508
6 1251
6 985
6 1303
6 214
6 259
6 267
6 488
6 56
6 152
6 899
6 477
6 1128
6 749
6 702
6 693
6 1002
6 1093
6 1322
6 232
6 699
6 1382
6 686
6 44
6 1247
6 64
6 314
6 62
6 1326
6 697
6 1343
6 1024
6 157
6 1265
6 24
6 296
6 1252
6 1064
6 252
6 51
6 692
6 1164
6 229
6 603
6 198
6 274
6 1166
6 185
6 486
6 1201
