61 564
61 566
61 1213
61 333
61 539
61 435
61 565
61 1309
61 1110
61 1307
61 662
61 1159
61 283
61 784
61 689
61 1192
61 1258
61 754
61 790
61 1104
61 789
61 23
61 1046
61 210
61 559
61 398
61 571
61 145
61 1146
61 120
61 1149
61 123
61 347
61 1191
61 554
61 959
61 659
61 787
61 1359
61 1107
61 1393
61 912
61 260
61 872
61 786
61 1395
61 570
61 1045
61 785
61 962
61 888
61 1176
61 327
61 907
61 651
61 382
61 1263
61 522
61 1366
61 1231
61 891
61 646
61 158
61 873
61 666
61 845
61 983
61 1116
61 142
61 383
61 49
61 1306
61 135
61 1185
61 755
61 560
61 81
61 294
61 843
61 623
61 855
61 229
61 1161
61 45
61 979
61 763
61 854
61 452
61 467
61 812
61 661
61 98
61 1177
61 325
61 922
61 1264
61 428
61 269
61 348
61 55
61 378
61 336
61 102
61 101
61 839
61 343
61 303
61 295
61 1283
61 605
61 1178
61 5
61 21
61 423
61 635
61 1078
61 1081
61 144
61 497
61 861
61 1121
61 524
61 509
61 150
61 788
61 1130
61 954
61 844
61 272
61 116
61 352
61 37
61 395
61 655
61 1051
61 584
61 84
61 267
61 470
61 1022
61 78
61 381
61 1394
61 546
61 851
61 628
61 493
61 305
61 1084
61 642
61 1310
61 1005
61 437
61 240
61 932
61 668
61 670
61 944
61 239
61 981
61 182
61 606
61 532
61 140
61 162
61 235
61 1386
61 1200
61 1348
61 105
61 353
61 494
61 396
61 1038
61 963
61 1002
61 166
61 540
61 20
61 1282
61 387
61 1228
61 550
61 344
61 889
61 436
61 572
61 850
61 62
61 332
61 94
61 56
61 483
61 1253
61 690
61 248
61 36
61 274
61 1118
61 68
61 800
61 261
61 1293
61 920
61 438
61 733
61 567
61 978
61 1040
61 354
61 581
61 1207
61 1106
61 122
61 306
61 1073
61 1158
61 629
61 525
61 1100
61 965
61 1122
61 339
61 776
61 234
61 982
61 257
61 372
61 1061
61 1381
61 1204
61 1175
61 773
61 542
61 414
61 1256
61 980
61 852
61 1021
61 22
61 770
61 342
61 869
61 801
61 552
61 808
61 1330
61 1117
61 365
61 44
61 956
61 741
61 154
61 585
61 1069
61 13
61 1355
61 1351
61 555
61 1222
61 384
61 72
61 223
61 842
61 368
61 1188
61 61
61 346
61 838
61 677
61 328
61 1145
61 1328
61 1300
61 1171
61 707
61 847
61 846
61 399
61 1083
61 1140
61 1234
61 29
61 1211
61 329
61 24
61 1068
61 1144
61 47
61 338
61 165
61 600
61 1126
61 726
61 1097
61 186
61 57
61 1237
61 1004
61 180
61 1123
61 553
61 1226
61 521
61 580
61 1217
61 688
61 1119
61 1268
61 364
61 1236
61 1105
61 93
61 51
61 687
61 645
61 823
61 1099
61 482
61 973
61 1173
61 890
61 74
61 1363
61 903
61 66
61 58
61 77
61 366
61 1261
61 460
61 1044
61 822
61 928
61 533
61 50
61 171
61 472
61 563
61 193
61 205
61 375
61 485
61 183
61 927
61 221
61 955
61 160
61 370
61 702
61 767
61 1399
61 149
61 71
61 663
61 255
61 170
61 863
61 417
61 131
61 181
61 1385
61 1003
61 1183
61 314
61 940
61 549
61 579
61 500
61 1255
61 146
61 603
61 765
61 1034
61 599
61 591
61 675
61 678
61 406
61 1039
61 6
61 386
61 1295
61 714
61 1227
61 275
61 1186
61 1301
61 1280
61 499
61 1049
61 356
61 1235
61 413
61 975
61 957
61 481
61 151
61 1215
61 969
61 148
61 1085
61 731
61 505
61 737
61 185
61 1269
61 1250
61 495
61 104
61 740
61 769
61 1356
61 487
61 1210
61 976
61 706
61 270
61 14
61 407
61 611
61 1396
61 792
61 751
61 1098
61 848
61 360
61 350
61 988
61 309
61 1153
61 621
61 926
61 528
61 159
61 759
61 86
61 1067
61 1062
61 164
61 1137
61 484
61 1382
61 864
61 249
61 717
61 139
61 626
61 489
61 496
61 1336
61 536
61 2
61 184
61 1050
61 545
61 310
61 80
61 12
61 716
61 586
61 758
61 439
61 54
61 1241
61 268
61 119
61 380
61 705
61 860
61 1281
61 200
61 1052
61 771
61 587
61 830
61 1384
61 168
61 667
61 1201
61 538
61 877
61 118
61 88
61 1133
61 1279
61 222
61 369
61 657
61 133
61 136
61 197
61 1074
61 1129
61 865
61 817
61 214
61 190
61 627
61 653
61 89
61 247
61 95
61 885
61 1345
61 1087
61 25
61 1198
61 42
61 818
61 760
61 1372
61 977
61 593
61 814
61 895
61 300
61 1108
61 1339
61 464
61 1344
61 1193
61 1391
61 719
61 734
61 952
61 108
61 1240
61 292
61 1154
61 987
61 233
61 899
61 341
61 191
61 1194
61 355
61 176
61 1132
61 1096
61 1147
61 556
61 582
61 1224
61 302
61 208
61 1135
61 742
61 82
61 799
61 1112
61 1156
61 59
61 459
61 781
61 480
61 575
61 881
61 796
61 1088
61 453
61 1361
61 825
61 276
61 476
61 744
61 9
61 1182
61 91
61 937
61 70
61 1244
61 682
61 624
61 614
61 1343
61 1219
61 715
61 625
61 966
61 576
61 720
61 7
61 1214
61 163
61 779
61 99
61 441
61 1148
61 518
61 1346
61 307
61 820
61 1270
61 695
61 1082
61 797
61 1248
61 1203
61 212
61 1373
61 1202
61 486
61 1305
61 859
61 53
61 1242
61 1220
61 1392
61 289
61 1277
61 1136
61 886
61 218
61 541
61 206
61 856
61 1239
61 1335
61 997
61 620
61 548
61 434
61 1027
61 85
61 547
61 1354
61 30
61 968
61 1379
61 1008
61 315
61 798
61 263
61 169
61 746
61 1362
61 1292
61 1199
61 92
61 156
61 604
61 1101
61 421
61 1271
61 28
61 589
61 1143
61 756
61 1291
61 463
61 128
61 721
61 876
61 1047
61 304
61 1294
61 1315
61 349
61 1077
61 262
61 870
61 1179
61 520
61 1134
61 73
61 974
61 110
61 711
61 1375
61 588
61 466
61 1072
61 1313
