62 1046
62 785
62 786
62 659
62 382
62 787
62 1045
62 1116
62 888
62 116
62 381
62 1359
62 428
62 812
62 763
62 483
62 789
62 891
62 105
62 839
62 784
62 754
62 912
62 1146
62 845
62 954
62 843
62 1176
62 23
62 1051
62 788
62 1084
62 1022
62 642
62 1159
62 272
62 776
62 1038
62 1258
62 1283
62 567
62 855
62 844
62 1178
62 566
62 1145
62 629
62 1118
62 1078
62 1293
62 1130
62 564
62 1383
62 646
62 539
62 565
62 1351
62 1121
62 1122
62 801
62 1256
62 889
62 1104
62 1081
62 689
62 1021
62 1177
62 1117
62 956
62 1069
62 533
62 522
62 1173
62 1182
62 261
62 800
62 384
62 842
62 452
62 1191
62 838
62 1234
62 1171
62 435
62 1126
62 847
62 846
62 635
62 854
62 57
62 973
62 605
62 459
62 977
62 1123
62 375
62 1105
62 1382
62 1119
62 56
62 731
62 690
62 1385
62 928
62 823
62 1384
62 978
62 822
62 1149
62 802
62 94
62 1154
62 145
62 370
62 171
62 562
62 955
62 1381
62 148
62 155
62 4
62 25
62 457
62 485
62 150
62 1076
62 72
62 1395
62 1039
62 1067
62 852
62 1263
62 765
62 932
62 474
62 329
62 1253
62 158
62 1041
62 255
62 740
62 1047
62 1183
62 1261
62 751
62 458
62 1112
62 149
62 515
62 940
62 1158
62 759
62 1376
62 850
62 848
62 967
62 3
62 364
62 218
62 563
62 372
62 818
62 1330
62 556
62 1319
62 1210
62 1044
62 1370
62 1268
62 304
62 943
62 1062
62 744
62 1106
62 1262
62 1365
62 1055
62 1274
62 325
62 117
62 1368
62 494
62 1137
62 1300
62 864
62 851
62 657
62 671
62 406
62 1100
62 328
62 1050
62 470
62 478
62 569
62 1260
62 186
62 221
62 37
62 741
62 1074
62 134
62 702
62 1133
62 54
62 959
62 475
62 1364
62 952
62 1222
62 1216
62 1301
62 192
62 684
62 981
62 1225
62 885
62 162
62 228
62 107
62 53
62 1198
62 742
62 706
62 104
62 366
62 352
62 335
62 965
62 451
62 256
62 937
62 249
62 705
62 108
62 1241
62 1278
62 476
62 777
62 323
62 504
62 1155
62 1240
62 479
62 899
62 233
62 389
62 611
62 176
62 336
62 445
62 62
62 306
62 721
62 521
62 369
62 461
62 1140
62 376
62 1132
62 1254
62 16
62 1394
62 326
62 300
62 339
62 460
62 1135
62 774
62 359
62 1242
62 701
62 1007
62 1281
62 527
62 601
62 35
62 321
62 798
62 831
62 365
62 734
62 308
62 1054
62 257
62 961
62 1273
62 58
62 50
62 666
62 1375
62 1310
62 1302
62 1214
62 570
62 1220
62 206
62 664
62 1270
62 1165
62 1080
62 47
62 24
62 383
62 1309
62 541
62 151
62 358
62 157
62 553
62 1265
62 652
62 2
62 584
62 278
62 499
62 1235
62 1307
62 76
62 540
62 74
62 345
62 73
62 348
62 538
62 71
62 36
62 135
62 111
62 1366
62 322
62 1386
62 349
62 128
62 363
62 803
62 1280
62 109
62 745
62 340
62 167
62 1355
62 1251
62 630
62 248
62 59
62 661
62 979
62 309
62 1109
62 655
62 1292
62 548
62 178
62 572
62 1284
62 920
62 949
62 289
62 89
62 260
62 333
62 617
62 493
62 413
62 170
62 1215
62 263
62 34
62 488
62 377
62 1205
62 1257
62 379
62 1002
62 351
62 667
62 481
62 393
62 97
62 217
62 8
62 133
62 240
62 439
62 1327
62 341
62 1294
62 547
62 1311
62 175
62 990
62 292
62 395
62 344
62 699
62 9
62 1061
62 310
62 434
62 573
62 1211
62 84
62 337
62 1161
62 1264
62 1190
62 191
62 1136
62 1390
62 1192
62 626
62 771
62 1139
62 927
62 653
62 219
62 901
62 944
62 18
62 966
62 266
62 267
62 1228
62 526
62 55
62 1271
62 422
62 123
62 1141
62 271
62 770
62 654
62 484
62 180
62 21
62 1151
62 315
62 182
62 334
62 560
62 126
62 190
62 305
62 1181
62 63
62 231
62 152
62 1282
62 343
62 677
62 1276
62 618
62 683
62 1107
62 1157
62 1372
62 355
62 17
62 715
62 131
62 976
62 574
62 1072
62 166
62 5
62 45
62 468
62 236
62 773
62 327
62 15
62 188
62 872
62 477
62 241
62 207
62 1362
62 447
62 189
62 530
62 698
62 320
62 1321
62 1322
62 992
62 1238
62 610
62 761
62 1083
62 501
62 489
62 1352
62 456
62 1267
62 579
62 401
62 962
62 1333
62 1108
62 987
62 160
62 43
62 291
62 933
62 596
62 1343
62 681
62 179
62 1245
62 663
62 367
62 682
62 719
62 380
62 1244
62 316
62 505
62 814
62 631
62 346
62 378
62 314
62 1391
62 203
62 7
62 121
62 404
62 347
62 1226
62 608
62 668
62 307
62 99
62 112
62 81
62 587
62 1185
62 296
62 1348
62 1040
62 187
62 386
62 781
62 739
62 254
62 342
62 817
62 242
62 294
62 1209
62 1204
62 559
62 1163
62 1332
62 223
62 1389
62 299
62 972
62 115
62 1303
62 1320
62 397
62 625
62 916
62 472
62 194
62 469
62 22
62 633
62 277
62 169
62 1250
62 1200
62 1027
62 794
62 1179
62 651
62 1266
62 662
62 80
62 1184
62 1212
62 837
62 583
62 680
62 520
62 140
62 298
62 660
62 558
62 537
62 1224
62 934
62 576
62 549
62 142
62 1377
62 550
62 303
62 232
62 410
62 1275
62 1134
62 656
62 1194
62 125
62 672
62 331
62 974
62 551
62 833
62 290
62 96
62 1180
62 922
62 251
62 998
62 425
62 154
62 1208
62 247
62 124
62 863
62 1255
62 1199
62 568
62 1354
62 465
62 830
62 168
62 153
62 938
62 29
62 1082
62 775
62 1328
62 49
62 183
62 273
62 1201
62 1237
62 496
62 528
62 674
62 1246
62 931
62 165
62 1156
62 1248
62 448
62 1236
62 417
62 593
62 1324
62 645
62 1295
62 1187
62 164
62 269
62 318
62 900
62 1213
62 1175
62 921
62 753
62 542
62 416
62 317
62 91
62 487
62 892
62 1231
62 1227
62 613
62 61
62 1065
62 495
62 615
62 1056
62 616
62 295
62 523
62 824
62 454
62 1323
62 130
62 813
62 1153
62 394
62 580
62 779
62 529
62 293
62 216
62 1099
62 79
62 964
62 39
62 209
62 1036
62 243
62 373
62 1142
62 752
62 213
62 757
62 882
62 1162
62 585
62 925
62 222
62 1071
62 960
62 449
62 989
62 963
62 106
62 1079
62 1393
62 1388
62 552
62 426
62 525
62 498
62 996
62 1353
62 696
62 534
62 1335
62 1059
62 1233
62 265
62 1392
62 913
62 353
62 704
62 490
62 324
62 1229
62 736
62 849
62 1068
62 1347
62 518
62 627
62 908
62 156
62 1279
62 388
62 1325
62 535
62 138
62 427
62 1297
62 767
62 1189
62 894
62 40
62 101
62 868
62 32
62 78
62 1
62 1239
62 1259
62 1131
62 450
62 935
62 873
62 27
62 407
62 205
62 95
62 623
62 1010
62 948
62 163
62 917
62 446
62 491
62 390
62 614
62 723
62 286
62 906
62 67
62 716
62 119
62 926
62 930
62 424
62 880
62 575
62 730
62 1339
62 288
62 418
62 991
62 224
62 790
62 604
62 554
62 557
62 665
62 918
62 571
62 212
62 692
62 1020
62 438
62 302
62 356
62 77
62 939
62 710
62 1356
62 462
62 796
62 827
62 1129
62 758
62 1298
62 732
62 87
62 986
62 463
62 876
62 1143
62 945
62 984
62 1287
62 727
62 797
62 1288
62 60
62 607
62 210
62 88
62 14
62 244
62 502
62 594
62 227
62 982
62 929
62 311
62 890
62 86
62 1009
62 1289
62 750
62 70
62 268
62 177
62 44
62 1291
62 1329
62 509
62 512
62 1024
62 276
62 453
62 1195
62 1053
62 1230
62 1374
62 455
62 903
62 861
62 444
62 118
62 1092
62 196
62 1088
62 620
62 1398
62 545
62 332
62 988
62 1341
62 51
62 172
62 648
62 193
62 415
62 1085
62 1269
62 280
62 1064
62 799
62 90
62 599
62 1252
62 436
62 808
62 1371
62 283
62 198
62 738
62 11
62 826
62 1296
62 195
62 132
62 1369
62 1380
62 733
62 1313
62 33
62 1304
62 516
62 12
62 197
62 919
62 524
62 1315
62 941
62 1035
62 860
62 246
62 225
62 399
62 440
62 643
62 1349
62 1188
62 139
62 220
62 695
62 624
62 146
62 673
62 1286
62 679
62 905
62 338
62 127
62 546
62 143
62 1166
62 985
62 1299
62 30
62 869
62 215
62 942
62 1196
62 1006
62 836
62 510
62 536
62 1097
62 766
62 700
62 264
62 755
62 6
62 856
62 531
62 173
62 859
62 48
62 1066
62 1193
62 414
62 792
62 1144
62 743
62 362
62 747
62 85
62 270
62 1387
62 1012
62 1197
62 1345
62 555
62 19
62 717
62 144
62 1202
62 398
62 374
62 793
62 907
62 1344
62 275
62 1247
62 602
62 432
62 282
62 467
62 637
62 1232
62 519
62 628
62 669
62 371
62 98
62 174
62 28
62 199
62 262
62 577
62 975
62 994
62 507
62 245
62 514
62 1075
62 865
62 391
62 385
62 1115
62 313
62 658
62 707
62 234
62 26
62 1367
62 1034
62 1373
62 1043
62 857
62 675
62 858
62 1249
62 420
62 360
62 1110
62 805
62 914
62 211
62 92
62 685
62 592
62 297
62 1008
62 38
62 430
62 274
62 590
62 544
62 1203
62 641
62 902
62 686
62 1186
62 466
62 1272
62 503
62 820
62 387
62 500
62 258
62 600
62 612
62 772
62 595
62 433
62 644
62 782
62 103
62 319
62 1095
62 464
62 811
62 1219
62 1221
62 1167
62 161
62 1073
62 795
62 1306
62 1003
62 1148
62 632
62 443
62 1223
62 895
62 201
62 312
62 423
62 93
62 997
62 1014
62 82
62 208
62 102
62 122
62 980
62 687
62 970
62 983
62 1124
62 915
62 588
62 691
62 591
62 237
62 1086
62 597
62 159
62 993
62 511
62 688
62 110
62 714
62 120
62 561
62 578
62 606
62 589
62 361
62 1379
62 1318
62 69
62 402
62 421
62 634
62 52
62 1334
62 147
62 184
62 748
62 287
62 204
62 1207
62 508
62 214
62 259
62 442
62 1128
62 749
62 693
62 1093
62 1336
62 64
62 1326
62 825
62 697
62 252
62 230
62 947
62 1164
62 229
62 603
62 1277
62 185
62 486
