63 738
63 678
63 843
63 1045
63 491
63 1046
63 472
63 204
63 839
63 812
63 420
63 1051
63 1121
63 891
63 889
63 786
63 629
63 785
63 1116
63 242
63 763
63 787
63 382
63 1192
63 659
63 879
63 1106
63 795
63 1135
63 676
63 1334
63 1337
63 287
63 888
63 1339
63 1359
63 428
63 745
63 954
63 566
63 1118
63 900
63 435
63 784
63 794
63 556
63 1146
63 158
63 971
63 1280
63 316
63 133
63 25
63 605
63 411
63 1246
63 1336
63 845
63 116
63 567
63 1381
63 381
63 1171
63 1191
63 1176
63 912
63 415
63 1130
63 638
63 1081
63 503
63 1256
63 1022
63 932
63 1104
63 802
63 1343
63 1084
63 642
63 1145
63 347
63 754
63 783
63 1119
63 793
63 1258
63 23
63 1387
63 1159
63 147
63 689
63 186
63 105
63 272
63 1039
63 1122
63 1038
63 311
63 564
63 788
63 844
63 1178
63 789
63 1311
63 838
63 846
63 279
63 866
63 525
63 483
63 855
63 1166
63 1293
63 626
63 1283
63 1078
63 57
63 1021
63 1394
63 635
63 56
63 771
63 584
63 1234
63 776
63 539
63 91
63 247
63 1117
63 721
63 801
63 956
63 1229
63 1231
63 1351
63 190
63 675
63 295
63 655
63 522
63 1177
63 847
63 800
63 224
63 977
63 1069
63 907
63 955
63 543
63 512
63 1198
63 370
63 1382
63 514
63 1126
63 49
63 492
63 384
63 96
63 1182
63 842
63 1100
63 646
63 341
63 1237
63 79
63 294
63 63
63 205
63 1395
63 37
63 1355
63 1310
63 928
63 305
63 852
63 565
63 1290
63 757
63 973
63 1123
63 1173
63 1338
63 222
63 782
63 854
63 978
63 1105
63 1281
63 598
63 40
63 1385
63 173
63 176
63 670
63 1227
63 748
63 1151
63 690
63 1133
63 1235
63 823
63 692
63 947
63 1313
63 19
63 353
63 693
63 765
63 373
63 252
63 62
63 282
63 822
63 979
63 157
63 533
63 171
63 261
63 1263
63 724
63 792
63 1356
63 797
63 58
63 1218
63 120
63 375
63 1264
63 569
63 1386
63 712
63 97
63 1366
63 1300
63 1156
63 1307
63 300
63 983
63 142
63 124
63 1262
63 663
63 174
63 848
63 1287
63 345
63 1200
63 101
63 1212
63 39
63 441
63 68
63 520
63 498
63 1257
63 1205
63 993
63 636
63 1322
63 230
63 851
63 452
63 1067
63 1062
63 48
63 992
63 687
63 922
63 1074
63 810
63 1185
63 1091
63 352
63 94
63 622
63 372
63 688
63 121
63 17
63 504
63 293
63 1216
63 379
63 1211
63 467
63 1196
63 740
63 808
63 315
63 344
63 952
63 509
63 1250
63 35
63 751
63 850
63 1011
63 292
63 809
63 1352
63 1190
63 950
63 519
63 80
63 574
63 930
63 1132
63 1253
63 1076
63 759
63 1183
63 657
63 1225
63 680
63 1043
63 331
63 346
63 470
63 438
63 1103
63 945
63 337
63 708
63 864
63 791
63 1241
63 612
63 805
63 423
63 1378
63 1044
63 1204
63 364
63 1158
63 265
63 484
63 798
63 1109
63 1050
63 1188
63 487
63 165
63 196
63 1187
63 813
63 329
63 443
63 145
63 8
63 694
63 906
63 1267
63 624
63 1384
63 406
63 741
63 1098
63 72
63 304
63 641
63 310
63 148
63 221
63 1324
63 572
63 942
63 254
63 1292
63 273
63 248
63 274
63 671
63 149
63 386
63 962
63 197
63 1006
63 885
63 697
63 251
63 1230
63 92
63 590
63 110
63 818
63 863
63 1271
63 987
63 557
63 585
63 198
63 704
63 334
63 189
63 501
63 391
63 76
63 1309
63 937
63 122
63 1186
63 758
63 1161
63 662
63 951
63 774
63 232
63 74
63 233
63 547
63 1136
63 961
63 140
63 553
63 10
63 502
63 229
63 990
63 1228
63 1147
63 1150
63 369
63 75
63 212
63 753
63 790
63 742
63 965
63 988
63 1248
63 1002
63 494
63 257
63 695
63 563
63 1112
63 568
63 1114
63 696
63 280
63 307
63 860
63 115
63 1040
63 150
63 357
63 1390
63 1269
63 1125
63 90
63 1209
63 933
63 595
63 211
63 744
63 440
63 524
63 485
63 1321
63 27
63 1328
63 187
63 464
63 1303
63 996
63 536
63 1206
63 1027
63 182
63 240
63 447
63 410
63 328
63 1124
63 38
63 580
63 50
63 1396
63 508
63 1167
63 360
63 836
63 458
63 665
63 884
63 413
63 1102
63 1093
63 395
63 3
63 1168
63 1374
63 188
63 729
63 1236
63 976
63 1240
63 972
63 1367
63 53
63 989
63 1107
63 1285
63 135
63 513
63 69
63 106
63 628
63 873
63 857
63 1349
63 1254
63 1214
63 780
63 1101
63 399
63 1232
63 1364
63 421
63 206
63 927
63 266
63 970
63 409
63 213
63 179
63 378
63 904
63 5
63 55
63 959
63 432
63 1077
63 1007
63 710
63 1003
63 462
63 1304
63 11
63 770
63 883
63 994
63 1137
63 193
63 949
63 1298
63 1019
63 290
63 459
63 1056
63 33
63 616
63 761
63 431
63 865
63 601
63 1004
63 73
63 540
63 461
63 1315
63 126
63 707
63 1284
63 1308
63 1162
63 349
63 70
63 454
63 856
63 192
63 929
63 1242
63 1392
63 312
63 84
63 1071
63 89
63 991
63 291
63 542
63 673
63 276
63 974
63 134
63 541
63 651
63 159
63 552
63 14
63 139
63 260
63 931
63 1134
63 1340
63 103
63 938
63 1274
63 371
63 677
63 1376
63 667
63 981
63 160
63 1289
63 439
63 1070
63 473
63 621
63 652
63 1319
63 1163
63 1068
63 773
63 948
63 640
63 881
63 277
63 722
63 894
63 434
63 465
63 1210
63 388
63 335
63 234
63 250
63 506
63 481
63 1165
63 587
63 766
63 455
63 1047
63 54
63 686
63 1018
63 1099
63 1327
63 877
63 480
63 20
63 975
63 1090
63 1331
63 723
63 47
63 876
63 637
63 661
63 558
63 209
63 546
63 114
63 1199
63 1144
63 1371
63 1195
63 258
63 583
63 1010
63 1202
63 308
63 330
63 495
63 1042
63 746
63 939
63 720
63 781
63 645
63 82
63 709
63 958
63 831
63 811
63 1233
63 354
63 984
63 183
63 1213
63 1373
63 52
63 946
63 268
63 127
63 123
63 446
63 245
63 627
63 1065
63 934
63 1164
63 1276
63 767
63 88
63 1033
63 528
63 936
63 1217
63 545
63 226
63 169
63 926
63 416
63 64
63 982
63 600
63 1363
63 1268
63 1222
63 1009
63 1326
63 326
63 262
63 664
63 1391
63 1306
63 283
63 1108
63 967
63 571
63 1149
63 980
63 743
63 1143
63 1129
63 1277
63 1128
63 815
63 653
63 138
63 175
63 589
63 466
63 414
63 643
63 531
63 1335
63 241
63 830
63 529
63 194
63 1157
63 1169
63 1082
63 156
63 555
63 650
63 1111
63 614
63 1053
63 9
63 1350
63 1059
63 733
63 902
63 363
63 453
63 672
63 285
63 966
63 1184
63 1201
63 383
63 620
63 59
63 24
63 1342
63 592
63 1261
63 573
63 683
63 51
63 456
63 1075
63 486
63 1080
63 560
63 915
63 1054
63 430
63 518
63 591
63 321
63 358
63 631
63 100
63 225
63 633
63 356
63 685
63 576
63 924
63 681
63 239
63 654
63 296
63 772
63 1365
63 36
63 1064
63 1055
63 1155
63 141
63 1296
63 714
63 109
63 727
63 202
63 869
63 1031
63 957
63 997
63 897
63 168
63 578
63 468
63 1312
63 1092
63 807
63 216
63 1249
63 15
63 16
63 535
63 1072
63 1008
63 1097
63 403
63 901
63 263
63 309
63 717
63 1323
63 905
63 1001
63 1239
63 602
63 603
63 496
63 297
63 610
63 215
63 1259
63 489
63 941
63 1208
63 562
63 348
63 1131
63 302
63 1238
63 128
63 1052
63 1325
63 893
63 1270
63 814
63 1139
63 155
63 1370
63 1207
63 921
63 112
63 220
63 236
63 1000
63 943
63 679
63 593
63 985
63 1154
63 259
63 191
63 166
63 1193
63 903
63 332
63 152
63 804
63 1224
63 227
63 964
63 917
63 986
63 588
63 1034
63 599
63 691
63 44
63 1247
63 1172
63 177
63 426
63 625
63 858
63 427
63 85
63 289
63 1226
63 806
63 1066
63 1175
63 185
63 77
63 859
63 827
63 210
