64 390
64 482
64 1034
64 52
64 194
64 878
64 593
64 391
64 202
64 1111
64 441
64 914
64 1204
64 1225
64 627
64 15
64 1234
64 357
64 815
64 239
64 160
64 1339
64 947
64 1107
64 514
64 928
64 175
64 369
64 1053
64 908
64 753
64 786
64 1008
64 719
64 544
64 1290
64 443
64 847
64 686
64 533
64 37
64 1341
64 747
64 856
64 666
64 893
64 421
64 736
64 1124
64 844
64 25
64 707
64 766
64 634
64 410
64 44
64 643
64 196
64 1338
64 147
64 876
64 830
64 1179
64 948
64 411
64 1231
64 879
64 1305
64 808
64 985
64 444
64 1006
64 894
64 880
64 723
64 1105
64 122
64 905
64 904
64 1274
64 858
64 1319
64 859
64 456
64 781
64 69
64 1000
64 1304
64 1024
64 14
64 1361
64 425
64 442
64 489
64 362
64 764
64 277
64 469
64 722
64 285
64 556
64 473
64 1252
64 690
64 730
64 110
64 728
64 1036
64 827
64 380
64 874
64 266
64 857
64 749
64 658
64 685
64 1005
64 1367
64 1201
64 864
64 829
64 123
64 569
64 1310
64 561
64 428
64 1051
64 1091
64 124
64 1064
64 1048
64 1066
64 238
64 100
64 1037
64 1127
64 1248
64 415
64 609
64 440
64 680
64 1004
64 423
64 42
64 911
64 601
64 1033
64 778
64 186
64 1292
64 846
64 683
64 849
64 1377
64 217
64 213
64 189
64 688
64 1074
64 926
64 224
64 1010
64 825
64 930
64 465
64 316
64 174
64 1368
64 512
64 137
64 699
64 1001
64 11
64 845
64 863
64 1104
64 1114
64 575
64 1392
64 1015
64 1245
64 311
64 674
64 739
64 70
64 27
64 356
64 47
64 1099
64 1103
64 816
64 345
64 1342
64 763
64 138
64 232
64 1328
64 516
64 979
64 256
64 665
64 725
64 1337
64 136
64 1262
64 624
64 1298
64 748
64 899
64 945
64 1301
64 236
64 234
64 1327
64 317
64 523
64 746
64 1151
64 1058
64 1184
64 946
64 997
64 377
64 531
64 1372
64 461
64 112
64 528
64 530
64 1246
64 822
64 1155
64 292
64 435
64 545
64 94
64 1349
64 120
64 249
64 370
64 848
64 638
64 467
64 433
64 1117
64 193
64 713
64 373
64 134
64 956
64 792
64 626
64 787
64 641
64 127
64 923
64 801
64 363
64 190
64 341
64 86
64 910
64 993
64 358
64 953
64 950
64 520
64 812
64 247
64 1044
64 852
64 909
64 79
64 809
64 1076
64 92
64 300
64 1272
64 1003
64 1247
64 1334
64 644
64 158
64 198
64 679
64 1106
64 1332
64 975
64 1223
64 1198
64 133
64 295
64 1303
64 188
64 1364
64 1038
64 927
64 1277
64 1042
64 20
64 1335
64 1094
64 987
64 729
64 56
64 438
64 661
64 647
64 1089
64 319
64 798
64 211
64 179
64 824
64 1291
64 656
64 1040
64 1224
64 454
64 964
64 289
64 1152
64 1239
64 240
64 1286
64 672
64 38
64 475
64 1061
64 940
64 1229
64 283
64 833
64 811
64 915
64 97
64 990
64 1378
64 1098
64 796
64 114
64 727
64 652
64 1011
64 146
64 642
64 486
64 573
64 838
64 470
64 631
64 153
64 366
64 206
64 1196
64 1050
64 209
64 496
64 999
64 673
64 751
64 996
64 931
64 1126
64 157
64 1047
64 1156
64 1043
64 1025
64 296
64 422
64 907
64 1017
64 1054
64 1199
64 478
64 648
64 251
64 962
64 1055
64 1308
64 563
64 207
64 1313
64 1397
64 841
64 851
64 681
64 1158
64 1171
64 9
64 284
64 709
64 201
64 1311
64 769
64 583
64 1300
64 1118
64 227
64 823
64 85
64 1369
64 167
64 1167
64 1307
64 1039
64 166
64 164
64 552
64 131
64 750
64 636
64 1220
64 1396
64 1331
64 413
64 1029
64 432
64 294
64 1258
64 913
64 185
64 557
64 272
64 1394
64 1285
64 1027
64 1362
64 1170
64 529
64 139
64 1072
64 1232
64 866
64 223
64 695
64 1336
64 111
64 1321
64 924
64 1110
64 1347
64 163
64 1241
64 173
64 310
64 96
64 1100
64 315
64 770
64 522
64 743
64 346
64 744
64 1009
64 1095
64 1218
64 417
64 602
64 1065
64 280
64 225
64 765
64 242
64 1209
64 821
64 1259
64 84
64 541
64 1032
64 1007
64 564
64 1323
64 1157
64 998
64 871
64 1147
64 192
64 710
64 610
64 215
64 1363
64 618
64 140
64 93
64 932
64 1214
64 538
64 210
64 1385
64 1035
64 655
64 1143
64 1295
64 571
64 717
64 492
64 1387
64 565
64 579
64 353
64 349
64 982
64 977
64 972
64 519
64 890
64 1180
64 704
64 1193
64 961
64 1141
64 671
64 1140
64 867
64 970
64 506
64 1056
64 701
64 83
64 40
64 668
64 340
64 1154
64 1395
64 488
64 1278
64 1018
64 328
64 794
64 32
64 881
64 170
64 759
64 980
64 693
64 1125
64 951
64 342
64 917
64 503
64 1092
64 448
64 34
64 459
64 1261
64 1057
64 129
64 72
64 388
64 810
64 36
64 1137
64 640
64 542
64 657
64 481
64 187
64 48
64 1213
64 1230
64 667
64 78
64 162
64 113
64 790
64 511
64 889
64 718
64 1265
64 126
64 24
64 1288
64 1205
64 1088
64 567
64 807
64 276
64 662
64 773
64 109
64 952
64 606
64 837
64 826
64 692
64 30
64 1351
64 99
64 1132
64 625
64 1082
64 171
64 540
64 169
64 165
64 497
64 1355
64 888
64 293
64 645
64 572
64 466
64 589
64 365
64 302
64 1330
64 1281
64 1187
64 1178
64 504
64 229
64 782
64 696
64 566
64 712
64 508
64 80
64 108
64 1240
64 976
64 195
64 191
64 329
64 689
64 1134
64 649
64 760
64 740
64 1340
64 840
64 1075
64 799
64 576
64 1352
64 1325
64 205
64 974
64 199
64 172
64 628
64 252
64 49
64 588
64 560
64 1119
64 230
64 1356
64 1380
64 427
64 635
64 968
64 1097
64 1202
64 89
64 244
64 262
64 1244
