66 128
66 305
66 664
66 590
66 1251
66 310
66 629
66 306
66 133
66 1182
66 97
66 389
66 63
66 393
66 418
66 2
66 659
66 458
66 4
66 1081
66 375
66 484
66 540
66 1253
66 660
66 329
66 3
66 73
66 1311
66 191
66 1198
66 1370
66 475
66 398
66 116
66 98
66 537
66 255
66 366
66 1083
66 388
66 180
66 1244
66 412
66 973
66 299
66 383
66 1302
66 304
66 644
66 946
66 324
66 943
66 576
66 131
66 363
66 1224
66 109
66 460
66 1245
66 1072
66 453
66 494
66 404
66 62
66 472
66 149
66 318
66 962
66 1184
66 117
66 444
66 579
66 378
66 292
66 1250
66 1261
66 298
66 1108
66 1206
66 625
66 1080
66 826
66 1084
66 525
66 370
66 573
66 395
66 50
66 221
66 940
66 572
66 1078
66 1398
66 222
66 663
66 1375
66 1106
66 775
66 1086
66 65
66 59
66 1225
66 248
66 257
66 160
66 977
66 1039
66 1270
66 266
66 1121
66 569
66 231
66 192
66 530
66 121
66 452
66 1281
66 1054
66 1382
66 941
66 321
66 929
66 309
66 1283
66 987
66 400
66 1368
66 784
66 89
66 854
66 588
66 1399
66 445
66 570
66 1397
66 300
66 574
66 1037
66 167
66 666
66 188
66 592
66 320
66 1085
66 1200
66 974
66 833
66 241
66 675
66 28
66 307
66 322
66 498
66 1265
66 538
66 215
66 1307
66 527
66 1240
66 134
66 461
66 179
66 1379
66 1063
66 394
66 26
66 1400
66 1233
66 1056
66 155
66 922
66 54
66 323
66 641
66 477
66 153
66 1273
66 45
66 691
66 465
66 1387
66 1242
66 536
66 105
66 504
66 1192
66 208
66 193
66 1282
66 1383
66 967
66 297
66 1294
66 27
66 365
66 704
66 107
66 1235
66 34
66 539
66 832
66 665
66 135
66 1366
66 1275
66 916
66 1100
66 351
66 989
66 559
66 379
66 352
66 237
66 550
66 332
66 945
66 1241
66 1293
66 993
66 757
66 496
66 1393
66 556
66 667
66 889
66 1159
66 1392
66 1210
66 1337
66 1356
66 150
66 261
66 921
66 1076
66 836
66 81
66 467
66 734
66 1185
66 1377
66 397
66 372
66 206
66 700
66 39
66 551
66 331
66 491
66 901
66 439
66 966
66 487
66 583
66 1222
66 425
66 1181
66 118
66 469
66 11
66 1227
66 228
66 23
66 1301
66 953
66 419
66 409
66 25
66 1262
66 1246
66 1236
66 138
66 1391
66 165
66 648
66 240
66 730
66 273
66 417
66 187
66 998
66 1109
66 308
66 1229
66 349
66 181
66 831
66 1300
66 563
66 772
66 1119
66 1361
66 850
66 1124
66 1050
66 762
66 542
66 982
66 754
66 1390
66 436
66 680
66 1061
66 124
66 976
66 849
66 459
66 194
66 201
66 611
66 455
66 1082
66 773
66 607
66 1105
66 653
66 173
66 139
66 981
66 927
66 148
66 229
66 454
66 264
66 268
66 14
66 1051
66 843
66 1395
66 334
66 1193
66 646
66 797
66 410
66 1107
66 1060
66 676
66 1173
66 495
66 1048
66 16
66 94
66 920
66 1260
66 1354
66 837
66 571
66 1376
66 932
66 373
66 1123
66 657
66 895
66 88
66 970
66 171
66 985
66 387
66 93
66 1394
66 1149
66 1197
66 242
66 1214
66 1238
66 1143
66 144
66 1148
66 1267
66 1128
66 85
66 561
66 1130
66 1053
66 342
66 48
66 523
66 84
66 1135
66 36
66 1179
66 1153
66 839
66 944
66 1138
66 37
66 476
66 371
66 274
66 1295
66 586
66 777
66 1006
66 87
66 401
66 774
66 891
66 669
66 33
66 280
66 526
66 376
66 278
66 341
66 984
66 6
66 1396
66 106
66 696
66 731
66 1137
66 17
66 10
66 499
66 1310
66 980
66 873
66 892
66 793
66 963
66 942
66 1195
66 110
66 7
66 493
66 1059
66 99
66 630
66 900
66 580
66 1259
66 519
66 1209
66 386
66 422
66 1190
66 855
66 1005
66 1362
66 1351
66 661
66 126
66 336
66 1010
66 325
66 736
66 575
66 872
66 1232
66 917
66 1389
66 706
66 656
66 385
66 440
66 328
66 601
66 161
66 1003
66 1309
66 1202
66 1073
66 672
66 112
66 893
66 1237
66 878
66 1254
66 474
66 503
66 1031
66 1043
66 350
66 377
66 1248
66 285
66 1183
66 1110
66 738
66 159
66 662
66 1325
66 1289
66 651
66 997
66 803
66 1313
66 198
66 52
66 1029
66 18
66 633
66 172
66 406
66 1194
66 577
66 682
66 236
66 903
66 1299
66 246
66 1038
66 535
66 1154
66 746
66 1322
66 608
66 1180
66 473
66 1228
66 146
66 479
66 565
66 1071
66 267
66 29
66 752
66 979
66 960
66 1215
66 627
66 483
66 183
66 217
66 732
66 1280
66 965
66 361
66 92
66 9
66 30
66 260
66 820
66 830
66 224
66 211
66 533
66 626
66 800
66 317
66 694
66 562
66 1007
66 934
66 1042
66 640
66 1018
66 786
66 750
66 420
66 1304
66 132
66 541
66 939
66 584
66 668
66 450
66 787
66 870
66 35
66 270
66 468
66 368
66 1002
66 1087
66 470
66 319
66 652
66 456
66 348
66 186
66 335
66 1231
66 19
66 216
66 358
66 490
66 1239
66 517
66 532
66 157
66 1352
66 1218
66 1255
66 814
66 147
66 127
66 534
66 862
66 38
66 1112
66 636
66 587
66 1041
66 770
66 1189
66 596
66 130
66 457
66 1327
66 344
66 990
66 933
66 915
66 733
66 1297
66 111
66 1117
66 602
66 390
66 957
66 956
66 142
66 585
66 381
66 869
66 798
66 464
66 637
66 828
66 311
66 578
66 44
66 326
66 435
66 1371
66 591
66 56
66 690
66 86
66 478
66 123
66 68
66 1186
66 1208
66 1303
66 792
66 853
66 799
66 486
66 818
66 1055
66 369
66 1353
66 1258
66 72
66 785
66 949
66 779
66 992
66 122
66 1134
66 446
66 1187
66 975
66 258
66 1014
66 507
66 514
66 1216
66 480
66 1139
66 1034
66 70
66 189
66 96
66 724
66 1074
66 606
66 428
66 313
66 1
66 364
66 688
66 557
66 654
66 1367
66 1324
66 164
66 693
66 140
66 983
66 382
66 433
66 22
66 1321
66 347
66 794
66 462
66 1249
66 1221
66 1343
66 1288
66 205
66 512
66 566
66 1220
66 49
66 1373
66 360
66 284
66 1274
66 912
66 1052
66 1188
66 74
66 683
66 986
66 605
66 796
66 1256
66 40
66 103
66 1319
66 751
66 1323
66 823
66 202
66 994
66 771
66 277
66 1374
66 209
66 988
66 604
66 1009
66 1142
66 972
66 1201
66 176
66 357
66 145
66 610
66 769
66 333
66 430
66 41
66 978
66 407
66 269
66 1129
66 544
66 61
66 959
66 380
66 658
66 340
66 1349
66 76
66 1203
66 835
66 616
66 1207
66 196
66 429
66 1219
66 265
66 1035
66 521
66 489
66 515
66 1386
66 234
66 678
66 1204
66 899
66 424
66 1030
66 692
66 767
66 593
66 902
66 1234
66 77
66 549
66 1385
66 466
66 1272
66 356
66 522
66 108
66 162
66 1068
66 788
66 213
66 802
66 918
66 500
66 1144
66 947
66 720
66 272
66 600
66 612
66 1058
66 115
66 20
66 207
66 1287
66 1044
66 174
66 624
66 1016
66 281
66 166
66 599
66 1284
66 1381
66 1070
66 481
66 1330
66 233
66 282
66 880
66 840
66 689
66 232
66 327
66 227
66 1151
66 263
66 716
66 125
66 567
66 955
66 742
66 888
66 531
66 1191
66 427
66 1278
66 1217
66 152
66 745
66 930
66 761
66 1165
66 314
66 684
66 391
66 1099
66 650
66 825
66 1047
66 1020
66 60
66 969
66 545
66 783
66 362
66 923
66 552
66 971
66 1093
66 1024
66 1312
66 1089
66 677
66 938
66 1292
66 1205
66 104
66 1296
66 795
66 1276
66 1306
66 1279
66 283
66 1320
66 936
66 553
66 485
66 829
66 421
66 1263
66 190
66 632
66 697
66 200
66 253
66 195
66 101
66 47
66 1363
66 443
66 175
66 21
66 58
66 1013
66 1223
66 863
66 1015
66 778
66 864
66 24
66 813
66 810
66 90
66 529
66 909
66 203
66 1199
66 1315
66 247
66 1125
66 695
66 719
66 275
66 91
66 639
66 710
66 57
66 312
66 197
66 315
66 919
66 765
66 423
66 1364
66 881
66 1339
66 701
66 46
66 1150
66 857
66 906
66 655
66 102
66 687
66 518
66 886
66 294
66 705
66 896
66 1264
66 801
66 212
66 316
66 1141
66 1040
66 1266
66 1372
66 1380
66 1088
66 5
66 1077
66 449
66 623
66 827
66 887
66 51
66 1025
66 53
66 1046
66 501
66 15
66 451
66 1158
66 597
66 303
66 13
66 426
66 1008
66 928
66 408
66 1067
66 1036
66 894
66 1230
66 511
66 713
66 75
66 293
66 703
66 55
66 726
66 739
66 1328
66 1365
66 295
66 413
66 735
66 789
66 1026
66 119
66 12
66 560
66 714
66 1032
66 120
66 276
66 1269
66 1369
66 1126
66 937
66 1347
66 741
66 628
66 1342
66 414
66 737
66 1079
66 554
66 163
66 415
66 996
66 622
66 230
66 182
66 374
66 991
66 220
66 243
66 547
66 589
66 528
66 1345
66 851
66 169
66 100
66 1318
66 715
66 740
66 69
66 346
66 262
66 402
66 952
66 1257
66 634
66 448
66 1334
66 1333
66 617
66 184
66 817
66 67
66 748
66 1332
66 244
66 1147
66 645
66 287
66 707
66 1169
66 225
66 204
66 1277
66 1157
66 582
66 508
66 1268
66 852
66 214
66 259
66 447
66 1122
66 442
66 488
66 961
66 158
66 506
66 824
66 756
66 964
66 749
66 702
66 908
66 82
66 781
66 699
66 907
66 441
66 686
66 1247
66 1156
66 83
66 1336
66 177
66 64
66 170
66 1341
66 432
66 32
66 1326
66 1212
66 782
66 296
66 1252
66 1064
66 1104
66 252
66 564
66 288
66 1213
66 649
66 1164
66 635
66 289
66 603
66 1166
66 185
66 856
66 753
66 766
66 717
66 199
