67 3
67 393
67 4
67 664
67 458
67 180
67 389
67 72
67 149
67 1107
67 1398
67 128
67 2
67 412
67 388
67 306
67 784
67 659
67 484
67 155
67 418
67 629
67 381
67 611
67 9
67 1399
67 1397
67 1248
67 1244
67 309
67 568
67 826
67 943
67 260
67 1251
67 584
67 1400
67 400
67 1282
67 382
67 1106
67 1370
67 569
67 1355
67 327
67 23
67 663
67 304
67 419
67 255
67 1267
67 785
67 398
67 234
67 308
67 1183
67 366
67 1121
67 1364
67 135
67 570
67 145
67 375
67 21
67 116
67 310
67 345
67 1302
67 121
67 1200
67 257
67 1383
67 104
67 1230
67 1276
67 256
67 977
67 207
67 1228
67 305
67 312
67 89
67 324
67 1055
67 660
67 61
67 193
67 109
67 1220
67 736
67 142
67 944
67 459
67 13
67 998
67 572
67 126
67 863
67 65
67 192
67 940
67 1225
67 737
67 50
67 527
67 836
67 538
67 406
67 1048
67 22
67 644
67 528
67 996
67 1363
67 525
67 226
67 671
67 165
67 1130
67 636
67 959
67 1050
67 861
67 915
67 1119
67 899
67 730
67 15
67 397
67 1237
67 499
67 1037
67 373
67 134
67 1154
67 365
67 1260
67 133
67 750
67 98
67 16
67 348
67 563
67 464
67 562
67 734
67 453
67 481
67 1149
67 560
67 232
67 1182
67 334
67 571
67 1311
67 854
67 733
67 514
67 425
67 335
67 386
67 694
67 547
67 1386
67 1215
67 307
67 697
67 150
67 1387
67 830
67 336
67 972
67 771
67 1396
67 1235
67 424
67 346
67 376
67 457
67 268
67 970
67 1076
67 1301
67 929
67 1104
67 326
67 299
67 1007
67 339
67 88
67 1198
67 1382
67 1202
67 1326
67 1274
67 131
67 329
67 321
67 1366
67 1319
67 1365
67 1384
67 1278
67 267
67 551
67 370
67 1381
67 94
67 45
67 384
67 647
67 1263
67 610
67 1320
67 62
67 1067
67 24
67 413
67 358
67 1281
67 343
67 1241
67 798
67 573
67 1393
67 641
67 408
67 124
67 504
67 1054
67 627
67 203
67 1049
67 460
67 1214
67 74
67 87
67 269
67 754
67 407
67 900
67 612
67 454
67 735
67 661
67 1109
67 655
67 300
67 476
67 1175
67 889
67 1155
67 1138
67 1322
67 187
67 980
67 96
67 333
67 686
67 27
67 254
67 170
67 1246
67 862
67 364
67 114
67 921
67 372
67 1128
67 971
67 540
67 452
67 276
67 217
67 591
67 325
67 91
67 975
67 461
67 493
67 404
67 1324
67 1222
67 17
67 1261
67 383
67 1283
67 1181
67 1268
67 191
67 8
67 1275
67 1358
67 105
67 732
67 774
67 41
67 948
67 479
67 1313
67 1327
67 337
67 1199
67 1038
67 751
67 503
67 169
67 1394
67 318
67 71
67 864
67 1357
67 788
67 1192
67 1060
67 201
67 272
67 85
67 648
67 858
67 1190
67 401
67 377
67 25
67 766
67 692
67 1157
67 363
67 630
67 1233
67 55
67 168
67 271
67 1072
67 693
67 342
67 37
67 392
67 54
67 117
67 439
67 1254
67 625
67 63
67 294
67 1137
67 157
67 352
67 666
67 651
67 820
67 148
67 34
67 574
67 550
67 76
67 355
67 1056
67 198
67 719
67 1240
67 359
67 475
67 953
67 960
67 1310
67 1205
67 322
67 773
67 29
67 1218
67 979
67 1188
67 1227
67 872
67 53
67 1027
67 496
67 1284
67 176
67 189
67 420
67 139
67 344
67 535
67 1009
67 800
67 696
67 111
67 1229
67 328
67 491
67 631
67 605
67 565
67 721
67 1245
67 291
67 1040
67 332
67 1300
67 912
67 888
67 1123
67 683
67 526
67 107
67 646
67 316
67 349
67 667
67 361
67 73
67 1264
67 347
67 895
67 1059
67 495
67 1257
67 668
67 421
67 1029
67 1185
67 240
67 1258
67 1395
67 462
67 261
67 515
67 1193
67 1392
67 315
67 242
67 1250
67 1173
67 780
67 171
67 837
67 463
67 391
67 84
67 712
67 293
67 52
67 1100
67 582
67 839
67 933
67 600
67 1373
67 151
67 743
67 80
67 59
67 517
67 478
67 852
67 992
67 601
67 645
67 422
67 919
67 765
67 1213
67 7
67 136
67 537
67 789
67 292
67 999
67 211
67 222
67 1117
67 97
67 1343
67 1351
67 956
67 1385
67 1271
67 891
67 125
67 672
67 920
67 282
67 1325
67 710
67 1337
67 675
67 1234
67 1186
67 903
67 488
67 936
67 1328
67 1354
67 435
67 965
67 1372
67 1080
67 395
67 1226
67 1309
67 160
67 775
67 1335
67 808
67 273
67 1074
67 112
67 1378
67 31
67 123
67 962
67 702
67 662
67 786
67 1014
67 188
67 1236
67 208
67 417
67 14
67 907
67 1151
67 1216
67 1191
67 608
67 1051
67 794
67 1184
67 487
67 892
67 657
67 314
67 1239
67 179
67 1280
67 1323
67 277
67 241
67 225
67 252
67 595
67 394
67 626
67 961
67 652
67 44
67 92
67 973
67 529
67 120
67 1211
67 1083
67 209
67 1144
67 266
67 1005
67 519
67 1292
67 796
67 1142
67 486
67 928
67 243
67 167
67 564
67 925
67 1391
67 1120
67 556
67 677
67 1108
67 340
67 1053
67 1353
67 1296
67 1342
67 43
67 378
67 1034
67 752
67 1147
67 1180
67 823
67 265
67 518
67 353
67 1075
67 805
67 472
67 1008
67 976
67 58
67 576
67 177
67 158
67 410
67 455
67 456
67 853
67 941
67 206
67 1189
67 1368
67 40
67 1210
67 140
67 553
67 263
67 477
67 935
67 1
67 205
67 717
67 623
67 468
67 99
67 966
67 57
67 720
67 1195
67 1375
67 559
67 1177
67 846
67 303
67 934
67 1001
67 119
67 186
67 678
67 302
67 855
67 1082
67 679
67 1042
67 75
67 102
67 1253
67 47
67 1187
67 894
67 288
67 782
67 604
67 1303
67 1321
67 665
67 500
67 79
67 36
67 918
67 978
67 522
67 939
67 258
67 1356
67 1377
67 1209
67 731
67 974
67 1287
67 859
67 745
67 1249
67 922
67 1081
67 801
67 981
67 982
67 824
67 843
67 761
67 901
67 298
67 653
67 319
67 1288
67 1153
67 607
67 597
67 827
67 182
67 465
67 244
67 502
67 178
67 320
67 938
67 505
67 567
67 1078
67 311
67 587
67 1046
67 770
67 1247
67 18
67 1238
67 1002
67 295
67 416
67 101
67 1066
67 210
67 78
67 118
67 341
67 428
67 1308
67 757
67 1273
67 172
67 814
67 489
67 840
67 474
67 1294
67 1361
67 799
67 90
67 1003
67 323
67 1114
67 228
67 77
67 585
67 1013
67 1262
67 741
67 199
67 856
67 541
67 498
67 1084
67 33
67 434
67 69
67 494
67 379
67 1304
67 12
67 885
67 1307
67 797
67 917
67 689
67 1127
67 1010
67 1118
67 213
67 857
67 480
67 289
67 825
67 947
67 1201
67 399
67 49
67 440
67 1259
67 727
67 1349
67 819
67 624
67 146
67 5
67 143
67 987
67 278
67 220
67 964
67 279
67 809
67 115
67 803
67 620
67 1132
67 829
67 338
67 127
67 633
67 330
67 716
67 236
67 622
67 450
67 926
67 1299
67 1224
67 579
67 1006
67 1167
67 583
67 1097
67 1196
67 700
67 442
67 690
67 264
67 218
67 984
67 6
67 531
67 1212
67 173
67 48
67 446
67 1206
67 1061
67 950
67 698
67 1178
67 792
67 893
67 1204
67 554
67 362
67 1126
67 270
67 566
67 374
67 70
67 423
67 369
67 1000
67 1295
67 227
67 555
67 1371
67 706
67 19
67 216
67 490
67 1087
67 927
67 39
67 561
67 534
67 793
67 1156
67 433
67 845
67 1329
67 1341
67 1035
67 602
67 467
67 637
67 212
67 1232
67 628
67 669
67 371
67 621
67 174
67 28
67 1265
67 1194
67 542
67 967
67 245
67 1390
67 1064
67 844
67 1143
67 949
67 779
67 577
67 1115
67 507
67 822
67 230
67 599
67 1018
67 1139
67 530
67 1172
67 60
67 385
67 317
67 313
67 26
67 557
67 1367
67 989
67 1043
67 106
67 851
67 113
67 539
67 724
67 183
67 360
67 1110
67 580
67 815
67 1256
67 685
67 592
67 1338
67 86
67 1028
67 219
67 1166
67 297
67 1041
67 739
67 231
67 38
67 430
67 1036
67 590
67 544
67 990
67 296
67 1277
67 1203
67 469
67 575
67 196
67 521
67 1242
67 656
67 1047
67 248
67 902
67 549
67 1347
67 466
67 1272
67 356
67 387
67 680
67 1159
67 802
67 1297
67 772
67 873
67 536
67 1255
67 166
67 548
67 945
67 1105
67 103
67 195
67 1019
67 1179
67 818
67 946
67 1219
67 1221
67 427
67 35
67 448
67 445
67 1165
67 351
67 81
67 533
67 643
67 1231
67 682
67 545
67 1374
67 988
67 916
67 280
67 1112
67 161
67 1073
67 262
67 1291
67 795
67 1306
67 963
67 283
67 42
67 485
67 1148
67 190
67 632
67 163
67 443
67 175
67 1223
67 1270
67 695
67 483
67 1315
67 197
67 1330
67 1339
67 701
67 93
67 997
67 906
67 470
67 523
67 122
67 687
67 705
67 224
67 942
67 432
67 983
67 1141
67 1124
67 1266
67 986
67 588
67 1344
67 691
67 237
67 501
67 1086
67 1158
67 159
67 426
67 993
67 1289
67 511
67 444
67 144
67 221
67 688
67 110
67 138
67 714
67 1085
67 1269
67 578
67 415
67 991
67 606
67 589
67 994
67 1379
67 380
67 1318
67 132
67 402
67 634
67 1334
67 147
67 184
67 817
67 748
67 1332
67 247
67 287
67 204
67 1207
67 508
67 593
67 985
67 214
67 259
67 56
67 152
67 749
67 1093
67 781
67 699
67 1336
67 64
67 1024
67 1252
67 51
67 658
67 704
67 1164
67 767
67 635
67 229
67 603
67 274
67 869
67 185
