68 628
68 343
68 662
68 337
68 338
68 272
68 339
68 480
68 974
68 344
68 1237
68 365
68 125
68 560
68 773
68 942
68 397
68 364
68 308
68 689
68 535
68 293
68 1288
68 1205
68 79
68 254
68 481
68 559
68 661
68 1191
68 81
68 366
68 84
68 53
68 1240
68 322
68 1109
68 1200
68 1100
68 646
68 635
68 142
68 353
68 1199
68 123
68 1180
68 9
68 1002
68 1183
68 1263
68 370
68 594
68 352
68 340
68 1056
68 1326
68 387
68 40
68 240
68 690
68 565
68 800
68 529
68 355
68 1250
68 80
68 1158
68 1378
68 1274
68 1319
68 493
68 1185
68 645
68 13
68 707
68 374
68 325
68 1006
68 1241
68 1215
68 310
68 1283
68 350
68 349
68 85
68 248
68 1395
68 1104
68 111
68 283
68 382
68 865
68 556
68 542
68 92
68 1106
68 25
68 4
68 677
68 260
68 1204
68 231
68 1063
68 443
68 954
68 127
68 62
68 1072
68 158
68 1147
68 1157
68 1257
68 457
68 1391
68 1087
68 1030
68 1388
68 595
68 1254
68 901
68 280
68 504
68 945
68 274
68 879
68 681
68 59
68 1382
68 1043
68 774
68 60
68 637
68 1097
68 1385
68 1041
68 985
68 438
68 1375
68 425
68 1280
68 1293
68 383
68 161
68 1154
68 1088
68 214
68 249
68 37
68 553
68 328
68 1246
68 1253
68 543
68 266
68 1155
68 101
68 1248
68 512
68 1366
68 321
68 227
68 537
68 211
68 14
68 1193
68 90
68 552
68 869
68 625
68 598
68 126
68 1005
68 745
68 555
68 544
68 498
68 684
68 1086
68 107
68 93
68 194
68 832
68 375
68 581
68 1161
68 49
68 1233
68 48
68 1159
68 1126
68 848
68 1023
68 1281
68 522
68 43
68 295
68 1334
68 141
68 878
68 1210
68 623
68 770
68 1332
68 459
68 149
68 587
68 1261
68 113
68 279
68 154
68 977
68 1175
68 971
68 395
68 790
68 1080
68 243
68 679
68 644
68 57
68 197
68 1197
68 508
68 1258
68 796
68 222
68 195
68 466
68 674
68 1328
68 648
68 1390
68 1055
68 1123
68 783
68 680
68 169
68 56
68 777
68 1264
68 602
68 346
68 903
68 780
68 536
68 147
68 510
68 683
68 818
68 632
68 34
68 294
68 447
68 927
68 1300
68 462
68 514
68 1071
68 1286
68 1206
68 410
68 606
68 359
68 203
68 128
68 170
68 16
68 814
68 733
68 417
68 1110
68 558
68 667
68 312
68 887
68 201
68 719
68 1284
68 996
68 212
68 95
68 1324
68 1275
68 1112
68 86
68 433
68 1222
68 771
68 1271
68 836
68 51
68 489
68 435
68 767
68 1231
68 1289
68 545
68 150
68 652
68 813
68 1007
68 762
68 949
68 329
68 1298
68 704
68 671
68 335
68 1266
68 38
68 118
68 250
68 1307
68 1294
68 1217
68 1090
68 1346
68 1262
68 506
68 1343
68 1216
68 1234
68 237
68 205
68 920
68 39
68 827
68 603
68 694
68 987
68 612
68 980
68 1194
68 257
68 213
68 1339
68 386
68 1074
68 1342
68 1039
68 32
68 1218
68 225
68 415
68 567
68 94
68 317
68 730
68 732
68 278
68 423
68 19
68 64
68 976
68 1229
68 1276
68 659
68 33
68 351
68 1195
68 563
68 907
68 1076
68 441
68 1225
68 808
68 226
68 29
68 924
68 1061
68 282
68 1352
68 1285
68 24
68 467
68 235
68 1202
68 872
68 576
68 1019
68 562
68 31
68 70
68 1267
68 138
68 698
68 564
68 962
68 874
68 538
68 580
68 1383
68 1040
68 499
68 234
68 475
68 458
68 91
68 476
68 794
68 362
68 782
68 363
68 647
68 470
68 655
68 687
68 492
68 1399
68 850
68 705
68 292
68 900
68 573
68 224
68 1107
68 456
68 1075
68 465
68 736
68 788
68 1368
68 1062
68 430
68 478
68 693
68 407
68 42
68 232
68 990
68 699
68 307
68 703
68 1192
68 187
68 372
68 695
68 842
68 642
68 735
68 1145
68 631
68 513
68 549
68 206
68 675
68 1212
68 411
68 1398
68 981
68 918
68 904
68 654
68 151
68 1038
68 678
68 665
68 789
68 922
68 657
68 860
68 115
68 561
68 65
68 354
68 1301
68 219
68 193
68 692
68 769
68 572
68 1327
68 636
68 611
68 468
68 1092
68 449
68 952
68 345
68 546
68 994
68 1313
68 1374
68 473
68 1190
68 497
68 1355
68 905
68 604
68 496
68 192
68 641
68 784
68 582
68 1032
68 626
68 1238
68 787
68 54
68 1182
68 196
68 1091
68 1393
68 1178
68 58
68 247
68 1386
68 428
68 554
68 427
68 566
68 155
68 244
68 574
68 220
68 369
68 943
68 381
68 579
68 108
68 500
68 989
68 253
68 982
68 97
68 1
68 1363
68 89
68 1303
68 1255
68 972
68 601
68 1329
68 183
68 1149
68 464
68 477
68 379
68 1224
68 1325
68 1310
68 917
68 934
68 781
68 682
68 1336
68 894
68 314
68 1059
68 673
68 157
68 144
68 1064
68 1235
68 252
68 246
68 131
68 288
68 416
68 1213
68 991
68 757
68 928
68 173
68 484
68 132
68 696
68 209
68 811
68 96
68 717
68 710
68 721
