69 264
69 664
69 105
69 1138
69 322
69 1383
69 540
69 365
69 111
69 4
69 310
69 1137
69 559
69 920
69 366
69 94
69 1182
69 458
69 3
69 393
69 1193
69 1382
69 460
69 459
69 1210
69 1370
69 381
69 300
69 479
69 457
69 1109
69 663
69 128
69 299
69 1200
69 940
69 327
69 304
69 281
69 307
69 671
69 292
69 1081
69 155
69 754
69 784
69 661
69 1154
69 1366
69 475
69 72
69 570
69 565
69 530
69 394
69 376
69 118
69 527
69 266
69 24
69 349
69 336
69 255
69 785
69 364
69 1225
69 62
69 851
69 1297
69 1044
69 28
69 306
69 160
69 180
69 1043
69 1222
69 134
69 1149
69 1364
69 1240
69 124
69 98
69 528
69 192
69 323
69 1184
69 966
69 1235
69 1053
69 855
69 1263
69 131
69 959
69 802
69 1301
69 961
69 335
69 406
69 375
69 1076
69 652
69 256
69 404
69 86
69 853
69 377
69 899
69 333
69 562
69 977
69 326
69 1245
69 963
69 1373
69 1384
69 1311
69 1192
69 629
69 499
69 1073
69 341
69 556
69 417
69 611
69 150
69 1056
69 351
69 1273
69 1304
69 477
69 383
69 133
69 1257
69 16
69 358
69 345
69 117
69 309
69 115
69 352
69 1185
69 408
69 329
69 750
69 734
69 59
69 1375
69 1386
69 382
69 1281
69 478
69 461
69 135
69 305
69 1355
69 1071
69 1261
69 1054
69 401
69 639
69 569
69 1365
69 1107
69 1155
69 648
69 981
69 626
69 54
69 1322
69 1220
69 1086
69 1394
69 655
69 1385
69 823
69 1241
69 170
69 2
69 145
69 637
69 23
69 1392
69 1302
69 798
69 164
69 201
69 339
69 936
69 987
69 666
69 320
69 889
69 645
69 191
69 1189
69 665
69 1260
69 850
69 87
69 538
69 355
69 149
69 348
69 547
69 337
69 73
69 630
69 872
69 71
69 507
69 978
69 272
69 1063
69 1254
69 273
69 260
69 448
69 1198
69 1085
69 703
69 34
69 1108
69 9
69 1083
69 560
69 107
69 271
69 572
69 179
69 412
69 1055
69 328
69 1278
69 435
69 667
69 50
69 1078
69 325
69 537
69 55
69 919
69 944
69 912
69 573
69 343
69 586
69 334
69 563
69 413
69 1294
69 1236
69 504
69 104
69 21
69 17
69 1084
69 346
69 962
69 321
69 1123
69 843
69 553
69 644
69 1308
69 493
69 47
69 467
69 501
69 943
69 319
69 390
69 342
69 248
69 1268
69 1205
69 422
69 551
69 291
69 344
69 165
69 37
69 965
69 1061
69 1228
69 736
69 89
69 370
69 76
69 931
69 6
69 1303
69 32
69 1395
69 1216
69 254
69 610
69 916
69 316
69 22
69 777
69 476
69 1215
69 208
69 318
69 347
69 654
69 121
69 731
69 257
69 668
69 956
69 557
69 653
69 1100
69 247
69 1119
69 240
69 53
69 1251
69 439
69 45
69 1259
69 761
69 60
69 660
69 425
69 489
69 207
69 261
69 1199
69 1381
69 1248
69 1327
69 934
69 1233
69 397
69 142
69 933
69 903
69 246
69 148
69 44
69 1244
69 1067
69 189
69 863
69 308
69 20
69 1197
69 1246
69 854
69 830
69 587
69 789
69 1377
69 568
69 842
69 646
69 74
69 488
69 314
69 122
69 363
69 980
69 682
69 1047
69 585
69 1372
69 481
69 80
69 7
69 274
69 112
69 63
69 125
69 315
69 14
69 494
69 930
69 515
69 1050
69 159
69 1186
69 356
69 1368
69 672
69 1351
69 1264
69 1282
69 484
69 1208
69 101
69 788
69 187
69 1309
69 811
69 737
69 90
69 767
69 1271
69 526
69 1237
69 662
69 267
69 188
69 61
69 1321
69 765
69 917
69 1213
69 495
69 1393
69 167
69 452
69 1270
69 641
69 974
69 1105
69 313
69 989
69 293
69 1211
69 209
69 979
69 992
69 1226
69 1087
69 1312
69 939
69 925
69 386
69 278
69 677
69 766
69 1121
69 93
69 91
69 410
69 1280
69 43
69 702
69 561
69 564
69 1391
69 1399
69 353
69 498
69 1116
69 829
69 298
69 620
69 242
69 1180
69 5
69 241
69 126
69 1202
69 529
69 1214
69 1300
69 1324
69 40
69 669
69 996
69 454
69 548
69 1389
69 1041
69 535
69 1253
69 935
69 1036
69 1356
69 972
69 229
69 794
69 948
69 1148
69 1129
69 852
69 446
69 8
69 613
69 378
69 1323
69 625
69 496
69 388
69 1082
69 832
69 1354
69 1181
69 1088
69 680
69 814
69 294
69 269
69 369
69 681
69 1142
69 1325
69 108
69 741
69 1080
69 157
69 258
69 1126
69 1342
69 1079
69 472
69 79
69 892
69 340
69 1201
69 796
69 623
69 228
69 1029
69 945
69 523
69 1175
69 265
69 395
69 103
69 831
69 324
69 584
69 651
69 303
69 119
69 700
69 846
69 1194
69 49
69 1179
69 205
69 733
69 844
69 502
69 424
69 505
69 525
69 1353
69 451
69 1317
69 35
69 36
69 1002
69 1276
69 445
69 1274
69 826
69 1396
69 403
69 1224
69 1191
69 575
69 738
69 1374
69 1319
69 416
69 656
69 576
69 894
69 732
69 871
69 1242
69 132
69 1209
69 1310
69 861
69 380
69 1117
69 244
69 1288
69 421
69 297
69 941
69 1106
69 869
69 359
69 973
69 474
69 182
69 998
69 608
69 730
69 367
69 1238
69 487
69 190
69 1298
69 659
69 1059
69 447
69 627
69 518
69 808
69 414
69 433
69 186
69 771
69 82
69 1320
69 1250
69 773
69 604
69 1060
69 172
69 158
69 84
69 506
69 704
69 873
69 1006
69 960
69 985
69 12
69 1255
69 311
69 701
69 418
69 96
69 813
69 1387
69 25
69 140
69 1187
69 399
69 1077
69 1070
69 1037
69 848
69 1283
69 1023
69 601
69 290
69 705
69 1188
69 224
69 1046
69 1072
69 220
69 379
69 1157
69 331
69 1284
69 512
69 840
69 222
69 679
69 338
69 97
69 127
69 1
69 710
69 231
69 38
69 1299
69 465
69 400
69 1219
69 590
69 591
69 990
69 1034
69 689
69 317
69 763
69 614
69 841
69 1145
69 1397
69 1171
69 735
69 828
69 227
69 1026
69 951
69 357
69 1005
69 411
69 607
69 27
69 859
69 123
69 964
69 918
69 541
69 1376
69 1024
69 1369
69 1040
69 583
69 799
69 1038
69 1388
69 1307
69 362
69 922
69 11
69 724
69 455
69 827
69 555
69 373
69 1074
69 849
69 1380
69 1347
69 1349
69 276
69 976
69 1212
69 1286
69 449
69 887
69 1221
69 282
69 143
69 952
69 15
69 628
69 13
69 78
69 289
69 542
69 171
69 1262
69 81
69 263
69 1258
69 617
69 888
69 1362
69 473
69 988
69 67
69 1296
69 168
69 52
69 1390
69 1007
69 384
69 582
69 837
69 268
69 975
69 174
69 937
69 615
69 1206
69 350
69 858
69 368
69 1004
69 616
69 173
69 374
69 428
69 236
69 1217
69 1361
69 719
69 580
69 579
69 500
69 792
69 891
69 717
69 929
69 1363
69 57
69 696
69 685
69 450
69 163
69 982
69 1013
69 824
69 166
69 786
69 1008
69 760
69 1134
69 332
69 690
69 913
69 721
69 1279
69 857
69 1371
69 391
69 456
69 531
69 691
69 18
69 453
69 1352
69 1289
69 195
69 779
69 1127
69 99
69 144
69 110
69 296
69 1039
69 230
69 643
69 33
69 1167
69 686
69 928
69 806
69 1313
69 151
69 753
69 522
69 1277
69 997
69 486
69 1292
69 1147
69 432
69 262
69 1344
69 1195
69 198
