7 492
7 434
7 973
7 233
7 1040
7 57
7 56
7 354
7 124
7 1115
7 947
7 1307
7 232
7 759
7 1231
7 48
7 197
7 1347
7 373
7 122
7 688
7 1381
7 999
7 189
7 37
7 443
7 708
7 58
7 717
7 248
7 567
7 1077
7 69
7 709
7 1000
7 32
7 1186
7 234
7 1005
7 815
7 801
7 1350
7 993
7 711
7 712
7 359
7 1218
7 1114
7 225
7 698
7 988
7 312
7 1192
7 1351
7 1006
7 1277
7 174
7 713
7 1229
7 1285
7 1310
7 1262
7 1001
7 1179
7 423
7 469
7 53
7 564
7 1355
7 1304
7 1292
7 1352
7 946
7 1339
7 27
7 282
7 1250
7 992
7 1104
7 638
7 231
7 694
7 498
7 1309
7 936
7 636
7 363
7 193
7 106
7 196
7 440
7 572
7 971
7 565
7 972
7 1303
7 1204
7 907
7 901
7 530
7 1193
7 693
7 1334
7 1332
7 927
7 441
7 1306
7 1259
7 541
7 360
7 1378
7 439
7 626
7 1382
7 464
7 1188
7 511
7 1147
7 1349
7 38
7 173
7 639
7 1356
7 808
7 1184
7 650
7 420
7 413
7 70
7 1154
7 1217
7 605
7 291
7 1213
7 1
7 569
7 632
7 277
7 1311
7 514
7 944
7 746
7 10
7 213
7 675
7 612
7 704
7 1108
7 758
7 979
7 1064
7 924
7 97
7 39
7 467
7 996
7 212
7 371
7 63
7 1117
7 680
7 997
7 785
7 430
7 222
7 695
7 525
7 1216
7 937
7 1343
7 674
7 64
7 673
7 1145
7 1328
7 915
7 671
7 519
7 1320
7 1366
7 133
7 637
7 1004
7 1166
7 790
7 662
7 25
7 1386
7 624
7 199
7 12
7 1045
7 655
7 736
7 657
7 726
7 62
7 495
7 1227
7 512
7 891
7 1107
7 484
7 794
7 123
7 520
7 689
7 687
7 721
7 830
7 692
7 275
7 347
7 1135
7 772
7 1136
7 176
7 1258
7 433
7 580
7 16
7 611
7 148
7 601
7 147
7 1070
7 1126
7 370
7 229
7 563
7 187
7 49
7 814
7 763
7 1341
7 1225
7 939
7 76
7 79
7 409
7 55
7 1106
7 110
7 839
7 1228
7 505
7 186
7 645
7 1185
7 1027
7 1344
7 696
7 1201
7 872
7 475
7 610
7 1129
7 697
7 1324
7 1133
7 470
7 1208
7 765
7 137
7 1337
7 310
7 276
7 162
7 943
7 9
7 246
7 1191
7 435
7 120
7 513
7 379
7 508
7 1051
7 652
7 1125
7 305
7 595
7 1008
7 287
7 1039
7 922
7 125
7 1076
7 948
7 904
7 194
7 1255
7 335
7 1354
7 250
7 230
7 224
7 1274
7 164
7 1124
7 1198
7 1110
7 846
7 415
7 994
7 140
7 1319
7 556
7 1246
7 1090
7 1200
7 101
7 1237
7 3
7 205
7 188
7 1248
7 293
7 917
7 681
7 1156
7 1283
7 838
7 955
7 1234
7 1171
7 1291
7 540
7 1181
7 126
7 1294
7 957
7 945
7 94
7 584
7 1095
7 566
7 311
7 1232
7 1267
7 421
7 1261
7 962
7 338
7 352
7 1042
7 970
7 720
7 442
7 798
7 179
7 788
7 1080
7 1003
7 89
7 68
7 11
7 115
7 574
7 465
7 545
7 949
7 559
7 183
7 773
7 1074
7 1053
7 1094
7 803
7 473
7 254
7 1243
7 345
7 204
7 761
7 991
7 845
7 431
7 242
7 517
7 1235
7 542
7 889
7 1284
7 400
7 121
7 668
7 1162
7 1167
7 1271
7 1315
7 1345
7 851
7 61
7 1195
7 744
7 369
7 786
7 1301
7 1265
7 1093
7 459
7 54
7 19
7 1071
7 411
7 964
7 1276
7 348
7 715
7 778
7 987
7 35
7 959
7 1011
7 1335
7 1230
7 139
7 364
7 279
7 800
7 809
7 226
7 1280
7 938
7 562
7 731
7 679
7 1116
7 691
7 1244
7 1068
7 667
7 349
7 447
7 307
7 663
7 1233
7 1205
7 40
7 954
7 346
7 1119
7 805
7 782
7 491
7 257
7 406
7 80
7 388
7 1105
7 1165
7 240
7 1239
7 138
7 378
7 342
7 524
7 952
7 757
7 748
7 810
7 1187
7 975
7 961
7 386
7 581
7 723
7 353
7 339
7 876
7 550
7 1058
7 304
7 1327
7 665
7 1157
7 727
7 558
7 322
7 1264
7 114
7 1385
7 934
7 1127
7 822
7 1371
7 1182
7 706
7 1342
7 1336
7 258
7 583
7 1010
7 806
7 1066
7 1268
7 1151
7 74
7 308
7 536
7 72
7 292
7 165
7 247
7 1281
7 283
7 262
7 767
7 1190
7 831
7 300
7 154
7 977
7 383
7 529
7 142
7 683
7 770
7 1364
7 931
7 1097
7 243
7 1103
7 900
7 573
7 828
7 1212
7 456
7 1075
7 643
7 1287
7 1100
7 825
7 784
7 20
7 245
7 263
7 1062
7 1164
7 260
7 90
7 1007
7 487
7 1322
7 297
7 1033
7 466
7 528
7 372
7 894
7 481
7 192
7 321
7 1132
7 631
7 1131
7 1290
7 169
7 391
7 1361
7 792
7 990
7 733
7 1043
7 926
7 483
7 1240
7 209
7 732
7 1222
7 1331
7 857
7 1009
7 454
7 1326
7 705
7 326
7 418
7 82
7 986
7 873
7 416
7 1056
7 664
7 315
7 211
7 59
7 635
7 654
7 967
7 509
7 843
7 743
7 1155
7 921
7 1254
7 1143
7 560
7 203
7 653
7 820
7 175
7 1002
7 930
7 289
7 414
7 241
7 331
7 722
7 887
7 1313
7 458
7 73
7 337
7 95
7 468
7 1092
7 844
7 1241
7 1082
7 1130
7 129
7 78
7 490
7 1063
7 427
7 836
7 940
7 152
7 328
7 590
7 265
7 1111
7 455
7 1109
7 33
7 249
7 535
7 672
7 285
7 966
7 88
7 84
7 690
7 396
7 905
7 1266
7 134
7 1046
7 781
7 848
7 496
7 1021
7 592
7 344
7 599
7 1247
7 852
7 677
7 274
7 981
7 989
7 859
7 444
7 1054
7 1067
7 1390
7 1238
7 1321
7 1081
7 518
7 783
7 1123
7 585
7 1091
7 266
7 91
7 591
7 920
7 882
7 628
7 206
7 358
7 66
7 791
7 198
7 506
7 1128
7 847
7 163
7 155
7 561
7 220
7 774
7 547
7 1288
7 633
7 356
7 1263
7 1016
7 479
7 1330
7 985
7 272
7 239
7 96
7 296
7 661
7 1189
7 1365
7 36
7 546
7 707
7 1055
7 13
7 141
7 1175
7 14
7 617
7 280
7 1183
7 714
7 614
7 261
7 903
7 1134
7 334
7 109
7 357
7 682
7 933
7 1031
7 294
7 278
7 1224
7 1118
7 897
7 659
7 314
7 485
7 351
7 168
7 85
7 557
7 578
7 960
7 1289
7 1312
7 984
7 807
7 1206
7 24
7 1173
7 596
7 998
7 504
7 29
7 641
7 216
7 1249
7 43
7 15
7 4
7 463
7 615
7 235
7 403
7 395
7 1168
7 452
7 377
7 309
7 207
7 1236
7 1300
7 1323
7 1367
7 428
7 602
7 603
7 135
7 75
7 676
7 31
7 399
7 1087
7 215
7 489
7 941
7 956
7 381
7 978
7 341
7 1072
7 538
7 5
7 618
7 982
7 766
7 432
7 302
7 1363
7 252
7 797
7 1383
7 77
7 522
7 8
7 1035
7 290
7 103
7 116
7 128
7 1052
7 893
7 1149
7 865
7 983
7 1270
7 928
7 1139
7 461
7 1370
7 881
7 1207
7 112
7 236
7 362
7 1308
7 255
7 1098
7 1144
7 647
7 593
7 259
7 1399
7 729
7 191
7 850
7 651
7 166
7 159
7 317
7 329
7 553
7 1376
7 332
7 160
7 1253
7 1368
7 629
7 478
7 407
7 804
7 1059
7 227
7 699
7 703
7 796
7 914
7 1210
7 842
7 642
7 811
7 856
7 1252
7 735
7 588
7 779
7 99
7 587
7 549
7 1034
7 1099
7 44
7 149
7 877
7 480
7 1398
7 486
7 1172
7 7
7 918
7 177
7 1199
7 426
7 151
7 1038
7 678
7 974
7 789
7 710
7 860
7 92
7 65
7 793
7 701
7 1137
7 219
7 837
7 1202
7 330
7 1325
7 625
7 769
7 576
7 958
7 476
7 457
7 1373
7 449
7 858
7 52
7 268
7 127
7 446
7 627
7 1044
7 874
7 1374
7 1065
7 497
7 604
7 158
7 976
7 582
7 600
7 1032
7 787
7 1226
7 375
7 1393
7 1391
7 1178
7 1047
7 571
7 554
7 980
7 644
7 1197
7 185
7 1209
7 579
7 108
7 500
7 253
7 531
7 195
7 1169
7 1329
7 555
7 827
7 477
7 210
7 902
7 453
7 762
7 51
7 646
7 589
7 100
7 157
7 144
7 685
7 131
7 288
7 1392
7 1296
7 202
7 869
7 753
7 640
7 132
7 1019
7 417
