70 1149
70 300
70 540
70 180
70 435
70 4
70 62
70 192
70 349
70 327
70 527
70 320
70 3
70 1382
70 304
70 375
70 1383
70 1311
70 494
70 104
70 1186
70 72
70 479
70 457
70 1235
70 335
70 365
70 359
70 305
70 458
70 1182
70 671
70 1054
70 1045
70 111
70 155
70 459
70 1154
70 733
70 475
70 1263
70 570
70 264
70 629
70 664
70 376
70 1185
70 24
70 562
70 336
70 255
70 1370
70 292
70 565
70 1225
70 25
70 306
70 309
70 366
70 94
70 56
70 134
70 1364
70 1240
70 23
70 1055
70 1236
70 28
70 1260
70 937
70 460
70 657
70 872
70 57
70 959
70 1301
70 573
70 1200
70 107
70 13
70 661
70 406
70 1076
70 364
70 843
70 889
70 256
70 526
70 853
70 377
70 899
70 538
70 333
70 940
70 977
70 1366
70 326
70 393
70 266
70 1384
70 1192
70 325
70 1073
70 611
70 150
70 381
70 1138
70 73
70 334
70 160
70 383
70 871
70 449
70 16
70 358
70 345
70 117
70 352
70 329
70 307
70 147
70 734
70 1386
70 382
70 184
70 1281
70 478
70 663
70 461
70 135
70 1053
70 1355
70 1261
70 569
70 572
70 1365
70 1081
70 1155
70 1043
70 981
70 928
70 54
70 1322
70 1375
70 1109
70 680
70 1220
70 1086
70 1222
70 1394
70 655
70 1241
70 1399
70 170
70 1046
70 2
70 145
70 637
70 830
70 201
70 1302
70 798
70 164
70 851
70 339
70 936
70 394
70 987
70 577
70 666
70 645
70 105
70 322
70 1193
70 502
70 397
70 191
70 850
70 499
70 829
70 355
70 400
70 495
70 348
70 1253
70 547
70 619
70 831
70 559
70 1041
70 337
70 630
70 71
70 1145
70 933
70 507
70 939
70 978
70 272
70 1063
70 1254
70 273
70 260
70 1309
70 124
70 1198
70 1085
70 703
70 784
70 34
70 310
70 932
70 1108
70 9
70 308
70 90
70 1083
70 232
70 271
70 917
70 1056
70 1210
70 89
70 328
70 1278
70 293
70 667
70 50
70 641
70 1078
70 1246
70 1391
70 537
70 55
70 754
70 976
70 944
70 586
70 912
70 814
70 343
70 341
70 1037
70 563
70 477
70 726
70 413
70 665
70 131
70 1051
70 682
70 833
70 504
70 21
70 17
70 1084
70 297
70 267
70 826
70 346
70 962
70 80
70 321
70 1123
70 644
70 283
70 553
70 140
70 133
70 642
70 493
70 47
70 467
70 501
70 486
70 299
70 838
70 51
70 1286
70 943
70 1184
70 319
70 591
70 1245
70 1181
70 396
70 323
70 564
70 342
70 1268
70 1392
70 101
70 1205
70 422
70 446
70 551
70 59
70 633
70 291
70 344
70 81
70 79
70 118
70 37
70 965
70 1061
70 1228
70 617
70 27
70 1106
70 1213
70 1044
70 736
70 972
70 315
70 677
70 76
70 931
70 351
70 6
70 966
70 583
70 822
70 1280
70 1183
70 11
70 32
70 1395
70 52
70 1216
70 254
70 610
70 916
70 316
70 22
70 149
70 941
70 777
70 1031
70 1215
70 601
70 318
70 347
70 739
70 654
70 128
70 1058
70 121
70 731
70 257
70 668
70 956
70 1257
70 1100
70 84
70 1119
70 240
70 53
70 580
70 1251
70 439
70 45
70 1259
70 530
70 761
70 639
70 866
70 660
70 139
70 425
70 489
70 207
70 261
70 1199
70 820
70 1248
70 579
70 1381
70 1327
70 934
70 1233
70 142
70 903
70 1190
70 1068
70 548
70 506
70 148
70 1244
70 961
70 1310
70 1067
70 782
70 189
70 855
70 473
70 455
70 863
70 195
70 785
70 1197
70 212
70 854
70 587
70 1242
70 789
70 1377
70 568
70 842
70 646
70 74
70 652
70 115
70 314
70 1385
70 363
70 1047
70 585
70 97
70 1372
70 1020
70 481
70 581
70 7
70 112
70 63
70 125
70 930
70 560
70 515
70 1050
70 159
70 1400
70 356
70 1219
70 276
70 1368
70 1059
70 1007
70 252
70 672
70 1351
70 626
70 1264
70 1282
70 484
70 448
70 1175
70 893
70 1206
70 554
70 1208
70 98
70 788
70 187
70 558
70 737
70 767
70 227
70 694
70 1237
70 662
70 1103
70 750
70 123
70 528
70 188
70 61
70 1321
70 765
70 1393
70 44
70 167
70 567
70 452
70 1270
70 974
70 1105
70 243
70 989
70 313
70 1211
70 740
70 209
70 179
70 979
70 992
70 1226
70 1087
70 373
70 1125
70 20
70 701
70 1110
70 1312
70 823
70 925
70 332
70 386
70 278
70 218
70 638
70 576
70 77
70 1121
70 93
70 91
70 410
70 1075
70 43
70 1101
70 1271
70 491
70 1039
70 648
70 96
70 353
70 498
70 1116
70 1189
70 298
70 242
70 1180
70 5
70 241
70 126
70 1098
70 1202
70 1018
70 529
70 1214
70 244
70 698
70 721
70 1300
70 408
70 812
70 1324
70 40
70 669
70 1072
70 996
70 454
70 1389
70 535
70 935
70 476
70 1036
70 697
70 1356
70 204
70 794
70 948
70 1148
70 453
70 1129
70 852
70 8
70 613
70 378
70 1323
70 625
70 496
70 388
70 1082
70 832
70 1354
70 1088
70 165
70 294
70 269
70 519
70 1290
70 369
70 1294
70 1195
70 1107
70 681
70 1142
70 1325
70 1028
70 1273
70 108
70 741
70 1297
70 1080
70 173
70 157
70 258
70 1126
70 1342
70 371
70 1079
70 472
70 892
70 340
70 1040
70 1201
70 796
70 623
70 87
70 228
70 1373
70 1029
70 945
70 523
70 401
70 265
70 395
70 103
70 324
70 584
70 651
70 303
70 119
70 700
70 1194
70 49
70 1179
70 205
70 417
70 229
70 1316
70 844
70 1336
70 424
70 505
70 525
70 1353
70 177
70 451
70 1317
70 35
70 36
70 1002
70 1276
70 412
70 445
70 1274
70 1396
70 403
70 1224
70 1191
70 575
70 738
70 1374
70 1319
70 416
70 656
70 904
70 894
70 732
70 132
70 1209
70 861
70 86
70 380
70 404
70 683
70 1117
70 185
70 274
70 1288
70 421
70 869
70 973
70 474
70 182
70 998
70 608
70 963
70 764
70 730
70 367
70 1238
70 487
70 219
70 1137
70 190
70 1298
70 659
70 390
70 447
70 627
70 518
70 808
70 414
70 246
70 186
70 771
70 757
70 1320
70 1250
70 210
70 773
70 604
70 1060
70 172
70 158
70 704
70 873
70 1006
70 960
70 262
70 14
70 985
70 12
70 1255
70 311
70 1303
70 418
70 813
70 1092
70 1387
70 1187
70 208
70 399
70 1077
70 1070
70 848
70 1283
70 1023
70 290
70 705
70 1188
70 811
70 224
70 220
70 379
70 1157
70 331
70 1284
70 512
70 840
70 222
70 620
70 679
70 338
70 127
70 1
70 710
70 231
70 38
70 1299
70 465
70 590
70 990
70 1034
70 689
70 317
70 763
70 614
70 841
70 1397
70 1171
70 156
70 735
70 828
70 1026
70 951
70 357
70 1005
70 411
70 607
70 859
70 964
70 802
70 918
70 541
70 1376
70 1024
70 1369
70 799
70 1038
70 1388
70 1307
70 362
70 922
70 724
70 827
70 766
70 555
70 1074
70 849
70 1380
70 1347
70 1349
70 1212
70 199
70 887
70 1221
70 282
70 143
70 952
70 15
70 628
70 78
70 1304
70 289
70 542
70 171
70 1262
70 263
70 1258
70 888
70 1362
70 370
70 988
70 67
70 1296
70 556
70 168
70 1390
70 384
70 582
70 837
70 268
70 975
70 174
70 615
70 653
70 350
70 247
70 858
70 368
70 1004
70 616
70 374
70 428
70 236
70 1217
70 1361
70 719
70 500
70 792
70 891
70 717
70 929
70 1363
70 696
70 685
70 450
70 163
70 982
70 1013
70 824
70 166
70 786
70 1008
70 760
70 1134
70 488
70 690
70 913
70 122
70 980
70 1279
70 857
70 1371
70 391
70 456
70 531
70 60
70 691
70 18
70 1352
70 1289
70 779
70 1127
70 99
70 144
70 110
70 296
70 561
70 230
70 643
70 33
70 1167
70 686
70 806
70 1313
70 151
70 753
70 522
70 1277
70 997
70 1292
70 1147
70 432
70 1344
70 433
70 82
70 198
