71 540
71 305
71 63
71 170
71 570
71 1253
71 310
71 573
71 525
71 26
71 537
71 572
71 134
71 1311
71 1395
71 973
71 1364
71 345
71 1299
71 19
71 256
71 1200
71 568
71 798
71 663
71 327
71 37
71 329
71 625
71 569
71 1076
71 192
71 124
71 323
71 360
71 494
71 1310
71 969
71 544
71 307
71 304
71 25
71 291
71 373
71 98
71 97
71 308
71 409
71 666
71 444
71 334
71 335
71 1158
71 298
71 309
71 670
71 2
71 1279
71 1157
71 153
71 1204
71 372
71 68
71 306
71 35
71 1288
71 333
71 1368
71 925
71 1198
71 1378
71 1078
71 1214
71 1195
71 1231
71 1229
71 630
71 1234
71 655
71 439
71 371
71 496
71 708
71 359
71 556
71 326
71 1083
71 939
71 667
71 208
71 536
71 567
71 172
71 1394
71 530
71 332
71 541
71 1080
71 418
71 455
71 295
71 903
71 688
71 117
71 1319
71 1002
71 1228
71 187
71 1084
71 27
71 972
71 967
71 121
71 1081
71 160
71 941
71 318
71 14
71 1188
71 11
71 938
71 1353
71 1272
71 1274
71 294
71 358
71 495
71 574
71 389
71 1305
71 453
71 1218
71 421
71 1373
71 665
71 475
71 577
71 85
71 1390
71 128
71 1209
71 383
71 1222
71 1309
71 56
71 689
71 1248
71 265
71 133
71 465
71 1230
71 1354
71 1251
71 401
71 1379
71 363
71 535
71 232
71 707
71 656
71 571
71 347
71 84
71 1159
71 1285
71 449
71 354
71 604
71 1009
71 342
71 1003
71 28
71 836
71 131
71 179
71 222
71 1238
71 1250
71 394
71 123
71 228
71 1086
71 1082
71 888
71 240
71 412
71 324
71 299
71 93
71 20
71 1356
71 271
71 387
71 956
71 1374
71 1213
71 497
71 508
71 1391
71 927
71 935
71 57
71 1375
71 112
71 932
71 504
71 1205
71 552
71 1085
71 523
71 1296
71 188
71 1045
71 772
71 369
71 139
71 413
71 101
71 9
71 1161
71 1183
71 17
71 1062
71 257
71 983
71 974
71 234
71 361
71 863
71 1199
71 351
71 81
71 1314
71 300
71 186
71 658
71 1146
71 823
71 575
71 36
71 511
71 417
71 147
71 997
71 976
71 346
71 1313
71 1273
71 195
71 981
71 1165
71 477
71 629
71 891
71 1337
71 787
71 1370
71 760
71 557
71 632
71 950
71 355
71 653
71 1240
71 1093
71 1046
71 762
71 137
71 481
71 442
71 576
71 411
71 319
71 954
71 595
71 330
71 286
71 788
71 263
71 64
71 267
71 1281
71 416
71 1302
71 1184
71 1326
71 602
71 1304
71 786
71 1397
71 866
71 1074
71 1269
71 646
71 1049
71 296
71 1149
71 626
71 339
71 1118
71 685
71 1322
71 503
71 1235
71 1179
71 553
71 1318
71 273
71 1066
71 203
71 73
71 1317
71 1225
71 30
71 1006
71 1297
71 1007
71 171
71 912
71 476
71 1145
71 1255
71 847
71 1349
71 353
71 41
71 704
71 1196
71 1295
71 634
71 122
71 488
71 728
71 802
71 78
71 1264
71 959
71 1
71 1265
71 1363
71 197
71 328
71 678
71 522
71 1352
71 1075
71 1263
71 1019
71 928
71 1097
71 206
71 1069
71 272
71 518
71 712
71 94
71 766
71 1153
71 1039
71 1219
71 207
71 1185
71 1192
71 645
71 767
71 644
71 686
71 501
71 29
71 211
71 317
71 1262
71 99
71 801
71 89
71 1186
71 549
71 484
71 1122
71 1384
71 443
71 992
71 505
71 1110
71 984
71 1008
71 965
71 74
71 816
71 167
71 154
71 467
71 610
71 225
71 251
71 781
71 1339
71 364
71 1016
71 887
71 1156
71 606
71 856
71 58
71 986
71 1171
71 1237
71 16
71 951
71 558
71 176
71 517
71 829
71 142
71 1369
71 1072
71 955
71 173
71 1227
71 370
71 679
71 1351
71 1112
71 1371
71 441
71 603
71 1177
71 725
71 1155
71 191
71 878
71 52
71 1338
71 740
71 845
71 743
71 462
71 858
71 825
71 1151
71 287
71 857
71 1216
71 830
71 694
71 1396
71 1324
71 600
71 498
71 713
71 1244
71 435
71 946
71 1090
71 1160
71 397
71 867
71 999
71 69
71 1220
71 1372
71 212
71 1125
71 1070
71 911
71 464
71 283
71 12
71 227
71 184
71 923
71 964
71 881
71 245
71 1277
71 1298
71 43
71 1187
71 844
71 827
71 1290
71 880
71 115
71 1359
71 377
71 514
71 907
71 344
71 961
71 220
71 264
71 619
71 53
71 806
71 897
71 168
71 47
71 611
71 520
71 338
71 753
71 563
71 729
71 675
71 519
71 846
71 635
71 420
71 183
71 103
71 470
71 790
71 687
71 49
71 1261
71 189
71 1176
71 662
71 782
71 1028
71 1051
71 671
71 38
71 739
71 1098
71 54
71 996
71 755
71 140
71 1201
71 1172
71 423
71 763
71 216
71 838
71 1292
71 614
71 1341
71 828
71 820
71 260
71 1212
71 1392
71 466
71 289
71 1207
71 924
71 717
71 282
71 500
71 588
71 70
71 277
71 1150
71 1127
71 720
71 202
71 869
71 493
71 764
71 1167
71 230
71 325
71 636
71 1031
71 818
71 454
71 42
71 1173
71 1040
71 819
71 1121
71 1346
71 50
71 1164
71 843
71 699
71 156
71 1041
71 901
71 1114
71 433
71 226
71 1344
71 1068
71 161
71 426
71 297
71 276
71 1259
71 489
71 150
71 1289
71 862
71 963
71 1020
71 165
71 1137
71 1366
71 1092
71 127
71 883
71 1104
71 1182
71 406
71 434
71 649
71 538
71 554
71 241
71 814
71 895
71 385
71 483
71 921
71 10
71 898
71 855
71 1367
71 506
71 1268
71 593
71 609
71 1094
71 676
71 826
71 1350
71 1014
71 813
71 776
71 601
71 262
71 647
71 1108
71 1077
71 661
71 1138
71 565
71 482
71 76
71 751
71 850
71 448
71 848
71 1021
71 804
71 1224
71 1170
71 1333
71 1246
71 460
71 331
71 917
71 1266
71 1054
71 250
71 400
71 668
71 796
71 864
71 691
71 469
71 427
71 146
71 909
71 321
71 841
71 1113
71 631
71 791
71 889
71 303
71 248
71 1050
71 931
71 633
71 680
71 1005
71 677
71 918
71 904
71 55
71 422
71 24
71 1342
71 583
71 1348
71 654
71 724
71 516
71 284
71 315
71 648
71 1133
71 779
71 110
71 1064
71 252
71 1055
71 586
71 860
71 130
71 1119
71 896
71 1233
71 1215
71 882
71 851
71 957
71 1099
71 769
71 1291
71 877
71 1331
71 1300
71 22
71 468
71 415
71 1106
71 479
71 868
71 1071
71 1286
71 952
71 487
71 546
71 706
71 550
71 95
71 450
71 1249
71 233
71 445
71 15
71 1189
71 803
71 1243
71 797
71 994
71 809
71 13
71 808
71 1132
71 403
71 545
71 988
71 169
71 716
71 1258
71 1323
71 905
71 916
71 705
71 404
71 474
71 75
71 871
71 86
71 930
71 726
71 1101
71 1232
71 235
71 1117
71 274
71 209
71 1047
71 960
71 784
71 1131
71 548
71 365
71 268
71 747
71 1100
71 639
71 1129
71 1206
71 390
71 627
71 1178
71 1109
71 116
71 723
71 247
71 463
71 613
71 937
71 615
71 580
71 977
71 1270
71 368
71 204
71 1320
71 1282
71 543
71 39
71 236
71 1315
71 395
71 201
71 943
71 1130
71 1144
71 349
71 40
71 91
71 1013
71 929
71 1154
71 1303
71 214
71 259
71 794
71 166
71 733
71 1134
71 8
71 966
71 987
71 980
71 870
71 1194
71 152
71 290
71 459
71 840
71 456
71 643
71 799
71 1056
71 589
71 1307
71 693
71 419
71 1169
71 1382
71 822
71 199
71 623
71 1018
71 44
71 1247
71 730
71 1242
71 738
71 542
71 1017
71 894
71 651
71 1059
71 62
71 82
71 1381
71 357
71 697
71 1398
71 1061
71 1025
71 239
71 1024
71 628
71 144
71 948
71 109
71 149
71 162
71 1335
71 727
71 7
71 219
71 125
71 660
71 193
71 529
71 692
71 908
71 1168
71 1203
71 66
71 757
71 837
71 164
71 174
71 1202
71 218
71 622
71 1239
71 132
71 792
71 1226
71 1166
71 1175
71 989
71 1035
71 620
71 83
71 721
71 673
