73 332
73 573
73 541
73 517
73 572
73 488
73 552
73 410
73 359
73 1061
73 1010
73 401
73 1112
73 574
73 860
73 1296
73 577
73 166
73 160
73 625
73 56
73 1310
73 1197
73 1073
73 575
73 801
73 1252
73 1186
73 1374
73 1254
73 304
73 1247
73 665
73 167
73 27
73 24
73 236
73 494
73 456
73 103
73 1288
73 101
73 360
73 521
73 1259
73 180
73 1241
73 556
73 925
73 317
73 817
73 217
73 421
73 818
73 1305
73 25
73 656
73 1295
73 441
73 19
73 192
73 146
73 1230
73 518
73 415
73 1201
73 688
73 1286
73 921
73 259
73 1189
73 265
73 318
73 486
73 1121
73 599
73 370
73 1011
73 1248
73 976
73 537
73 273
73 969
73 1017
73 13
73 1391
73 261
73 495
73 851
73 584
73 328
73 1009
73 432
73 86
73 305
73 922
73 26
73 373
73 1312
73 1274
73 307
73 629
73 247
73 525
73 901
73 1319
73 544
73 42
73 943
73 465
73 1198
73 1390
73 914
73 1239
73 1210
73 44
73 752
73 372
73 326
73 941
73 663
73 110
73 1272
73 172
73 1072
73 1157
73 37
73 303
73 491
73 35
73 1373
73 923
73 568
73 744
73 168
73 708
73 563
73 355
73 298
73 367
73 362
73 327
73 803
73 147
73 36
73 655
73 1255
73 666
73 469
73 1213
73 569
73 1393
73 939
73 1002
73 248
73 498
73 567
73 124
73 1394
73 1279
73 289
73 93
73 1180
73 1231
73 802
73 276
73 1263
73 670
73 791
73 1066
73 122
73 749
73 576
73 590
73 601
73 523
73 1003
73 233
73 1030
73 1315
73 85
73 1379
73 369
73 1158
73 1253
73 329
73 1119
73 1245
73 902
73 1212
73 903
73 137
73 230
73 306
73 1244
73 134
73 197
73 1309
73 229
73 557
73 536
73 1372
73 251
73 528
73 232
73 972
73 1243
73 949
73 1261
73 1301
73 1224
73 123
73 815
73 671
73 689
73 453
73 297
73 600
73 2
73 282
73 737
73 540
73 1179
73 545
73 570
73 1062
73 468
73 585
73 464
73 606
73 1328
73 63
73 1005
73 1233
73 20
73 816
73 1034
73 981
73 186
73 334
73 1124
73 978
73 1006
73 295
73 587
73 234
73 1320
73 1026
73 294
73 60
73 235
73 266
73 371
73 447
73 1311
73 130
73 951
73 1122
73 1352
73 1076
73 1380
73 225
73 1074
73 433
73 434
73 1304
73 1335
73 354
73 185
73 1200
73 1273
73 1378
73 106
73 732
73 746
73 918
73 1077
73 1012
73 73
73 626
73 219
73 1299
73 707
73 344
73 992
73 1104
73 437
73 1234
73 205
73 808
73 1353
73 944
73 493
73 753
73 287
73 1105
73 1333
73 927
73 196
73 481
73 630
73 50
73 193
73 850
73 14
73 391
73 535
73 983
73 300
73 1240
73 1036
73 231
73 1238
73 428
73 1354
73 658
73 1056
73 57
73 1067
73 715
73 1196
73 1108
73 1381
73 783
73 208
73 135
73 51
73 792
73 1277
73 604
73 639
73 69
73 889
73 1193
73 513
73 919
73 396
73 323
73 683
73 204
73 68
73 97
73 960
73 813
73 553
73 161
73 916
73 531
73 993
73 634
73 1075
73 250
73 179
73 1356
73 966
73 374
73 662
73 28
73 342
73 283
73 1147
73 508
73 1100
73 865
73 810
73 650
73 719
73 163
73 66
73 356
73 1123
73 1298
73 1363
73 142
73 1218
73 1297
73 171
73 877
73 84
73 33
73 674
73 1377
73 435
73 52
73 1282
73 94
73 559
73 240
73 759
73 892
73 211
73 1235
73 611
73 308
73 188
73 1339
73 924
73 452
73 542
73 1285
73 427
73 1106
73 899
73 165
73 739
73 17
73 1204
73 956
73 511
73 390
73 337
73 632
73 843
73 946
73 967
73 181
73 1281
73 423
73 829
73 1334
73 319
73 347
73 595
73 202
73 742
73 609
73 748
73 926
73 765
73 886
73 996
73 605
73 1332
73 9
73 1188
73 203
73 667
73 1159
73 1205
73 1214
73 310
73 999
73 1262
73 1336
73 991
73 333
73 812
73 1217
73 592
73 349
73 191
73 302
73 1395
73 717
73 638
73 1318
73 598
73 154
73 1184
73 522
73 89
73 272
73 657
73 712
73 1345
73 809
73 602
73 296
73 1294
73 814
73 781
73 105
73 747
73 384
73 1020
73 431
73 1064
73 216
73 849
73 1114
73 968
73 1115
73 824
73 5
73 120
73 1053
73 1351
73 685
73 414
73 164
73 827
73 95
73 1151
73 353
73 530
73 274
73 29
73 11
73 711
73 775
73 1268
73 141
73 23
73 799
73 252
73 1007
73 896
73 1229
73 1211
73 499
73 442
73 406
73 1342
73 255
73 1314
73 1226
73 1331
73 934
73 379
73 77
73 859
73 1164
73 1153
73 714
73 546
73 1111
73 794
73 357
73 730
73 47
73 1350
73 1
73 1008
73 1183
73 917
73 520
73 284
73 550
73 279
73 1349
73 811
73 947
73 564
73 608
73 92
73 87
73 780
73 933
73 971
73 861
73 798
73 994
73 324
73 610
73 43
73 973
73 1195
73 686
73 242
73 201
73 263
73 1300
73 1040
73 497
73 173
73 228
73 446
73 979
73 1149
73 182
73 1289
73 364
73 79
73 4
73 716
73 1215
73 690
73 627
73 404
73 438
73 624
73 375
73 571
73 336
73 158
73 565
73 997
73 547
73 975
73 660
73 1142
73 501
73 826
73 174
73 1163
73 1206
73 484
73 698
73 299
73 492
73 1156
73 623
73 907
73 998
73 1081
73 646
73 133
73 661
73 1162
73 1219
73 1347
73 982
73 1140
73 3
73 672
73 1194
73 237
73 503
73 119
73 1232
73 1246
73 363
73 633
73 1222
73 277
73 555
73 1337
73 293
73 678
73 258
73 1089
73 1340
73 189
73 316
73 100
73 1209
73 443
73 1291
73 1161
73 697
73 148
73 894
73 1182
73 1083
73 32
73 1139
73 439
73 118
73 534
73 823
73 472
73 1094
73 1082
73 580
73 1029
73 395
73 1343
73 1367
73 1221
73 1324
73 566
73 959
73 603
73 222
73 1302
73 445
73 1227
73 129
73 81
73 292
73 1386
73 444
73 774
73 487
73 526
73 1362
73 74
73 1271
73 1341
73 751
73 1177
73 1084
73 331
73 704
73 39
73 315
73 675
73 1275
73 900
73 784
73 709
73 473
73 311
73 96
73 562
73 1181
73 635
73 763
73 340
73 1080
73 267
73 121
73 257
73 21
73 440
73 270
73 187
73 1223
73 117
73 653
73 393
73 1303
73 7
73 1249
73 987
73 278
73 797
73 59
73 529
73 45
73 377
73 1110
73 40
73 651
73 380
73 1093
73 18
73 1323
73 496
73 1065
73 1165
73 1287
73 309
73 554
73 1154
73 579
73 701
73 8
73 416
73 1228
73 352
73 583
73 870
73 341
73 125
73 102
73 269
73 872
73 466
73 1220
73 897
73 984
73 386
73 962
73 807
73 245
73 857
73 1173
73 48
73 773
73 1313
73 345
73 128
73 383
73 1107
73 527
73 1317
73 762
73 1202
73 1307
73 450
73 49
73 593
73 1172
73 1371
73 757
73 335
73 286
73 1355
73 706
73 905
73 490
73 856
73 53
73 34
73 645
73 132
73 398
73 597
73 793
73 806
73 664
73 394
73 1096
73 1375
73 145
73 1131
73 766
73 61
73 80
73 874
73 1203
73 467
73 637
73 55
73 206
73 669
73 718
73 98
73 389
73 190
73 1364
73 1039
73 693
73 1004
73 58
73 417
73 965
73 1361
73 1143
73 131
73 779
73 1267
73 695
73 1187
73 875
73 388
73 244
73 507
73 514
73 1216
73 88
73 594
73 291
73 385
73 313
73 1144
73 607
73 1236
73 418
73 1237
73 989
73 1225
73 458
73 262
73 1097
73 1265
73 275
73 382
73 176
73 448
73 848
73 659
73 754
73 539
73 800
73 1092
73 254
73 420
73 183
73 346
73 1264
73 376
73 1069
73 942
73 1095
73 1256
73 652
73 489
73 1283
73 692
73 459
73 1321
73 1169
73 1098
73 771
73 822
73 109
73 953
73 184
73 909
73 838
73 38
73 430
73 407
73 847
73 455
73 990
73 649
73 268
73 260
73 1047
73 1126
73 1242
73 116
73 1207
73 239
73 156
73 549
73 1251
73 820
73 387
73 680
73 920
73 213
73 210
73 1191
73 710
73 500
73 1338
73 612
73 772
73 1167
73 560
73 873
73 1031
73 1099
73 954
73 769
73 152
73 1128
73 945
73 449
73 887
73 964
73 1292
73 846
73 785
73 1396
73 139
73 227
73 22
73 322
73 1322
73 1078
73 1132
73 403
73 588
73 770
73 1316
73 249
73 1001
73 397
73 782
73 930
73 351
73 170
73 533
73 1326
73 682
73 988
73 1190
73 974
73 548
73 1366
73 280
73 1400
73 1091
73 1109
73 795
73 912
73 613
73 1306
73 963
73 615
73 876
73 365
73 366
73 485
73 288
73 1148
73 961
73 543
73 220
73 504
73 175
73 679
73 506
73 338
73 1013
73 977
73 241
73 1270
73 895
73 729
73 618
73 483
73 519
73 1370
73 112
73 867
73 381
73 760
73 475
73 91
73 312
73 1330
73 620
73 290
73 1014
73 839
73 378
73 906
73 470
73 325
73 980
73 788
73 1051
73 687
73 970
73 198
73 1346
73 705
73 796
73 224
73 713
73 1325
73 1018
73 212
73 1141
73 460
73 1368
73 1266
73 696
73 614
73 915
73 986
73 461
73 940
73 668
73 673
73 828
73 691
73 591
73 1057
73 1086
73 114
73 358
73 159
73 426
73 151
73 628
73 1250
73 700
73 1280
73 764
73 750
73 70
73 1260
73 1365
73 144
73 221
73 858
73 413
73 636
73 138
73 789
73 115
73 561
73 1085
73 149
73 1269
73 126
73 578
73 457
73 928
73 199
73 243
73 6
73 589
73 361
73 16
73 209
73 169
73 402
73 140
73 1019
73 150
73 348
73 54
73 1385
73 538
73 1383
73 207
73 155
73 1284
73 985
73 214
73 83
73 1278
73 477
73 702
73 721
73 82
73 699
73 1382
73 72
73 177
73 64
73 314
73 62
73 825
73 1024
73 157
73 767
73 869
73 1166
