74 26
74 1153
74 625
74 876
74 68
74 656
74 493
74 317
74 1143
74 372
74 431
74 1161
74 1263
74 1098
74 1295
74 516
74 594
74 574
74 1142
74 809
74 576
74 1349
74 1155
74 283
74 1158
74 541
74 1252
74 167
74 714
74 110
74 949
74 608
74 141
74 406
74 795
74 430
74 272
74 611
74 904
74 575
74 327
74 355
74 1099
74 1286
74 514
74 332
74 573
74 535
74 571
74 598
74 1245
74 280
74 1353
74 364
74 1157
74 1205
74 38
74 544
74 401
74 755
74 302
74 373
74 37
74 799
74 329
74 294
74 429
74 171
74 1204
74 1003
74 19
74 997
74 519
74 602
74 1074
74 2
74 51
74 569
74 993
74 604
74 1231
74 311
74 1351
74 1391
74 185
74 252
74 538
74 166
74 1189
74 10
74 556
74 184
74 664
74 360
74 636
74 517
74 328
74 56
74 1296
74 808
74 691
74 1282
74 880
74 101
74 11
74 693
74 1305
74 1303
74 537
74 305
74 970
74 438
74 319
74 295
74 1298
74 1236
74 1279
74 1311
74 946
74 186
74 1183
74 1378
74 1106
74 1309
74 572
74 800
74 76
74 474
74 1159
74 421
74 1310
74 689
74 747
74 1354
74 1066
74 259
74 568
74 1238
74 1395
74 606
74 552
74 475
74 12
74 334
74 694
74 1208
74 860
74 105
74 1350
74 122
74 878
74 1356
74 358
74 456
74 1062
74 85
74 662
74 123
74 312
74 196
74 665
74 672
74 692
74 353
74 121
74 901
74 25
74 695
74 812
74 578
74 423
74 663
74 183
74 1109
74 687
74 24
74 1230
74 1198
74 1336
74 540
74 1170
74 1200
74 1366
74 983
74 1299
74 467
74 87
74 1292
74 436
74 1367
74 1180
74 188
74 35
74 553
74 976
74 925
74 1386
74 1002
74 719
74 27
74 900
74 667
74 310
74 655
74 609
74 567
74 48
74 62
74 1274
74 416
74 1010
74 626
74 529
74 1379
74 318
74 1319
74 193
74 179
74 63
74 293
74 160
74 612
74 9
74 1100
74 525
74 1229
74 498
74 605
74 140
74 865
74 1222
74 409
74 708
74 603
74 484
74 765
74 973
74 1374
74 273
74 763
74 570
74 971
74 84
74 116
74 154
74 969
74 1370
74 546
74 1288
74 631
74 633
74 902
74 522
74 1308
74 30
74 359
74 1373
74 236
74 972
74 1234
74 1315
74 124
74 1248
74 1009
74 297
74 1250
74 870
74 307
74 282
74 696
74 215
74 40
74 772
74 908
74 1394
74 59
74 314
74 488
74 783
74 174
74 348
74 161
74 495
74 1104
74 470
74 1253
74 316
74 1318
74 741
74 109
74 304
74 810
74 107
74 1352
74 595
74 943
74 232
74 670
74 241
74 169
74 229
74 1285
74 790
74 1287
74 481
74 256
74 1147
74 176
74 1151
74 497
74 1390
74 439
74 368
74 434
74 1381
74 644
74 1154
74 1241
74 187
74 65
74 1260
74 69
74 1218
74 213
74 466
74 1272
74 1225
74 499
74 682
74 34
74 776
74 315
74 566
74 104
74 1281
74 483
74 939
74 1201
74 508
74 554
74 688
74 1076
74 1215
74 757
74 962
74 182
74 1371
74 518
74 57
74 646
74 721
74 1001
74 647
74 1110
74 577
74 773
74 285
74 349
74 1243
74 709
74 371
74 352
74 469
74 41
74 659
74 724
74 39
74 325
74 1182
74 212
74 375
74 36
74 173
74 1246
74 994
74 1051
74 234
74 239
74 999
74 189
74 240
74 893
74 1211
74 940
74 1232
74 1039
74 1258
74 1297
74 1004
74 70
74 1306
74 268
74 89
74 270
74 634
74 23
74 245
74 916
74 1122
74 192
74 987
74 1188
74 874
74 308
74 321
74 707
74 473
74 1072
74 629
74 378
74 1114
74 139
74 29
74 134
74 807
74 114
74 88
74 97
74 1313
74 1244
74 45
74 825
74 1359
74 494
74 347
74 435
74 377
74 486
74 195
74 422
74 54
74 28
74 1063
74 197
74 1343
74 263
74 1092
74 476
74 991
74 1239
74 933
74 1269
74 907
74 33
74 75
74 221
74 1227
74 1382
74 244
74 945
74 1314
74 115
74 300
74 44
74 267
74 715
74 593
74 628
74 706
74 1124
74 920
74 798
74 230
74 99
74 205
74 1210
74 815
74 1061
74 20
74 797
74 712
74 142
74 1165
74 207
74 290
74 1105
74 599
74 1213
74 846
74 131
74 852
74 700
74 1163
74 838
74 335
74 243
74 680
74 1007
74 1364
74 1322
74 58
74 354
74 1380
74 1267
74 1006
74 675
74 93
74 947
74 420
74 465
74 477
74 50
74 211
74 523
74 458
74 309
74 47
74 1059
74 718
74 126
74 1040
74 1139
74 78
74 1107
74 417
74 128
74 638
74 49
74 666
74 269
74 974
74 848
74 536
74 323
74 697
74 966
74 370
74 1212
74 333
74 1011
74 588
74 792
74 683
74 262
74 1111
74 1134
74 912
74 710
74 1342
74 1065
74 794
74 637
74 601
74 722
74 443
74 365
74 366
74 764
74 658
74 1071
74 1255
74 94
74 583
74 756
74 1393
74 557
74 1045
74 985
74 1145
74 1168
74 7
74 500
74 1325
74 447
74 1179
74 1304
74 1080
74 1042
74 981
74 172
74 915
74 1203
74 998
74 1172
74 856
74 52
74 356
74 223
74 504
74 125
74 685
74 975
74 591
74 1337
74 1081
74 1
74 857
74 178
74 727
74 927
74 492
74 152
74 1093
74 728
74 891
74 623
74 657
74 624
74 1224
74 1018
74 204
74 1195
74 264
74 1149
74 106
74 203
74 1242
74 296
74 42
74 1290
74 1278
74 671
74 108
74 982
74 82
74 668
74 214
74 357
74 276
74 388
74 1226
74 1015
74 73
74 1191
74 96
74 413
74 1089
74 1254
74 369
74 1235
74 713
74 511
74 460
74 839
74 1008
74 1005
74 17
74 827
74 1270
74 1355
74 834
74 209
74 505
74 770
74 453
74 92
74 424
74 1133
74 1140
74 1115
74 16
74 805
74 703
74 345
74 260
74 1184
74 826
74 1125
74 690
74 673
74 1185
74 1347
74 454
74 549
74 22
74 996
74 1216
74 1265
74 502
74 717
74 550
74 14
74 1000
74 1307
74 941
74 1043
74 711
74 306
74 3
74 1219
74 1156
74 391
74 218
74 480
74 955
74 896
74 1171
74 513
74 1302
74 155
74 342
74 979
74 117
74 79
74 1166
74 83
74 960
74 649
74 55
74 630
74 147
74 793
74 1082
74 754
74 200
74 761
74 686
74 242
74 661
74 67
74 746
74 784
74 565
74 1101
74 177
74 1385
74 292
74 291
74 1341
74 1020
74 977
74 1012
74 938
74 344
74 1070
74 615
74 1116
74 652
74 1068
74 448
74 1284
74 1251
74 948
74 346
74 277
74 1119
74 816
74 374
74 452
74 491
74 643
74 201
74 341
74 216
74 759
74 1087
74 1338
74 250
74 1372
74 1268
74 919
74 1339
74 80
74 1187
74 1090
74 723
74 1113
74 1262
74 740
74 564
74 248
74 558
74 411
74 258
74 702
74 198
74 255
74 859
74 720
74 922
74 831
74 1233
74 1095
74 1289
74 954
74 1103
74 170
74 1144
74 1199
74 157
74 1088
74 952
74 487
74 934
74 1276
74 1033
74 528
74 149
74 660
74 1132
74 1392
74 545
74 226
74 288
74 1135
74 926
74 64
74 100
74 1136
74 1326
74 326
74 986
74 1300
74 967
74 743
74 441
74 1321
74 1129
74 701
74 1277
74 653
74 138
74 767
74 175
74 414
74 1335
74 830
74 1202
74 961
74 194
74 1130
74 222
74 133
74 650
74 257
74 1053
74 733
74 363
74 640
74 589
74 74
74 383
74 1046
74 1283
74 1021
74 592
74 1261
74 1075
74 1054
74 1067
74 520
74 1209
74 791
74 894
74 225
74 847
74 1126
74 924
74 681
74 654
74 1365
74 1064
74 1055
74 120
74 1031
74 957
74 1118
74 897
74 168
74 468
74 415
74 1312
74 1173
74 1249
74 1237
74 15
74 635
74 1097
74 403
74 1323
74 905
74 496
74 610
74 1117
74 1259
74 489
74 956
74 562
74 1131
74 766
74 1091
74 758
74 247
74 937
74 1052
74 287
74 814
74 1207
74 921
74 112
74 220
74 679
74 506
74 729
74 191
74 1193
74 903
74 464
74 1264
74 804
74 379
74 227
74 964
74 801
74 917
74 1056
74 781
74 1034
74 984
74 1247
74 53
74 426
74 563
74 206
74 1137
74 858
74 704
74 427
74 1271
74 289
74 992
74 806
74 1047
74 811
74 1175
74 77
74 210
74 165
