75 324
75 629
75 180
75 1395
75 323
75 959
75 584
75 339
75 645
75 551
75 902
75 928
75 359
75 818
75 56
75 398
75 396
75 872
75 817
75 1048
75 450
75 670
75 73
75 564
75 325
75 55
75 65
75 13
75 145
75 294
75 925
75 554
75 525
75 944
75 1079
75 666
75 395
75 154
75 1384
75 26
75 662
75 1121
75 566
75 464
75 784
75 1393
75 332
75 1068
75 435
75 303
75 112
75 661
75 559
75 54
75 49
75 120
75 305
75 123
75 623
75 64
75 1186
75 4
75 1372
75 30
75 1366
75 962
75 306
75 873
75 283
75 664
75 23
75 630
75 21
75 585
75 102
75 983
75 477
75 142
75 1263
75 347
75 1185
75 431
75 240
75 50
75 665
75 2
75 1213
75 260
75 81
75 1192
75 1061
75 342
75 1008
75 261
75 1161
75 362
75 1258
75 864
75 1107
75 1386
75 98
75 135
75 195
75 269
75 101
75 571
75 655
75 454
75 1204
75 497
75 1097
75 1309
75 91
75 348
75 94
75 378
75 1198
75 343
75 295
75 1080
75 968
75 601
75 5
75 387
75 563
75 128
75 550
75 829
75 1355
75 1104
75 491
75 1201
75 1282
75 414
75 1063
75 1307
75 95
75 224
75 524
75 509
75 455
75 773
75 329
75 158
75 228
75 36
75 546
75 798
75 37
75 689
75 754
75 1146
75 539
75 486
75 394
75 1394
75 353
75 35
75 1207
75 45
75 354
75 921
75 1236
75 606
75 1254
75 1261
75 8
75 7
75 44
75 220
75 668
75 10
75 789
75 1317
75 1190
75 1159
75 542
75 48
75 110
75 456
75 646
75 963
75 1099
75 522
75 1348
75 981
75 1212
75 651
75 84
75 1136
75 663
75 211
75 160
75 1076
75 1053
75 29
75 975
75 1183
75 997
75 667
75 493
75 1222
75 980
75 349
75 436
75 1247
75 1034
75 1304
75 1264
75 219
75 541
75 869
75 1054
75 214
75 1367
75 1026
75 572
75 1364
75 1246
75 438
75 144
75 560
75 1226
75 1298
75 1088
75 328
75 951
75 1082
75 1390
75 824
75 547
75 1073
75 707
75 495
75 267
75 274
75 861
75 315
75 434
75 982
75 437
75 1002
75 565
75 974
75 904
75 775
75 316
75 1200
75 68
75 727
75 1283
75 583
75 47
75 1003
75 538
75 625
75 22
75 168
75 61
75 790
75 24
75 838
75 1250
75 967
75 1382
75 555
75 1004
75 51
75 1215
75 1281
75 296
75 334
75 338
75 388
75 1199
75 739
75 1328
75 441
75 399
75 307
75 366
75 1196
75 370
75 62
75 685
75 877
75 523
75 1268
75 289
75 1241
75 1286
75 1191
75 208
75 252
75 1217
75 580
75 151
75 1119
75 799
75 1106
75 72
75 960
75 188
75 453
75 352
75 426
75 201
75 344
75 33
75 1294
75 383
75 1315
75 1040
75 1375
75 74
75 1339
75 635
75 833
75 161
75 984
75 1300
75 573
75 443
75 740
75 390
75 77
75 406
75 1362
75 518
75 778
75 300
75 373
75 570
75 579
75 66
75 769
75 1381
75 648
75 506
75 184
75 204
75 1051
75 365
75 447
75 1055
75 165
75 1335
75 723
75 389
75 500
75 367
75 819
75 1365
75 424
75 649
75 299
75 1072
75 912
75 1014
75 1158
75 485
75 333
75 886
75 826
75 1356
75 549
75 899
75 710
75 1374
75 326
75 587
75 71
75 52
75 989
75 822
75 1134
75 1344
75 15
75 114
75 1058
75 58
75 534
75 397
75 496
75 481
75 943
75 193
75 82
75 553
75 1237
75 182
75 181
75 1279
75 263
75 1337
75 1021
75 988
75 1010
75 1128
75 644
75 1098
75 115
75 404
75 1177
75 460
75 781
75 726
75 576
75 489
75 881
75 318
75 986
75 1135
75 183
75 6
75 628
75 1235
75 409
75 978
75 575
75 1056
75 1255
75 1028
75 1100
75 1341
75 146
75 1154
75 270
75 419
75 771
75 650
75 364
75 715
75 690
75 939
75 217
75 966
75 185
75 87
75 852
75 1178
75 162
75 1259
75 407
75 179
75 1179
75 519
75 535
75 1336
75 865
75 369
75 164
75 85
75 660
75 140
75 350
75 167
75 859
75 581
75 717
75 586
75 528
75 1041
75 870
75 159
75 1096
75 59
75 860
75 1288
75 163
75 226
75 634
75 1042
75 268
75 133
75 619
75 767
75 979
75 786
75 417
75 1310
75 138
75 1139
75 530
75 1360
75 588
75 1265
75 862
75 310
75 12
75 945
75 401
75 1361
75 844
75 1109
75 1301
75 119
75 1075
75 355
75 1147
75 913
75 39
75 92
75 562
75 1090
75 671
75 124
75 603
75 1013
75 1276
75 88
75 474
75 1112
75 241
75 990
75 608
75 104
75 1371
75 614
75 410
75 828
75 653
75 836
75 765
75 1224
75 794
75 874
75 1033
75 1346
75 1025
75 673
75 971
75 627
75 1345
75 1295
75 937
75 197
75 363
75 574
75 1216
75 718
75 131
75 590
75 200
75 1251
75 340
75 14
75 695
75 1208
75 191
75 823
75 1232
75 1145
75 1043
75 276
75 977
75 213
75 1019
75 1012
75 678
75 1389
75 610
75 1064
75 304
75 1238
75 1352
75 1252
75 954
75 1244
75 582
75 929
75 1358
75 302
75 503
75 1180
75 821
75 1291
75 616
75 887
75 170
75 540
75 275
75 737
75 1357
75 924
75 262
75 1060
75 746
75 18
75 480
75 552
75 312
75 1311
75 1074
75 1220
75 314
75 459
75 985
75 890
75 484
75 680
75 1005
75 1094
75 763
75 1399
75 1116
75 1377
75 897
75 527
75 494
75 1219
75 843
75 516
75 1017
75 762
75 1270
75 1211
75 756
75 656
75 57
75 172
75 130
75 620
75 466
75 851
75 467
75 1203
75 600
75 1148
75 783
75 293
75 749
75 331
75 1153
75 1140
75 375
75 1016
75 1077
75 1274
75 1071
75 697
75 952
75 1272
75 209
75 1319
75 177
75 700
75 604
75 998
75 681
75 1313
75 16
75 675
75 1239
75 190
75 360
75 46
75 1173
75 1091
75 60
75 210
75 814
75 187
75 716
75 1343
75 1354
75 157
75 166
75 386
75 871
75 1379
75 1229
75 1305
75 961
75 725
75 235
75 1049
75 721
75 169
75 876
75 286
75 672
75 888
75 561
75 701
75 1101
75 578
75 297
75 421
75 416
75 277
75 1142
75 40
75 247
75 89
75 20
75 174
75 202
75 361
75 42
75 368
75 927
75 79
75 272
75 442
75 337
75 432
75 1163
75 1027
75 463
75 847
75 67
75 923
75 711
75 1130
75 371
75 1248
75 345
75 1036
75 806
75 43
75 1275
75 1363
75 445
75 99
75 809
75 766
75 517
75 782
75 90
75 245
75 156
75 733
75 911
75 905
75 889
75 593
75 1292
75 596
75 753
75 1334
75 1007
75 189
75 568
75 391
75 1070
75 1227
75 105
75 520
75 258
75 1046
75 1350
75 444
75 25
75 1332
75 28
75 1052
75 567
75 1031
75 840
75 428
75 1131
75 658
75 714
75 1143
75 891
75 751
75 448
75 848
75 589
75 1289
75 319
75 96
75 719
75 1290
75 1162
75 624
75 1397
75 1349
75 857
75 917
75 1164
75 1062
75 1069
75 288
75 973
75 807
75 1221
75 1214
75 1015
75 1110
75 1059
75 1296
75 1093
75 1324
75 1
75 909
75 1030
75 9
75 173
75 125
75 1024
75 1172
75 529
75 772
75 633
75 632
75 976
75 413
75 380
75 1149
75 880
75 993
75 1009
75 1359
75 1271
75 621
75 514
75 933
75 234
75 264
75 599
75 811
75 311
75 80
75 611
75 222
75 704
75 896
75 693
75 1165
75 856
75 1223
75 1157
75 1169
75 132
75 242
75 686
75 1039
75 679
75 1188
75 792
75 992
75 1331
75 53
75 914
75 470
75 903
75 875
75 820
75 687
75 1392
75 449
75 1092
75 218
75 760
75 1176
75 1249
75 233
75 846
75 594
75 803
75 1111
75 1243
75 797
75 139
75 291
75 972
75 935
75 273
75 176
75 1132
75 465
75 239
75 403
75 38
75 476
75 1323
75 602
75 930
75 755
75 788
75 999
75 1066
75 941
75 956
75 712
75 358
75 254
75 692
75 796
75 548
75 713
75 1234
75 147
75 816
75 1095
75 892
75 598
75 1273
75 613
75 802
75 615
75 287
75 953
75 1150
75 543
75 597
75 513
75 1205
75 205
75 1342
75 1297
75 1126
75 259
75 121
75 282
75 536
75 11
75 867
75 1287
75 225
75 1078
75 815
75 141
75 1218
75 1184
75 657
75 152
75 1338
75 290
75 1167
75 849
75 699
75 137
75 946
75 964
75 1347
75 556
75 901
75 1114
75 78
75 330
75 994
75 1322
75 117
75 206
75 825
75 212
75 1018
75 317
75 1396
75 150
75 1020
75 1137
75 171
75 186
75 127
75 1316
75 638
75 883
75 1182
75 1225
75 249
75 800
75 1001
75 69
75 346
75 780
75 895
75 558
75 688
75 385
75 483
75 203
75 898
75 855
75 129
75 475
75 1006
75 1400
75 609
75 676
75 93
75 932
75 1144
75 377
75 813
75 776
75 647
75 41
75 1108
75 996
75 1138
75 482
75 76
75 728
75 850
75 804
75 308
75 729
75 919
75 1170
75 618
75 1333
75 1299
75 1266
75 1081
75 250
75 400
75 544
75 863
75 691
75 469
75 1314
75 501
75 321
75 841
75 1113
75 839
75 631
75 791
75 942
75 1262
75 531
75 248
75 1050
75 199
75 27
75 931
75 1115
75 677
75 433
75 1122
75 918
75 1228
75 505
75 422
75 1353
75 654
75 724
75 1156
75 965
75 284
75 1133
75 779
75 1326
75 1233
75 882
75 63
75 1057
75 511
75 957
75 557
75 683
75 468
75 415
75 1302
75 479
75 868
75 487
75 706
75 764
75 866
75 1189
75 230
75 83
75 858
75 808
75 636
75 1231
75 1351
75 1380
75 545
75 100
75 955
75 916
75 705
75 991
75 75
75 86
75 1117
75 229
75 1047
75 626
75 743
75 462
75 747
75 639
75 1129
75 1206
75 116
75 198
75 830
75 1320
75 1370
75 236
75 694
75 1240
75 1277
75 569
75 1303
75 1391
75 122
75 987
75 488
75 1125
75 1194
75 1321
75 227
75 801
75 643
75 232
75 907
75 730
75 1242
75 738
75 894
75 357
75 1398
75 1230
75 948
75 109
75 149
75 908
75 1168
75 757
75 423
75 216
75 837
75 845
75 1202
75 595
75 622
75 1195
75 1373
75 1166
75 1175
75 244
75 827
75 1035
75 1209
75 427
