77 667
77 1391
77 1264
77 134
77 329
77 537
77 668
77 1395
77 170
77 630
77 1078
77 345
77 504
77 1228
77 187
77 670
77 666
77 347
77 139
77 1149
77 572
77 1364
77 1394
77 1191
77 1076
77 238
77 171
77 197
77 9
77 1151
77 335
77 272
77 1187
77 757
77 315
77 1263
77 798
77 467
77 1359
77 358
77 1313
77 1215
77 346
77 1274
77 1384
77 1302
77 903
77 1319
77 919
77 969
77 1157
77 175
77 1314
77 334
77 1299
77 53
77 460
77 71
77 383
77 663
77 689
77 371
77 343
77 1272
77 318
77 671
77 124
77 556
77 1231
77 569
77 1156
77 190
77 714
77 256
77 373
77 4
77 223
77 438
77 291
77 1107
77 439
77 959
77 261
77 1248
77 1381
77 1257
77 1081
77 1253
77 1082
77 110
77 1372
77 401
77 179
77 411
77 1315
77 25
77 1367
77 1320
77 490
77 1189
77 1281
77 550
77 688
77 1158
77 193
77 552
77 1312
77 829
77 234
77 1224
77 567
77 328
77 188
77 1256
77 232
77 126
77 712
77 178
77 1075
77 626
77 611
77 309
77 1084
77 482
77 428
77 149
77 10
77 854
77 1208
77 1040
77 369
77 1309
77 927
77 356
77 1154
77 1205
77 336
77 898
77 808
77 203
77 417
77 52
77 1229
77 632
77 710
77 413
77 1300
77 469
77 564
77 2
77 794
77 165
77 1287
77 1295
77 150
77 1310
77 160
77 964
77 212
77 37
77 1222
77 600
77 80
77 1373
77 1356
77 530
77 1355
77 1258
77 483
77 192
77 406
77 1181
77 568
77 1203
77 1159
77 1241
77 294
77 593
77 1237
77 554
77 14
77 1049
77 423
77 487
77 259
77 140
77 79
77 41
77 455
77 132
77 30
77 1239
77 1140
77 1225
77 364
77 665
77 820
77 93
77 69
77 1246
77 1074
77 1307
77 861
77 801
77 1007
77 86
77 1301
77 58
77 1080
77 1179
77 415
77 207
77 1198
77 54
77 214
77 1195
77 43
77 199
77 676
77 1238
77 180
77 74
77 1386
77 823
77 570
77 687
77 1202
77 295
77 1153
77 1146
77 1143
77 566
77 557
77 811
77 7
77 1235
77 189
77 672
77 1389
77 17
77 311
77 182
77 1337
77 1211
77 265
77 213
77 776
77 523
77 72
77 788
77 793
77 222
77 1216
77 547
77 360
77 902
77 183
77 1014
77 940
77 519
77 946
77 1378
77 403
77 300
77 142
77 1132
77 352
77 624
77 694
77 327
77 365
77 186
77 971
77 1385
77 610
77 1286
77 516
77 1218
77 370
77 979
77 975
77 55
77 410
77 497
77 1276
77 965
77 912
77 962
77 240
77 503
77 1317
77 255
77 456
77 50
77 276
77 64
77 760
77 1188
77 1214
77 657
77 895
77 20
77 442
77 307
77 263
77 1213
77 752
77 228
77 133
77 103
77 35
77 301
77 891
77 304
77 998
77 1285
77 381
77 845
77 3
77 402
77 781
77 76
77 814
77 123
77 56
77 1303
77 1212
77 260
77 1316
77 522
77 338
77 932
77 1382
77 526
77 1351
77 988
77 117
77 225
77 1374
77 493
77 167
77 797
77 1252
77 491
77 1383
77 847
77 1199
77 696
77 73
77 70
77 308
77 1083
77 453
77 254
77 812
77 1234
77 916
77 921
77 816
77 536
77 1104
77 205
77 344
77 690
77 1268
77 1200
77 458
77 933
77 806
77 761
77 109
77 464
77 496
77 184
77 63
77 1284
77 947
77 177
77 628
77 976
77 201
77 1322
77 818
77 172
77 1244
77 148
77 1118
77 652
77 1318
77 609
77 89
77 1169
77 880
77 562
77 322
77 252
77 1114
77 1221
77 1261
77 47
77 992
77 867
77 675
77 899
77 27
77 484
77 733
77 944
77 366
77 517
77 608
77 24
77 122
77 1254
77 974
77 1311
77 115
77 1390
77 1377
77 996
77 230
77 1306
77 49
77 310
77 706
77 651
77 950
77 481
77 866
77 702
77 1278
77 444
77 1155
77 386
77 397
77 993
77 807
77 376
77 441
77 555
77 926
77 154
77 534
77 120
77 928
77 125
77 317
77 656
77 38
77 874
77 1393
77 893
77 810
77 661
77 326
77 802
77 612
77 576
77 472
77 800
77 1128
77 33
77 664
77 825
77 505
77 40
77 372
77 1336
77 1226
77 62
77 209
77 501
77 262
77 571
77 1012
77 104
77 271
77 792
77 468
77 662
77 302
77 34
77 457
77 809
77 1098
77 1161
77 1349
77 384
77 1115
77 257
77 1088
77 713
77 292
77 1152
77 1323
77 1121
77 803
77 540
77 779
77 1065
77 805
77 1028
77 949
77 306
77 96
77 16
77 1328
77 1245
77 206
77 924
77 1108
77 918
77 677
77 200
77 1262
77 1150
77 826
77 686
77 459
77 412
77 314
77 638
77 765
77 565
77 421
77 299
77 678
77 917
77 629
77 337
77 863
77 625
77 218
77 972
77 473
77 1331
77 65
77 1365
77 831
77 195
77 514
77 1130
77 1288
77 135
77 849
77 434
77 1145
77 94
77 646
77 1171
77 957
77 242
77 1010
77 573
77 1053
77 342
77 541
77 1220
77 739
77 437
77 655
77 1066
77 590
77 575
77 99
77 868
77 1298
77 865
77 21
77 145
77 339
77 226
77 758
77 1119
77 323
77 1048
77 535
77 1052
77 1223
77 267
77 951
77 631
77 15
77 141
77 750
77 1006
77 961
77 680
77 1396
77 363
77 229
77 147
77 470
77 764
77 333
77 533
77 634
77 1043
77 239
77 1072
77 461
77 527
77 348
77 1
77 1324
77 645
77 1366
77 749
77 253
77 282
77 1192
77 273
77 474
77 349
77 359
77 121
77 734
77 755
77 119
77 970
77 375
77 1236
77 524
77 8
77 1339
77 878
77 416
77 740
77 719
77 1370
77 1353
77 796
77 1325
77 332
77 1375
77 1003
77 174
77 1186
77 169
77 305
77 351
77 1267
77 1247
77 589
77 759
77 495
77 966
77 753
77 939
77 105
77 101
77 1105
77 836
77 1347
77 553
77 393
77 1260
77 316
77 498
77 152
77 129
77 819
77 1077
77 45
77 128
77 1182
77 1085
77 701
77 604
77 355
77 578
77 830
77 476
77 233
77 274
77 380
77 780
77 679
77 636
77 1294
77 443
77 466
77 494
77 75
77 211
77 377
77 1243
77 266
77 560
77 77
77 155
77 319
77 136
77 943
77 419
77 1354
77 475
77 999
77 1251
77 111
77 391
77 620
77 91
77 166
77 479
77 361
77 36
77 280
77 639
77 563
77 1259
77 726
77 23
77 881
77 382
77 241
77 1204
77 1122
77 1380
77 815
77 1136
77 1292
77 804
77 368
77 1095
77 418
77 390
77 48
77 1039
77 983
77 247
77 720
77 1051
77 446
77 191
77 1230
77 1185
77 941
77 248
77 935
77 1031
77 435
77 499
77 287
77 194
77 1045
77 39
77 1000
77 681
77 293
77 1201
77 1387
77 283
77 1062
77 1100
77 488
77 980
77 595
77 683
77 462
77 1330
77 1109
77 1174
77 445
77 1210
77 227
77 312
77 1250
77 721
77 296
77 210
77 977
77 892
77 704
77 204
77 837
77 420
77 654
77 994
77 960
77 1089
77 1097
77 1112
77 1240
77 107
77 709
77 872
77 237
77 559
77 208
77 202
77 219
77 250
77 789
77 1335
77 784
77 987
77 722
77 1327
77 703
77 743
77 1126
77 588
77 59
77 521
77 649
77 1233
77 330
77 113
77 693
77 538
77 601
77 151
77 718
77 1282
77 685
77 920
77 297
77 82
77 340
77 773
77 1341
77 528
77 856
77 1242
77 1024
77 388
77 1025
77 603
77 904
77 1106
77 303
77 1015
77 433
77 754
77 1304
77 97
77 1269
77 325
77 748
77 244
77 1120
77 288
77 90
77 1338
77 925
77 1277
77 185
77 968
77 708
77 278
77 674
77 692
77 1209
77 451
77 353
77 1321
77 137
77 770
77 1297
77 529
77 520
77 22
77 112
77 1147
77 1068
77 1388
77 973
77 285
77 930
77 922
77 622
77 399
77 1019
77 1166
77 1137
77 378
77 367
77 5
77 486
77 599
77 627
77 640
77 1178
77 146
77 695
77 477
77 799
77 518
77 84
77 1142
77 791
77 465
77 269
77 313
77 1368
77 1197
77 431
77 597
77 901
77 1060
77 478
77 26
77 1134
77 1013
77 873
77 623
77 1326
77 394
77 156
77 321
77 324
77 1329
77 1271
77 173
77 1061
77 395
77 1352
77 221
77 986
77 896
77 848
77 1023
77 1021
77 502
77 224
77 840
77 525
77 1333
77 1141
77 231
77 1124
77 1266
77 1055
77 1067
77 251
77 1342
77 198
77 1308
77 635
77 953
77 546
77 605
77 614
77 398
77 785
77 1050
77 131
77 931
77 1005
77 746
77 1001
77 161
77 6
77 1009
77 659
77 532
77 98
77 168
77 389
77 127
77 783
77 1273
77 851
77 1360
77 61
77 489
77 414
77 88
77 12
77 42
77 264
77 894
77 997
77 1071
77 887
77 1357
77 766
77 827
77 684
77 57
77 1289
77 13
77 580
77 786
77 176
77 617
77 289
77 1180
77 846
77 220
77 888
77 249
77 1036
77 404
77 1399
77 913
77 235
77 1196
77 454
77 956
77 28
77 641
77 1131
77 967
77 1020
77 408
77 744
77 923
77 915
77 430
77 1184
77 1044
77 852
77 698
77 723
77 613
77 821
77 910
77 1270
77 1139
77 936
77 730
77 531
77 889
77 644
77 673
77 513
77 108
77 985
77 697
77 700
77 1369
77 729
77 511
77 1227
77 46
77 422
77 577
77 1183
77 948
77 1290
77 860
77 1371
77 354
77 379
77 858
77 769
77 440
77 449
77 991
77 822
77 243
77 606
77 1018
77 1167
77 682
77 143
77 1249
77 843
77 81
77 884
77 1008
77 545
77 357
77 705
77 771
77 1343
77 857
77 1265
77 669
77 1127
77 1047
77 51
77 1096
77 246
77 268
77 196
77 1400
77 660
77 60
77 908
77 876
77 1004
77 432
77 548
77 1175
77 934
77 1002
77 990
77 78
77 738
77 542
77 1113
77 828
77 1280
77 790
77 711
77 756
77 164
77 1392
77 1144
77 859
77 83
77 427
