78 589
78 591
78 216
78 543
78 578
78 237
78 138
78 592
78 590
78 214
78 588
78 772
78 426
78 341
78 201
78 739
78 1355
78 928
78 349
78 18
78 1372
78 576
78 1368
78 850
78 990
78 822
78 1080
78 1343
78 1239
78 523
78 888
78 1171
78 1151
78 1126
78 345
78 985
78 741
78 126
78 659
78 487
78 764
78 1316
78 1318
78 1293
78 280
78 297
78 382
78 932
78 564
78 769
78 959
78 938
78 1116
78 43
78 1004
78 431
78 1364
78 222
78 970
78 1067
78 921
78 873
78 1131
78 967
78 762
78 642
78 539
78 1145
78 118
78 166
78 1194
78 814
78 1390
78 1371
78 105
78 750
78 11
78 1307
78 1146
78 986
78 373
78 433
78 885
78 1118
78 94
78 887
78 157
78 731
78 825
78 19
78 987
78 561
78 1168
78 742
78 326
78 752
78 1117
78 230
78 1122
78 608
78 54
78 1366
78 743
78 1300
78 127
78 37
78 196
78 1178
78 1059
78 261
78 1112
78 872
78 941
78 1160
78 188
78 191
78 626
78 947
78 266
78 185
78 190
78 1206
78 559
78 760
78 1138
78 179
78 1283
78 39
78 891
78 935
78 1299
78 1240
78 1144
78 1051
78 91
78 1069
78 934
78 940
78 520
78 1172
78 420
78 798
78 177
78 1050
78 565
78 1234
78 620
78 387
78 1224
78 1005
78 227
78 23
78 213
78 1075
78 531
78 1137
78 1038
78 1328
78 1123
78 217
78 1301
78 957
78 205
78 897
78 1058
78 1381
78 677
78 1173
78 1280
78 1304
78 296
78 1121
78 221
78 683
78 720
78 246
78 962
78 435
78 473
78 1068
78 1167
78 1001
78 1222
78 277
78 956
78 784
78 134
78 757
78 744
78 1012
78 852
78 1271
78 812
78 432
78 1386
78 821
78 937
78 353
78 428
78 816
78 1361
78 782
78 381
78 1130
78 869
78 696
78 40
78 97
78 136
78 129
78 740
78 1108
78 1125
78 1070
78 1279
78 839
78 1002
78 1382
78 984
78 262
78 62
78 1326
78 1199
78 1024
78 49
78 1119
78 529
78 1356
78 999
78 364
78 1082
78 100
78 85
78 845
78 1195
78 673
