79 544
79 19
79 567
79 748
79 199
79 1066
79 1310
79 413
79 556
79 1076
79 670
79 597
79 360
79 689
79 604
79 307
79 347
79 327
79 600
79 56
79 708
79 1272
79 755
79 808
79 594
79 124
79 52
79 572
79 599
79 814
79 203
79 1355
79 430
79 1353
79 294
79 1229
79 537
79 925
79 568
79 196
79 372
79 1046
79 318
79 202
79 1246
79 546
79 516
79 415
79 346
79 197
79 287
79 1146
79 570
79 608
79 688
79 1007
79 35
79 251
79 26
79 1074
79 1378
79 1354
79 671
79 204
79 794
79 663
79 373
79 9
79 1311
79 749
79 220
79 188
79 1158
79 791
79 790
79 391
79 781
79 359
79 1062
79 370
79 1285
79 14
79 49
79 179
79 205
79 1333
79 1104
79 1314
79 1379
79 1395
79 37
79 662
79 606
79 28
79 812
79 141
79 466
79 345
79 571
79 1021
79 1231
79 694
79 806
79 438
79 1274
79 421
79 443
79 1145
79 593
79 1234
79 431
79 1107
79 63
79 800
79 1319
79 1200
79 573
79 668
79 860
79 1381
79 1394
79 1002
79 1115
79 805
79 625
79 809
79 137
79 305
79 813
79 513
79 714
79 1352
79 740
79 632
79 753
79 1198
79 354
79 1191
79 598
79 1320
79 847
79 334
79 1197
79 759
79 175
79 1335
79 1305
79 1009
79 1151
79 971
79 371
79 898
79 996
79 569
79 1279
79 139
79 1351
79 441
79 352
79 815
79 145
79 609
79 1380
79 1116
79 1188
79 1157
79 200
79 147
79 525
79 545
79 861
79 1306
79 1309
79 1204
79 1075
79 1343
79 123
79 656
79 917
79 36
79 497
79 184
79 1264
79 1337
79 295
79 1384
79 575
79 634
79 760
79 1155
79 746
79 343
79 1360
79 863
79 807
79 53
79 1014
79 557
79 339
79 725
79 540
79 997
79 29
79 657
79 4
79 76
79 574
79 494
79 99
79 122
79 1004
79 57
79 1281
79 947
79 237
79 655
79 564
79 1005
79 332
79 27
79 577
79 70
79 171
79 672
79 602
79 1186
79 1336
79 981
79 1257
79 68
79 476
79 1317
79 400
79 1258
79 1302
79 1318
79 474
79 212
79 1339
79 1080
79 1230
79 1299
79 160
79 1253
79 245
79 232
79 10
79 1039
79 742
79 316
79 1068
79 566
79 1374
79 201
79 125
79 262
79 1313
79 84
79 652
79 1300
79 685
79 453
79 234
79 783
79 707
79 851
79 342
79 186
79 1222
79 640
79 719
79 829
79 165
79 167
79 1082
79 658
79 187
79 261
79 514
79 927
79 120
79 1391
79 1373
79 970
79 776
79 222
79 1239
79 519
79 959
79 701
79 328
79 900
79 329
79 1083
79 55
79 1213
79 892
79 134
79 1307
79 1065
79 687
79 20
79 95
79 434
79 579
79 103
79 1315
79 25
79 605
79 1179
79 242
79 74
79 1058
79 1156
79 1003
79 1160
79 793
79 891
79 495
79 1237
79 665
79 1385
79 1162
79 1367
79 607
79 85
79 297
79 1331
79 733
79 148
79 189
79 1390
79 950
79 939
79 254
79 999
79 631
79 1382
79 730
79 799
79 1000
79 464
79 919
79 66
79 51
79 481
79 558
79 750
79 666
79 1118
79 60
79 225
79 304
79 330
79 406
79 1386
79 715
79 1008
79 1211
79 946
79 1159
79 716
79 636
79 678
79 1100
79 341
79 39
79 17
79 676
79 905
79 978
79 376
79 1341
79 550
79 1163
79 1228
79 308
79 38
79 1248
79 1171
79 877
79 972
79 504
79 193
79 142
79 911
79 13
79 1290
79 536
79 390
79 337
79 686
79 823
79 801
79 1047
79 312
79 1284
79 798
79 78
79 319
79 355
79 465
79 1
79 535
79 80
79 11
79 498
79 833
79 1216
79 1054
79 638
79 172
79 1164
79 1114
79 129
79 792
79 612
79 300
79 272
79 442
79 182
79 336
79 757
79 711
79 241
79 713
79 782
79 460
79 896
79 949
79 1019
79 178
79 1397
79 541
79 797
79 44
79 369
79 677
79 192
79 1338
79 1101
79 1292
79 491
79 109
79 73
79 1342
79 41
79 93
79 1098
79 33
79 428
79 1112
79 214
79 496
79 945
79 1238
79 956
79 1183
79 190
79 2
79 211
79 1250
79 639
79 174
79 409
79 1256
79 1128
79 207
79 1356
79 903
79 101
79 1161
79 1199
79 155
79 1090
79 770
79 289
79 1212
79 1334
79 1001
79 499
79 712
79 899
79 54
79 859
79 335
79 1271
79 314
79 50
79 901
79 505
79 530
79 452
79 282
79 470
79 285
79 1332
79 361
79 488
79 508
79 58
79 1241
79 1349
79 401
79 1125
79 780
79 503
79 1150
79 904
79 30
79 845
79 954
79 1263
79 467
79 380
79 1383
79 149
79 1215
79 1121
79 75
79 363
79 110
79 218
79 1078
79 976
79 968
79 238
79 1040
79 45
79 1345
79 48
79 239
79 457
79 414
79 610
79 697
79 650
79 523
79 1096
79 1286
79 1051
79 1113
79 1033
79 1022
79 565
79 717
79 1043
79 722
79 1303
79 210
79 667
79 773
79 767
79 1010
79 451
79 1296
79 975
79 482
79 5
79 469
79 690
79 59
79 310
79 228
79 323
79 983
79 240
79 1017
79 333
79 1190
79 726
79 1205
79 126
79 816
79 592
79 515
79 1132
79 227
79 1006
79 844
79 810
79 635
79 693
79 1316
79 921
79 382
79 151
79 173
79 649
79 785
79 1218
79 397
79 170
79 40
79 1020
79 243
79 818
79 1088
79 552
79 761
79 163
79 696
79 524
79 180
79 1259
79 117
79 709
79 881
79 1099
79 817
79 379
79 1225
79 303
79 1233
79 271
79 720
79 1105
79 417
79 47
79 280
79 166
79 348
79 150
79 1328
79 1144
79 1322
79 960
79 889
79 629
79 1366
79 1064
79 183
79 1214
79 993
79 423
79 509
79 836
79 356
79 1289
79 357
79 185
79 1275
79 988
79 79
79 1206
79 603
79 69
79 256
79 1220
79 1294
79 1035
79 128
79 922
79 1013
79 224
79 538
79 284
79 338
79 768
79 928
79 618
79 886
79 512
79 1369
79 1067
79 924
79 478
79 1219
79 213
79 226
79 692
79 1153
79 168
79 822
79 827
79 723
79 132
79 870
79 1012
79 161
79 135
79 1268
79 675
79 1377
79 1304
79 710
79 107
79 252
79 1324
79 159
79 637
79 1291
79 1077
79 273
79 143
79 368
79 811
79 633
79 277
79 680
79 113
79 1072
79 1236
79 1370
79 127
79 263
79 581
79 985
79 646
79 624
79 34
79 918
79 630
79 894
79 728
79 1024
79 830
79 682
79 258
79 439
79 880
79 1079
79 444
79 962
79 642
79 561
79 1011
79 942
79 317
79 375
79 838
79 221
79 217
79 244
79 1108
79 209
79 992
79 264
79 705
79 1050
79 483
79 843
79 626
79 964
79 784
79 1247
79 980
79 349
79 623
79 522
79 146
79 1122
79 679
79 1154
79 89
79 620
79 88
79 914
79 344
79 1119
79 353
79 1224
79 1092
79 191
79 994
79 315
79 627
79 1295
79 1347
79 278
79 876
79 698
79 138
79 825
79 246
79 296
79 1359
79 255
79 1297
79 704
79 991
79 660
79 121
79 795
79 617
79 695
79 772
79 1400
79 872
79 1255
79 77
79 364
79 702
79 1245
79 916
79 404
79 915
79 1140
79 982
79 930
79 487
79 974
79 721
79 952
79 433
79 235
79 340
79 1269
79 826
79 46
79 233
79 529
79 1396
79 641
79 1243
79 1202
79 1195
79 473
79 301
79 1175
79 787
79 94
79 1089
79 97
79 216
79 1340
79 1262
79 385
79 177
79 961
79 622
79 1061
79 293
79 1129
79 248
79 119
79 1235
79 1392
79 674
79 837
79 955
79 1362
79 486
79 613
79 615
79 411
79 1097
79 700
79 1226
79 306
79 580
79 1372
79 661
79 869
79 895
79 399
79 553
79 511
79 16
79 1196
79 32
79 936
79 1227
79 1361
79 230
79 374
79 932
79 112
79 236
79 283
79 169
79 365
79 366
79 449
79 743
79 1210
79 8
79 747
79 1363
79 948
79 1182
79 64
79 645
79 1277
79 1393
79 1364
79 521
79 912
79 1325
79 828
79 1209
79 82
79 7
79 1052
79 727
79 154
79 858
79 902
79 311
79 440
79 1063
79 1244
79 1312
79 407
79 933
79 973
79 621
79 1130
79 108
79 290
79 979
79 71
79 164
79 198
79 195
79 520
79 1350
79 840
79 1249
79 941
79 729
79 265
79 1086
79 321
79 1270
79 377
79 1139
79 1056
79 1147
79 260
79 309
79 762
79 984
79 1018
79 771
79 857
79 448
79 614
79 560
79 669
79 583
79 1348
79 839
79 766
79 998
79 1081
79 518
79 275
79 796
79 130
79 1057
79 1143
79 534
79 455
79 1187
79 1301
79 1265
79 731
79 140
79 459
79 585
79 804
79 1170
79 62
79 1288
79 1282
79 267
79 479
79 1134
79 1071
79 1165
79 162
79 410
79 279
79 1025
79 96
79 683
79 965
79 576
79 1127
79 1330
79 563
79 1344
79 131
79 986
79 86
79 288
79 1232
79 856
79 1106
79 739
79 456
79 967
79 484
79 1221
79 367
79 1109
79 274
79 247
79 1028
79 351
79 893
79 24
79 977
79 398
79 548
79 432
79 926
79 381
79 1087
79 206
79 1251
79 506
79 929
79 1280
79 98
79 1015
79 427
79 389
79 223
79 601
79 628
79 302
79 595
79 43
79 1273
79 21
79 416
79 865
79 1152
79 1201
79 1357
79 1321
79 684
79 786
79 266
79 846
79 867
79 559
79 1136
79 1149
79 1399
79 913
79 1398
79 383
79 454
79 408
79 910
79 23
79 1371
79 1252
79 681
79 83
79 422
79 299
79 1388
79 115
79 1085
79 769
79 611
79 22
79 81
79 884
79 156
79 562
79 269
79 874
79 268
79 554
79 395
79 588
79 133
79 257
79 208
79 325
79 987
79 1278
79 934
79 990
79 555
79 1242
79 738
79 542
79 779
79 756
