80 604
80 544
80 546
80 602
80 875
80 107
80 879
80 1378
80 917
80 301
80 251
80 354
80 1020
80 748
80 1317
80 599
80 1066
80 790
80 209
80 733
80 1108
80 597
80 878
80 158
80 1335
80 704
80 594
80 199
80 734
80 168
80 815
80 1024
80 981
80 600
80 1354
80 1333
80 1175
80 765
80 1019
80 671
80 911
80 1313
80 813
80 606
80 999
80 814
80 441
80 287
80 54
80 149
80 1204
80 1040
80 755
80 536
80 749
80 1274
80 947
80 1319
80 1046
80 876
80 1022
80 399
80 1197
80 950
80 137
80 805
80 637
80 899
80 1098
80 1034
80 595
80 1290
80 586
80 640
80 1242
80 1162
80 141
80 346
80 1272
80 203
80 625
80 234
80 1025
80 781
80 1385
80 860
80 120
80 1023
80 32
80 545
80 1018
80 598
80 1115
80 1386
80 5
80 668
80 982
80 52
80 1005
80 1113
80 851
80 753
80 521
80 783
80 1380
80 1156
80 1000
80 51
80 1112
80 413
80 169
80 945
80 585
80 1021
80 759
80 267
80 29
80 14
80 808
80 717
80 1064
80 1320
80 869
80 812
80 1191
80 1355
80 791
80 1336
80 743
80 1285
80 513
80 391
80 1094
80 1382
80 516
80 852
80 202
80 1318
80 196
80 579
80 1352
80 76
80 719
80 608
80 622
80 1339
80 548
80 1016
80 1116
80 415
80 1155
80 730
80 980
80 443
80 200
80 792
80 928
80 809
80 1306
80 925
80 431
80 866
80 837
80 727
80 165
80 1004
80 603
80 1148
80 558
80 1222
80 1167
80 697
80 985
80 438
80 1095
80 433
80 715
80 204
80 1332
80 1246
80 676
80 658
80 470
80 237
80 1100
80 63
80 95
80 807
80 280
80 159
80 1088
80 1295
80 166
80 877
80 395
80 1119
80 352
80 337
80 1310
80 36
80 297
80 567
80 776
80 1261
80 1186
80 66
80 946
80 902
80 654
80 1260
80 485
80 689
80 453
80 746
80 1334
80 1342
80 461
80 1143
80 205
80 1273
80 390
80 1379
80 13
80 900
80 60
80 44
80 978
80 613
80 1107
80 1101
80 662
80 452
80 1275
80 806
80 652
80 99
80 91
80 30
80 151
80 592
80 1395
80 634
80 1013
80 794
80 150
80 1366
80 1090
80 266
80 631
80 172
80 716
80 633
80 787
80 122
80 145
80 552
80 435
80 688
80 33
80 861
80 632
80 1127
80 782
80 1218
80 244
80 19
80 1149
80 723
80 498
80 687
80 58
80 615
80 1278
80 509
80 1087
80 1008
80 1316
80 916
80 217
80 53
80 1150
80 374
80 59
80 343
80 193
80 89
80 708
80 476
80 201
80 1141
80 1006
80 360
80 1345
80 1192
80 923
80 518
80 1032
80 1061
80 650
80 1033
80 478
80 785
80 125
80 1262
80 868
80 284
80 307
80 318
80 952
80 678
80 6
80 1017
80 1026
80 264
80 499
80 73
80 190
80 896
80 56
80 473
80 1375
80 1303
80 621
80 638
80 745
80 726
80 1384
80 1248
80 1159
80 1340
80 801
80 1096
80 636
80 958
80 1252
80 1164
80 892
80 261
80 85
80 525
80 330
80 577
80 180
80 1258
80 905
80 1271
80 1210
80 235
80 9
80 657
80 1314
80 582
80 155
80 379
80 822
80 206
80 341
80 271
80 641
80 587
80 784
80 725
80 454
80 1343
80 677
80 1077
80 614
80 292
80 111
80 48
80 1298
80 960
80 1103
80 39
80 1347
80 183
80 238
80 273
80 356
80 1268
80 616
80 357
80 410
80 163
80 142
80 369
80 1163
80 780
80 580
80 294
80 50
80 15
80 990
80 1305
80 274
80 859
80 175
80 1065
80 224
80 773
80 68
80 11
80 685
80 1104
80 927
80 762
80 311
80 711
80 939
80 1289
80 886
80 512
80 38
80 1067
80 517
80 459
80 1281
80 984
80 259
80 1082
80 103
80 556
80 220
80 434
80 171
80 1225
80 572
80 305
80 1073
80 263
80 481
80 698
80 222
80 889
80 605
80 530
80 314
80 75
80 135
80 1245
80 214
80 188
80 404
80 1145
80 1331
80 113
80 129
80 712
80 1133
80 363
80 775
80 1083
80 41
80 680
80 1028
80 768
80 581
80 74
80 1012
80 918
80 179
80 537
80 1256
80 232
80 728
80 653
80 682
80 258
80 1129
80 912
80 1079
80 444
80 1360
80 289
80 1011
80 942
80 644
80 1250
80 336
80 335
80 210
80 342
80 327
80 347
80 1307
80 1229
80 1361
80 542
80 69
80 1009
80 319
80 185
80 1259
80 623
80 187
80 156
80 372
80 1114
80 1118
80 620
80 1058
80 539
80 786
80 646
80 647
80 1015
80 1137
80 767
80 564
80 847
80 867
80 1329
80 1179
80 1206
80 627
80 1161
80 406
80 278
80 675
80 359
80 1362
80 777
80 1392
80 143
80 1121
80 1185
80 870
80 300
80 225
80 467
80 720
80 904
80 1144
80 239
80 756
80 894
80 505
80 207
80 460
80 829
80 617
80 833
80 612
80 83
80 750
80 772
80 1054
80 329
80 1063
80 77
80 252
80 227
80 132
80 167
80 930
80 1324
80 714
80 1074
80 1047
80 1
80 844
80 1182
80 919
80 308
80 373
80 699
80 1169
80 501
80 1086
80 1269
80 972
80 247
80 956
80 28
80 47
80 442
80 529
80 1391
80 348
80 277
80 1172
80 1147
80 701
80 1089
80 575
80 584
80 1035
80 639
80 1207
80 1092
80 464
80 1291
80 924
80 381
80 1240
80 1257
80 1216
80 532
80 895
80 648
80 139
80 1325
80 914
80 16
80 936
80 1055
80 262
80 80
80 112
80 236
80 724
80 1265
80 1219
80 731
80 1284
80 218
80 707
80 800
80 1001
80 1301
80 397
80 1394
80 1363
80 189
80 645
80 164
80 491
80 212
80 811
80 872
80 84
80 752
80 25
80 1224
80 557
80 322
80 739
80 173
80 903
80 959
80 1003
80 1007
80 1244
80 933
80 1128
80 451
80 843
80 1279
80 290
80 45
80 535
80 1076
80 398
80 1110
80 432
80 296
80 840
80 1328
80 1084
80 551
80 88
80 1270
80 377
80 624
80 1139
80 255
80 968
80 425
80 1056
80 566
80 1097
80 845
80 709
80 694
80 272
80 679
80 338
80 1010
80 1247
80 569
80 146
80 223
80 191
80 283
80 1043
80 626
80 696
80 367
80 828
80 1220
80 8
80 571
80 371
80 974
80 216
80 275
80 970
80 1057
80 538
80 798
80 635
80 416
80 428
80 241
80 1188
80 1264
80 804
80 230
80 1294
80 385
80 1170
80 619
80 110
80 245
80 1075
80 943
80 364
80 1195
80 475
80 1367
80 458
80 561
80 593
80 1002
80 1165
80 162
80 93
80 375
80 78
80 655
80 285
80 523
80 722
80 721
80 94
80 170
80 492
80 376
80 1138
80 1330
80 563
80 482
80 211
80 1377
80 140
80 527
80 213
80 1230
80 666
80 702
80 465
80 736
80 788
80 1368
80 1080
80 231
80 1266
80 1140
80 486
80 400
80 472
80 484
80 705
80 874
80 703
80 522
80 1397
80 841
80 735
80 695
80 248
80 1234
80 1351
80 503
80 1209
80 681
80 1292
80 423
80 55
80 82
80 148
80 105
80 422
80 1353
80 299
80 70
80 1365
80 424
80 315
80 797
80 1388
80 1235
80 665
80 1029
80 789
80 962
80 1183
80 493
80 109
80 1233
80 1105
80 1239
80 1160
80 1387
80 660
80 1254
80 468
80 1106
80 1312
80 479
80 1221
80 449
80 1304
80 770
80 345
80 986
80 35
80 659
80 803
80 466
80 836
80 884
80 1231
80 186
80 988
80 540
80 309
80 249
80 344
80 370
80 494
80 474
80 293
80 1117
80 976
80 421
80 1200
80 1389
80 12
80 365
80 1390
80 127
80 883
80 43
80 1178
80 758
80 463
80 118
80 1223
80 128
80 977
80 368
80 304
80 1180
80 921
80 543
80 1297
80 989
80 929
80 195
80 97
80 873
80 1053
80 1184
80 987
80 934
80 455
80 907
80 72
80 317
80 198
80 738
80 656
80 276
80 160
80 114
80 1199
80 24
80 628
80 49
80 246
80 131
80 288
80 101
80 732
80 1300
80 100
80 991
80 826
80 229
80 1373
80 401
80 417
80 1371
80 520
80 427
