83 1275
83 1053
83 898
83 1060
83 24
83 286
83 855
83 385
83 783
83 1021
83 753
83 1191
83 335
83 509
83 909
83 1037
83 700
83 553
83 170
83 1063
83 1119
83 820
83 1029
83 1196
83 396
83 27
83 1190
83 1286
83 18
83 1078
83 593
83 1270
83 1295
83 14
83 232
83 1103
83 375
83 740
83 868
83 556
83 187
83 975
83 171
83 601
83 242
83 12
83 921
83 1298
83 1272
83 179
83 1028
83 1320
83 871
83 1048
83 124
83 1076
83 59
83 541
83 752
83 557
83 699
83 1137
83 1045
83 469
83 414
83 826
83 3
83 134
83 933
83 680
83 919
83 1075
83 156
83 97
83 195
83 86
83 1321
83 347
83 1259
83 801
83 282
83 35
83 1310
83 20
83 540
83 121
83 1007
83 1230
83 1330
83 1014
83 1203
83 951
83 188
83 404
83 49
83 814
83 467
83 561
83 572
83 294
83 19
83 634
83 775
83 798
83 707
83 160
83 676
83 295
83 987
83 514
83 792
83 305
83 802
83 681
83 1335
83 276
83 363
83 732
83 668
83 903
83 819
83 487
83 1080
83 1081
83 1309
83 527
83 233
83 932
83 1009
83 30
83 818
83 167
83 99
83 811
83 665
83 756
83 226
83 567
83 603
83 278
83 1158
83 1182
83 1083
83 625
83 576
83 496
83 439
83 445
83 247
83 319
83 667
83 499
83 760
83 223
83 660
83 960
83 241
83 317
83 1235
83 998
83 309
83 1274
83 1047
83 468
83 1269
83 964
83 644
83 191
83 470
83 1108
83 390
83 494
83 539
83 1112
83 1319
83 373
83 1210
83 521
83 231
83 706
83 1384
83 743
83 248
83 714
83 928
83 1012
83 637
83 122
83 683
83 825
83 689
83 920
83 1031
83 1154
83 194
83 1118
83 435
83 183
83 393
83 460
83 688
83 1302
83 1307
83 211
83 1356
83 537
83 861
83 900
83 1263
83 266
83 666
83 1174
83 866
83 1074
83 562
83 395
83 332
83 1223
83 829
83 1134
83 655
83 391
83 84
83 1245
83 851
83 1360
83 569
83 1198
83 52
83 227
83 1106
83 1229
83 297
83 1391
83 498
83 273
83 1228
83 1132
83 901
83 207
83 444
83 1329
83 310
83 686
83 892
83 36
83 772
83 313
83 250
83 803
83 370
83 342
83 633
83 1236
83 418
83 1189
83 26
83 1216
83 703
83 1377
83 29
83 917
83 346
83 379
83 327
83 1181
83 848
83 300
83 1023
83 1304
83 912
83 329
83 583
83 154
83 840
83 1222
83 1253
83 847
83 888
83 2
83 73
83 490
83 217
83 377
83 135
83 927
83 304
83 559
83 328
83 251
83 677
83 534
83 1178
83 388
83 1308
83 1008
83 1395
83 981
83 148
83 37
83 953
83 663
83 428
83 959
83 1362
83 873
83 343
83 50
83 923
83 118
83 504
83 657
83 1050
83 1015
83 1197
83 234
83 579
83 472
83 169
83 854
83 1130
83 283
83 1220
83 455
83 1394
83 306
83 1013
83 651
83 530
83 193
83 89
83 82
83 670
83 1120
83 525
83 1256
83 222
83 443
83 110
83 28
83 1311
83 779
83 417
83 176
83 1090
83 812
83 1200
83 967
83 1142
83 1186
83 924
83 774
83 984
83 568
83 503
83 1359
83 526
83 691
83 23
83 1161
83 974
83 430
83 627
83 63
83 1232
83 629
83 451
83 1049
83 918
83 849
83 719
83 669
83 137
83 360
83 1184
83 1084
83 456
83 225
83 687
83 244
83 197
83 1139
83 473
83 146
83 452
83 330
83 624
83 1348
83 1195
83 1390
83 574
83 1258
83 823
83 922
83 213
83 1068
83 34
83 147
83 807
83 1262
83 4
83 1285
83 1271
83 483
83 930
83 224
83 206
83 1040
83 1233
83 1234
83 271
83 549
83 1010
83 458
83 1213
83 1202
83 599
83 659
83 130
83 941
83 1141
83 1121
83 371
83 1066
83 354
83 15
83 1104
83 1124
83 1266
83 257
83 312
83 614
83 440
83 522
83 216
83 1199
83 1383
83 1180
83 76
83 954
83 1151
83 212
83 1072
83 367
83 384
83 1334
83 1355
83 1157
83 240
83 132
83 839
83 45
83 550
83 1324
83 325
83 1354
83 318
83 1332
83 952
83 68
83 259
83 565
83 459
83 945
83 94
83 95
83 956
83 25
83 675
83 236
83 334
83 1231
83 438
83 42
83 1000
83 1020
83 836
83 720
83 10
83 1281
83 1006
83 462
83 323
83 916
83 352
83 600
83 133
83 229
83 338
83 852
83 461
83 979
83 341
83 1221
83 491
83 1386
83 765
83 192
83 872
83 613
83 474
83 291
83 289
83 423
83 828
83 1224
83 386
83 119
83 450
83 1117
83 484
83 109
83 189
83 936
83 48
83 1248
83 626
83 1301
83 53
83 566
83 501
83 712
83 103
83 862
83 891
83 125
83 1179
83 383
83 500
83 1273
83 56
83 261
83 108
83 781
83 1129
83 199
83 58
83 270
83 797
83 729
83 1261
83 463
83 149
83 1333
83 615
83 757
83 992
83 1227
83 547
83 39
83 894
83 1358
83 441
83 1140
83 1067
83 1062
83 1372
83 1260
83 252
83 1294
83 1375
83 784
83 661
83 181
83 131
83 535
83 398
83 365
83 366
83 793
83 349
83 708
83 372
83 1003
83 394
83 1357
83 158
83 682
83 1240
83 292
83 190
83 44
83 684
83 17
83 1339
83 107
83 1111
83 602
83 173
83 1313
83 177
83 1051
83 326
83 674
83 205
83 966
83 1214
83 314
83 364
83 895
83 571
83 931
83 978
83 98
83 1005
83 411
83 1209
83 1194
83 41
83 389
83 5
83 1315
83 1126
83 938
83 1122
83 1125
83 492
83 105
83 1399
83 947
83 1070
83 1353
83 1018
83 299
83 1264
83 1116
83 965
83 1150
83 810
83 548
83 728
83 1143
83 949
83 1046
83 532
83 635
83 1267
83 57
83 1176
83 1160
83 361
83 628
83 577
83 1187
83 1388
83 653
83 528
83 782
83 704
83 935
83 1205
83 507
83 962
83 1299
83 761
83 1144
83 88
83 833
83 1056
83 831
83 1054
83 1215
83 1039
83 1282
83 598
83 204
83 298
83 863
83 607
83 999
83 739
83 180
83 864
83 1367
83 1397
83 33
83 989
83 642
83 1331
83 1373
83 1019
83 730
83 1127
83 838
83 985
83 106
83 1
83 117
83 942
83 1026
83 1303
83 410
83 1071
83 382
83 348
83 887
83 513
83 794
83 1059
83 1257
83 1249
83 1385
83 1289
83 442
83 1381
83 1376
83 420
83 163
83 1110
83 60
83 1057
83 13
83 186
83 808
83 623
83 74
83 376
83 1328
83 403
83 617
83 1380
83 505
83 652
83 422
83 751
83 1153
83 1323
83 1283
83 1204
83 1239
83 899
83 592
83 497
83 1128
83 1133
83 249
83 926
83 1036
83 662
83 397
83 771
83 277
83 200
83 1042
83 1055
83 1107
83 604
83 1207
83 293
83 886
83 586
83 749
83 610
83 465
83 993
83 701
83 1183
83 210
83 401
83 857
83 235
83 333
83 896
83 38
83 202
83 407
83 269
83 590
83 544
83 641
83 585
83 990
83 340
83 1238
83 511
83 957
83 432
83 1131
83 268
83 1097
83 480
83 1058
83 744
83 575
83 196
83 144
83 1247
83 228
83 705
83 265
83 1296
83 1393
83 1242
83 116
83 1044
83 656
83 1312
83 698
83 324
83 973
83 758
83 138
83 128
83 1277
83 433
83 723
83 821
83 449
83 488
83 1052
83 560
83 902
83 563
83 1292
83 1278
83 806
83 466
83 356
83 387
83 453
83 165
83 843
83 1396
83 1243
83 1159
83 961
83 1041
83 884
83 1297
83 1343
83 486
83 258
83 1265
83 605
83 612
83 253
83 425
83 1287
83 308
83 536
83 1255
83 495
83 1001
83 515
83 51
83 166
83 87
83 1193
83 780
83 827
83 1177
83 72
83 867
83 215
83 481
83 1105
83 1254
83 230
83 64
83 464
83 1366
83 62
83 127
83 785
83 520
83 1337
83 1082
83 22
83 773
83 1206
83 123
83 322
83 697
83 43
83 1091
83 573
83 1109
83 531
83 799
83 427
83 770
83 616
83 788
83 344
83 368
83 1188
83 1165
83 79
83 351
83 81
83 694
83 1217
83 564
83 533
83 822
83 96
83 545
83 1374
83 988
83 1162
83 506
83 690
83 9
83 890
83 280
83 161
83 1073
83 1352
83 618
83 1225
83 1350
83 61
83 552
83 733
83 357
83 795
83 1306
83 805
83 963
83 1340
83 1077
83 311
83 485
83 1342
83 1148
83 454
83 448
83 1163
83 632
83 290
83 1268
83 804
83 83
83 175
83 174
83 21
83 881
83 1218
83 245
83 246
83 32
83 434
83 977
83 7
83 759
83 764
83 219
83 1370
83 529
83 203
83 112
83 201
83 419
83 1098
83 1351
83 908
83 381
83 1034
83 475
83 1371
83 570
83 198
83 91
83 168
83 710
83 738
83 542
83 315
83 889
83 47
83 85
83 718
83 93
83 1136
83 685
83 1088
83 378
83 906
83 837
83 208
83 672
83 523
83 102
83 1149
83 980
83 185
83 970
83 1325
83 1349
83 983
83 316
83 493
83 1226
83 1368
83 709
83 696
83 915
83 986
83 588
83 162
83 940
83 307
83 766
83 997
83 1175
83 1168
83 591
83 129
83 237
83 1086
83 358
83 646
83 66
83 597
83 303
83 159
83 426
83 145
83 1250
83 1280
83 55
83 750
83 70
83 1365
83 638
83 476
83 1147
83 221
83 413
83 939
83 789
83 120
83 115
83 1085
83 587
83 209
83 874
83 944
83 126
83 640
83 1288
83 578
83 415
83 457
83 996
83 630
83 182
83 991
83 608
83 243
83 606
83 6
83 649
83 589
83 1237
83 994
83 16
83 1379
83 77
83 272
83 754
83 800
83 380
83 1318
83 69
83 402
83 421
83 489
83 150
83 262
83 54
83 1241
83 184
83 817
83 748
83 406
83 287
83 538
83 155
83 943
83 508
83 1284
83 1251
83 214
83 267
83 152
83 477
83 1246
83 702
83 693
83 1002
83 1093
83 1322
83 907
83 1382
83 1156
83 1336
83 1341
83 1326
83 1212
83 1244
83 1061
83 1024
83 157
83 296
83 1252
83 1064
83 288
83 658
83 692
83 1164
83 767
83 274
83 869
83 1166
83 856
83 1201
