84 294
84 21
84 398
84 142
84 873
84 688
84 522
84 554
84 872
84 959
84 633
84 122
84 378
84 55
84 1281
84 232
84 1386
84 1070
84 1263
84 36
84 564
84 435
84 662
84 19
84 283
84 135
84 861
84 1393
84 538
84 120
84 145
84 154
84 348
84 95
84 962
84 1058
84 72
84 666
84 343
84 559
84 606
84 546
84 347
84 337
84 204
84 17
84 295
84 555
84 1307
84 98
84 1059
84 101
84 1192
84 661
84 49
84 1366
84 976
84 1185
84 1241
84 344
84 151
84 99
84 934
84 1311
84 514
84 539
84 981
84 261
84 671
84 293
84 1104
84 1112
84 566
84 923
84 186
84 257
84 406
84 1107
84 784
84 376
84 898
84 461
84 50
84 369
84 1161
84 1076
84 689
84 1301
84 623
84 983
84 1213
84 1106
84 354
84 44
84 558
84 418
84 960
84 553
84 93
84 938
84 626
84 137
84 651
84 1066
84 5
84 1310
84 1182
84 657
84 240
84 336
84 813
84 260
84 1324
84 935
84 980
84 1262
84 789
84 269
84 123
84 395
84 1197
84 808
84 1264
84 996
84 23
84 1323
84 366
84 54
84 528
84 131
84 1231
84 339
84 318
84 1355
84 370
84 798
84 655
84 680
84 754
84 45
84 658
84 353
84 982
84 1395
84 1207
84 937
84 1188
84 503
84 1239
84 513
84 1394
84 305
84 1179
84 550
84 258
84 498
84 320
84 306
84 1258
84 1268
84 683
84 571
84 978
84 759
84 924
84 414
84 158
84 670
84 37
84 936
84 753
84 358
84 207
84 575
84 28
84 124
84 925
84 497
84 81
84 630
84 102
84 1236
84 303
84 1379
84 160
84 325
84 1228
84 489
84 1328
84 1222
84 338
84 509
84 584
84 803
84 234
84 423
84 999
84 927
84 1032
84 563
84 385
84 84
84 360
84 9
84 646
84 1140
84 413
84 146
84 525
84 387
84 860
84 526
84 1261
84 947
84 1343
84 51
84 193
84 13
84 271
84 1333
84 6
84 524
84 346
84 16
84 1002
84 1348
84 202
84 567
84 1282
84 315
84 1073
84 592
84 352
84 1375
84 238
84 1275
84 668
84 24
84 1244
84 493
84 1259
84 1219
84 611
84 1001
84 438
84 66
84 74
84 930
84 557
84 381
84 266
84 508
84 909
84 307
84 1019
84 342
84 20
84 25
84 610
84 410
84 875
84 992
84 71
84 433
84 491
84 717
84 500
84 1215
84 40
84 1214
84 572
84 163
84 29
84 365
84 634
84 481
84 291
84 594
84 1381
84 921
84 963
84 1006
84 585
84 181
84 490
84 1040
84 1159
84 1331
84 443
84 536
84 899
84 371
84 749
84 14
84 332
84 801
84 420
84 396
84 153
84 94
84 218
84 297
84 187
84 189
84 1243
84 1260
84 329
84 62
84 459
84 310
84 432
84 1237
84 1287
84 1000
84 579
84 148
84 940
84 1200
84 1108
84 815
84 884
84 287
84 436
84 377
84 1225
84 560
84 170
84 1005
84 816
84 877
84 1147
84 1016
84 1124
84 77
84 1224
84 273
84 944
84 967
84 1368
84 27
84 1384
84 333
84 1336
84 364
84 144
84 1246
84 707
84 942
84 1367
84 241
84 386
84 1274
84 1315
84 523
84 530
84 206
84 1062
84 1255
84 1105
84 253
84 456
84 1204
84 335
84 687
84 915
84 1212
84 1184
84 467
84 1352
84 882
84 1090
84 1319
84 939
84 1247
84 783
84 362
84 540
84 231
84 715
84 89
84 475
84 772
84 966
84 1226
84 73
84 809
84 106
84 1053
84 399
84 1309
84 1220
84 1380
84 447
84 292
84 912
84 141
84 267
84 1087
84 274
84 446
84 96
84 33
84 1300
84 197
84 192
84 656
84 326
84 165
84 1074
84 455
84 256
84 628
84 248
84 574
84 1153
84 635
84 61
84 196
84 254
84 279
84 441
84 565
84 1272
84 350
84 600
84 373
84 242
84 391
84 951
84 270
84 328
84 931
84 1345
84 134
84 1391
84 973
84 542
84 372
84 191
84 1250
84 1297
84 382
84 869
84 76
84 756
84 972
84 159
84 97
84 375
84 1278
84 1339
84 282
84 243
84 115
84 788
84 1148
84 1007
84 599
84 556
84 113
84 1374
84 1191
84 222
84 1061
84 1305
84 1377
84 415
84 469
84 773
84 1149
84 1382
84 80
84 494
84 457
84 907
84 411
84 537
84 712
84 625
84 383
84 719
84 1180
84 775
84 52
84 886
84 1174
84 59
84 1193
84 1097
84 534
84 608
84 47
84 957
84 570
84 1240
84 1216
84 470
84 161
84 230
84 7
84 233
84 304
84 247
84 1004
84 802
84 979
84 1332
84 70
84 397
84 1304
84 32
84 1283
84 237
84 1117
84 1072
84 203
84 1335
84 1217
84 35
84 1187
84 1196
84 334
84 922
84 531
84 1385
84 685
84 356
84 605
84 535
84 1248
84 1195
84 268
84 452
84 817
84 580
84 487
84 235
84 629
84 341
84 665
84 300
84 229
84 1320
84 88
84 645
84 1334
84 125
84 1099
84 172
84 485
84 933
84 453
84 920
84 690
84 734
84 1325
84 1373
84 640
84 748
84 477
84 111
84 85
84 814
84 11
84 127
84 642
84 434
84 547
84 110
84 164
84 119
84 781
84 791
84 1289
84 1075
84 473
84 185
84 549
84 1279
84 390
84 314
84 4
84 458
84 1208
84 1312
84 349
84 91
84 468
84 868
84 60
84 1131
84 1351
84 1109
84 601
84 527
84 1068
84 421
84 993
84 437
84 1158
84 632
84 1369
84 367
84 479
84 156
84 974
84 121
84 272
84 355
84 859
84 177
84 179
84 209
84 1183
84 184
84 609
84 518
84 639
84 746
84 892
84 991
84 569
84 811
84 407
84 486
84 1083
84 126
84 562
84 946
84 568
84 428
84 1088
84 812
84 474
84 917
84 136
84 1245
84 22
84 577
84 768
84 245
84 255
84 1178
84 1364
84 225
84 133
84 1390
84 501
84 943
84 1100
84 708
84 682
84 767
84 544
84 916
84 1199
84 466
84 586
84 1198
84 173
84 56
84 1341
84 650
84 211
84 2
84 1342
84 205
84 12
84 747
84 1008
84 188
84 384
84 284
84 760
84 216
84 1114
84 576
84 138
84 465
84 1372
84 409
84 264
84 711
84 990
84 896
84 541
84 1098
84 638
84 745
84 1151
84 667
84 155
84 162
84 1230
84 1326
84 43
84 1340
84 529
84 105
84 664
84 1254
84 1362
84 1354
84 65
84 598
84 1365
84 1115
84 723
84 1383
84 499
84 587
84 1218
84 296
84 219
84 1221
84 1314
84 252
84 1209
84 417
84 454
84 1321
84 492
84 677
84 379
84 790
84 340
84 849
84 1154
84 1306
84 622
84 289
84 506
84 582
84 969
84 476
84 404
84 357
84 710
84 945
84 704
84 1318
84 1253
84 780
84 1330
84 168
84 15
84 1141
84 140
84 1084
84 330
84 652
84 262
84 1361
84 217
84 865
84 698
84 1295
84 705
84 660
84 797
84 1347
84 603
84 1235
84 720
84 472
84 794
84 1077
84 1164
84 1284
84 1344
84 82
84 984
84 1201
84 1133
84 277
84 1157
84 1177
84 1029
84 228
84 806
84 182
84 961
84 63
84 301
84 1096
84 1360
84 431
84 321
84 302
84 644
84 128
84 994
84 716
84 460
84 327
84 1080
84 351
84 627
84 174
84 1294
84 464
84 323
84 118
84 918
84 845
84 919
84 480
84 676
84 69
84 495
84 1111
84 1086
84 317
84 647
84 894
84 87
84 1110
84 1137
84 782
84 1270
84 1350
84 902
84 68
84 1206
84 1
84 901
84 785
84 777
84 322
84 442
84 1143
84 552
84 199
84 833
84 975
84 1054
84 1081
84 1063
84 624
84 1162
84 604
84 3
84 857
84 1194
84 985
84 103
84 1238
84 48
84 1257
84 309
84 521
84 730
84 100
84 714
84 1134
84 259
84 1242
84 792
84 1089
84 1346
84 987
84 239
84 463
84 1291
84 1163
84 695
84 311
84 1156
84 1353
84 299
84 654
84 532
84 648
84 678
84 1296
84 1055
84 244
84 439
84 58
84 401
84 1047
84 602
84 1003
84 908
84 166
84 1064
84 752
84 150
84 1302
84 275
84 998
84 169
84 1234
84 774
84 109
84 1128
84 57
84 659
84 363
84 451
84 843
84 762
84 997
84 359
84 620
84 551
84 1356
84 1371
84 425
84 889
84 1027
84 167
84 900
84 709
84 1009
84 1233
84 1181
84 989
84 1010
84 941
84 593
84 30
84 1266
84 968
84 1211
84 223
84 641
84 440
84 1043
84 1082
84 393
84 263
84 1303
84 755
84 888
84 278
84 92
84 770
84 1101
84 597
84 416
84 1271
84 18
84 1065
84 236
84 619
84 702
84 988
84 583
84 308
84 876
84 285
84 986
84 1392
84 129
84 1138
84 1273
84 482
84 1316
84 588
84 1202
84 1223
84 227
84 977
84 757
84 736
84 706
84 484
84 39
84 573
84 201
84 478
84 34
84 400
84 870
84 1175
84 874
84 703
84 621
84 793
84 79
84 394
84 1397
84 721
84 841
84 735
84 637
84 1232
84 669
84 718
84 389
84 681
84 422
84 965
84 949
84 779
84 424
84 1267
84 1388
84 388
84 653
84 1210
84 878
84 507
84 1139
84 1387
84 851
84 298
84 313
84 607
84 180
84 26
84 117
84 449
84 675
84 952
84 345
84 701
84 1249
84 1189
84 1313
84 183
84 836
84 1256
84 751
84 249
84 663
84 427
84 86
84 771
84 1142
84 958
84 38
84 430
84 1389
84 590
84 1203
84 883
84 1129
84 265
84 1298
84 116
84 758
84 324
84 613
84 616
84 1186
84 368
84 820
84 543
84 213
84 1144
84 1265
84 612
84 929
84 195
84 733
84 288
84 903
84 319
84 818
84 1078
84 799
84 844
84 450
84 445
84 1165
84 822
84 533
84 545
84 1190
84 738
84 1113
84 280
84 1205
84 276
84 795
84 114
84 731
84 190
84 504
84 175
84 246
84 1290
84 895
84 483
84 1370
84 112
84 732
84 312
84 826
84 1014
84 906
84 208
84 672
84 970
84 224
84 212
84 1349
84 316
84 696
84 691
84 591
84 53
84 426
84 700
84 1280
84 511
84 1227
84 520
84 444
84 750
84 221
84 1119
84 561
84 1085
84 149
84 1035
84 1269
84 1288
84 578
84 589
84 361
84 176
84 171
84 800
84 380
84 132
84 496
84 402
84 147
84 1251
84 214
84 488
84 152
84 964
84 693
84 1229
84 1093
84 1322
84 699
84 686
84 64
84 825
84 697
84 1024
84 157
84 1252
84 692
84 198
84 1166
84 1277
84 856
