85 294
85 295
85 418
85 315
85 272
85 1155
85 1264
85 1153
85 40
85 522
85 9
85 431
85 207
85 1278
85 516
85 41
85 594
85 876
85 800
85 795
85 714
85 1211
85 293
85 182
85 809
85 84
85 280
85 558
85 959
85 184
85 80
85 187
85 99
85 96
85 79
85 798
85 996
85 7
85 1381
85 154
85 1205
85 337
85 88
85 719
85 505
85 257
85 1287
85 43
85 314
85 874
85 1074
85 151
85 268
85 755
85 598
85 904
85 1281
85 1284
85 142
85 346
85 526
85 334
85 608
85 123
85 536
85 358
85 625
85 799
85 102
85 514
85 610
85 413
85 710
85 690
85 311
85 602
85 135
85 430
85 1106
85 537
85 372
85 553
85 910
85 1154
85 252
85 344
85 171
85 1142
85 125
85 1163
85 72
85 291
85 377
85 199
85 141
85 662
85 1241
85 196
85 1286
85 1300
85 53
85 775
85 261
85 1332
85 535
85 808
85 397
85 256
85 879
85 1263
85 672
85 933
85 185
85 1353
85 686
85 258
85 861
85 976
85 131
85 197
85 1158
85 398
85 8
85 960
85 1162
85 1391
85 528
85 634
85 148
85 1228
85 1220
85 392
85 486
85 395
85 1324
85 378
85 406
85 830
85 564
85 1090
85 604
85 1350
85 1191
85 1009
85 271
85 1336
85 16
85 781
85 348
85 89
85 1225
85 336
85 1323
85 76
85 650
85 583
85 529
85 128
85 1275
85 343
85 1261
85 1212
85 774
85 973
85 530
85 540
85 338
85 140
85 121
85 546
85 1216
85 429
85 748
85 1366
85 1305
85 999
85 65
85 572
85 656
85 423
85 1270
85 992
85 312
85 491
85 1303
85 555
85 1143
85 643
85 1325
85 1151
85 1268
85 443
85 55
85 609
85 1204
85 880
85 747
85 170
85 59
85 1164
85 394
85 913
85 126
85 1170
85 78
85 728
85 109
85 442
85 848
85 333
85 1374
85 1244
85 824
85 218
85 115
85 38
85 189
85 878
85 464
85 244
85 500
85 544
85 940
85 844
85 1214
85 1188
85 872
85 790
85 575
85 618
85 525
85 455
85 873
85 554
85 1308
85 563
85 94
85 57
85 1003
85 1062
85 1001
85 972
85 1076
85 993
85 794
85 376
85 975
85 504
85 341
85 98
85 335
85 1351
85 354
85 1186
85 1340
85 1201
85 278
85 1180
85 907
85 133
85 631
85 612
85 772
85 577
85 1334
85 1301
85 783
85 675
85 706
85 26
85 1378
85 472
85 63
85 1246
85 330
85 1368
85 508
85 1395
85 1078
85 651
85 364
85 11
85 37
85 458
85 843
85 1184
85 1260
85 21
85 254
85 1226
85 494
85 851
85 239
85 1367
85 242
85 901
85 373
85 17
85 917
85 241
85 434
85 212
85 713
85 1066
85 382
85 339
85 322
85 1364
85 120
85 1091
85 1288
85 488
85 243
85 1331
85 571
85 1089
85 685
85 475
85 1104
85 539
85 1237
85 1257
85 513
85 1222
85 345
85 366
85 1354
85 969
85 391
85 1192
85 240
85 1231
85 1157
85 457
85 645
85 709
85 845
85 255
85 23
85 188
85 668
85 24
85 68
85 137
85 45
85 1093
85 534
85 466
85 49
85 440
85 316
85 51
85 66
85 1124
85 265
85 232
85 1362
85 1243
85 1297
85 574
85 306
85 1218
85 1238
85 796
85 350
85 860
85 1250
85 853
85 179
85 1290
85 456
85 1196
85 569
85 859
85 416
85 1108
85 385
85 113
85 1386
85 461
85 459
85 310
85 661
85 646
85 487
85 174
85 689
85 307
85 953
85 538
85 994
85 723
85 351
85 920
85 292
85 623
85 614
85 453
85 439
85 766
85 74
85 1072
85 1198
85 550
85 183
85 29
85 927
85 812
85 1182
85 71
85 4
85 1107
85 1306
85 1318
85 1321
85 145
85 1092
85 980
85 628
85 484
85 1193
85 1147
85 1109
85 22
85 773
85 961
85 595
85 601
85 663
85 352
85 1064
85 152
85 1329
85 789
85 1144
85 213
85 862
85 97
85 1384
85 317
85 165
85 590
85 849
85 27
85 1242
85 982
85 326
85 889
85 877
85 73
85 480
85 897
85 375
85 1195
85 751
85 381
85 379
85 562
85 62
85 568
85 50
85 983
85 1313
85 865
85 967
85 792
85 299
85 435
85 671
85 1138
85 118
85 1229
85 875
85 603
85 365
85 611
85 1239
85 1040
85 810
85 947
85 195
85 1077
85 479
85 1051
85 597
85 635
85 1056
85 1068
85 754
85 801
85 974
85 784
85 283
85 744
85 565
85 863
85 1061
85 1177
85 527
85 1199
85 629
85 776
85 300
85 221
85 1375
85 489
85 1372
85 409
85 1248
85 596
85 1189
85 1037
85 1355
85 1213
85 695
85 856
85 1330
85 939
85 674
85 1185
85 474
85 54
85 883
85 1385
85 951
85 701
85 1342
85 613
85 163
85 664
85 541
85 1304
85 331
85 615
85 14
85 727
85 914
85 593
85 741
85 230
85 882
85 921
85 1383
85 1055
85 1114
85 415
85 912
85 929
85 896
85 340
85 902
85 1149
85 1380
85 567
85 757
85 1202
85 846
85 342
85 305
85 1099
85 815
85 1103
85 270
85 740
85 1269
85 908
85 1240
85 205
85 1173
85 1141
85 387
85 899
85 1307
85 279
85 421
85 991
85 150
85 559
85 134
85 452
85 1338
85 857
85 209
85 894
85 827
85 1194
85 926
85 200
85 599
85 481
85 1382
85 1312
85 1117
85 1254
85 388
85 1292
85 753
85 1274
85 95
85 582
85 1255
85 30
85 1319
85 1365
85 1221
85 1224
85 1129
85 85
85 1315
85 321
85 191
85 560
85 172
85 327
85 75
85 871
85 1282
85 81
85 404
85 269
85 858
85 260
85 1161
85 966
85 369
85 944
85 215
85 1393
85 441
85 462
85 1348
85 547
85 25
85 355
85 1200
85 82
85 132
85 20
85 1245
85 946
85 667
85 962
85 1289
85 1183
85 493
85 101
85 177
85 1349
85 1291
85 543
85 1004
85 1000
85 837
85 1081
85 717
85 839
85 605
85 1392
85 111
85 797
85 3
85 729
85 103
85 518
85 660
85 707
85 42
85 328
85 1209
85 1024
85 1125
85 693
85 1002
85 548
85 658
85 1235
85 173
85 1230
85 511
85 144
85 325
85 110
85 155
85 1083
85 943
85 759
85 1341
85 657
85 1137
85 332
85 1100
85 329
85 193
85 1113
85 576
85 722
85 222
85 1335
85 267
85 1302
85 998
85 1373
85 1296
85 477
85 1128
85 160
85 92
85 363
85 498
85 1084
85 167
85 900
85 666
85 1181
85 1010
85 1080
85 941
85 636
85 739
85 168
85 266
85 393
85 2
85 986
85 987
85 225
85 318
85 803
85 427
85 18
85 633
85 417
85 673
85 236
85 309
85 1277
85 579
85 1006
85 638
85 979
85 665
85 202
85 217
85 1371
85 984
85 386
85 1095
85 48
85 626
85 1007
85 383
85 1377
85 1273
85 433
85 468
85 273
85 1253
85 1295
85 19
85 216
85 490
85 39
85 892
85 34
85 520
85 793
85 721
85 1394
85 467
85 637
85 206
85 1232
85 1309
85 669
85 371
85 28
85 620
85 389
85 105
85 1390
85 965
85 124
85 949
85 779
85 1267
85 1187
85 653
85 1310
85 1210
85 507
85 1139
85 304
85 298
85 313
85 607
85 1236
85 180
85 557
85 33
85 989
85 106
85 117
85 410
85 1249
85 659
85 1347
85 420
85 360
85 1110
85 556
85 186
85 683
85 211
85 1256
85 652
85 1283
85 370
85 592
85 86
85 771
85 277
85 297
85 465
85 1259
85 401
85 198
85 231
85 1356
85 407
85 990
85 1203
85 469
85 228
85 521
85 116
85 1262
85 324
85 248
85 428
85 1234
85 814
85 549
85 1272
85 356
85 503
85 820
85 680
85 1159
85 802
85 918
85 600
85 308
85 495
85 624
85 922
85 166
85 87
85 1233
85 945
85 1105
85 903
85 319
85 1179
85 818
85 785
85 1082
85 227
85 531
85 770
85 35
85 450
85 445
85 1165
85 533
85 682
85 545
85 988
85 146
85 1190
85 916
85 1112
85 161
85 1073
85 192
85 61
85 963
85 485
85 1148
85 190
85 632
85 175
85 58
85 1223
85 977
85 895
85 483
85 1370
85 203
85 112
85 201
85 349
85 570
85 91
85 919
85 1339
85 93
85 1014
85 906
85 208
85 470
85 655
85 523
85 122
85 687
85 970
85 705
85 224
85 942
85 323
85 460
85 1266
85 696
85 915
85 588
85 347
85 691
85 591
85 237
85 501
85 1086
85 303
85 159
85 426
85 700
85 981
85 1280
85 1227
85 444
85 750
85 70
85 1328
85 36
85 688
85 138
85 119
85 1119
85 561
85 1085
85 149
85 587
85 578
85 630
85 606
85 6
85 589
85 361
85 1379
85 176
85 169
85 380
85 69
85 496
85 402
85 52
85 147
85 817
85 627
85 60
85 247
85 287
85 204
85 1207
85 1251
85 985
85 1
85 214
85 259
85 56
85 964
85 749
85 702
85 1322
85 699
85 44
85 1247
85 1156
85 64
85 1326
85 825
85 697
85 1343
85 157
85 1265
85 296
85 1252
85 288
85 234
85 692
85 704
85 767
85 229
85 289
85 274
85 869
85 1166
