86 594
86 755
86 790
86 716
86 1155
86 1272
86 516
86 431
86 1153
86 280
86 598
86 808
86 876
86 141
86 714
86 1074
86 809
86 544
86 1197
86 795
86 600
86 599
86 801
86 879
86 1112
86 800
86 719
86 608
86 791
86 602
86 904
86 1191
86 1310
86 60
86 372
86 430
86 513
86 1305
86 67
86 874
86 429
86 455
86 1158
86 921
86 1259
86 443
86 346
86 273
86 252
86 9
86 322
86 1000
86 1186
86 184
86 188
86 179
86 214
86 799
86 597
86 545
86 1001
86 294
86 311
86 196
86 354
86 815
86 171
86 1384
86 38
86 1151
86 1142
86 227
86 25
86 1066
86 1286
86 878
86 814
86 1353
86 199
86 902
86 652
86 32
86 251
86 494
86 595
86 465
86 1363
86 1204
86 625
86 185
86 752
86 1306
86 265
86 634
86 922
86 918
86 183
86 1227
86 1154
86 1228
86 186
86 272
86 295
86 464
86 748
86 147
86 1336
86 1339
86 969
86 359
86 901
86 438
86 802
86 289
86 631
86 314
86 374
86 466
86 1337
86 230
86 529
86 772
86 717
86 941
86 146
86 686
86 84
86 41
86 601
86 248
86 1210
86 37
86 572
86 1062
86 102
86 604
86 1090
86 434
86 639
86 1163
86 247
86 1269
86 1229
86 1243
86 685
86 999
86 701
86 76
86 27
86 200
86 278
86 627
86 99
86 496
86 160
86 792
86 1257
86 1161
86 656
86 123
86 569
86 1020
86 558
86 1143
86 575
86 1198
86 1342
86 195
86 307
86 19
86 154
86 514
86 124
86 577
86 1164
86 880
86 1213
86 78
86 498
86 197
86 1248
86 358
86 553
86 1318
86 1225
86 140
86 256
86 182
86 605
86 1113
86 332
86 201
86 1302
86 609
86 1222
86 312
86 150
86 628
86 413
86 813
86 432
86 794
86 612
86 776
86 1378
86 1121
86 1106
86 681
86 807
86 1218
86 216
86 820
86 546
86 415
86 391
86 933
86 121
86 1211
86 63
86 1304
86 1159
86 40
86 1267
86 65
86 462
86 1290
86 222
86 1270
86 69
86 1030
86 68
86 973
86 593
86 234
86 747
86 1192
86 107
86 927
86 423
86 213
86 1288
86 293
86 1395
86 326
86 192
86 920
86 662
86 345
86 4
86 1004
86 961
86 54
86 225
86 319
86 271
86 925
86 746
86 916
86 207
86 338
86 860
86 486
86 713
86 1012
86 783
86 1162
86 672
86 1157
86 377
86 674
86 53
86 1212
86 122
86 217
86 702
86 229
86 1006
86 867
86 1170
86 1178
86 239
86 798
86 1216
86 149
86 668
86 699
86 851
86 1231
86 689
86 1287
86 315
86 683
86 80
86 1325
86 543
86 90
86 704
86 159
86 1351
86 51
86 120
86 1005
86 212
86 1375
86 1355
86 994
86 30
86 1293
86 109
86 633
86 1285
86 74
86 1091
86 710
86 680
86 587
86 781
86 472
86 244
86 1258
86 536
86 1350
86 1101
86 193
86 805
86 1096
86 836
86 515
86 1284
86 1328
86 428
86 221
86 49
86 985
86 226
86 923
86 709
86 174
86 126
86 210
86 205
86 237
86 1144
86 433
86 1116
86 1271
86 1019
86 806
86 426
86 773
86 579
86 1303
86 281
86 1220
86 373
86 52
86 235
86 1119
86 535
86 903
86 97
86 250
86 1352
86 175
86 1018
86 169
86 947
86 284
86 1002
86 330
86 663
86 31
86 666
86 1340
86 206
86 667
86 1324
86 1382
86 1114
86 469
86 567
86 191
86 990
86 1100
86 688
86 675
86 364
86 58
86 242
86 441
86 203
86 1086
86 409
86 1246
86 395
86 301
86 832
86 541
86 643
86 224
86 658
86 187
86 14
86 1374
86 167
86 1108
86 1061
86 220
86 1196
86 645
86 730
86 1343
86 511
86 1075
86 1367
86 930
86 512
86 7
86 812
86 170
86 1126
86 1354
86 1393
86 1313
86 1386
86 165
86 694
86 410
86 1380
86 552
86 900
86 1188
86 939
86 93
86 1107
86 724
86 522
86 829
86 1118
86 793
86 671
86 33
86 454
86 636
86 168
86 456
86 804
86 1115
86 945
86 508
86 862
86 145
86 287
86 259
86 316
86 997
86 557
86 468
86 1266
86 39
86 590
86 635
86 444
86 231
86 1333
86 1104
86 915
86 1065
86 644
86 1202
86 725
86 176
86 1092
86 36
86 739
86 233
86 528
86 928
86 728
86 1145
86 95
86 556
86 1199
86 118
86 1338
86 155
86 48
86 1150
86 875
86 907
86 1224
86 1320
86 343
86 29
86 476
86 112
86 993
86 352
86 603
86 824
86 777
86 347
86 1300
86 623
86 782
86 1064
86 1125
86 1080
86 618
86 767
86 780
86 1033
86 822
86 1045
86 125
86 1319
86 510
86 143
86 253
86 1263
86 215
86 1156
86 103
86 305
86 847
86 1056
86 917
86 617
86 190
86 751
86 45
86 371
86 1037
86 932
86 520
86 924
86 970
86 1206
86 501
86 726
86 1233
86 369
86 1262
86 682
86 128
86 951
86 1292
86 505
86 331
86 912
86 991
86 131
86 1077
86 1180
86 678
86 344
86 261
86 757
86 574
86 519
86 348
86 180
86 905
86 935
86 1040
86 774
86 968
86 416
86 1297
86 243
86 349
86 919
86 487
86 1366
86 11
86 202
86 1268
86 1230
86 676
86 341
86 551
86 1255
86 166
86 946
86 670
86 863
86 733
86 620
86 960
86 580
86 1193
86 571
86 872
86 238
86 1314
86 509
86 1051
86 56
86 1361
86 950
86 1274
86 1072
86 845
86 161
86 59
86 1021
86 979
86 1078
86 561
86 189
86 753
86 1007
86 1280
86 967
86 984
86 1264
86 16
86 411
86 1008
86 729
86 865
86 172
86 1182
86 1067
86 563
86 626
86 478
86 975
86 88
86 127
86 1346
86 996
86 775
86 530
86 397
86 44
86 435
86 537
86 406
86 42
86 1146
86 360
86 1110
86 173
86 1160
86 566
86 796
86 135
86 955
86 497
86 1214
86 722
86 1295
86 442
86 1373
86 484
86 483
86 110
86 1082
86 194
86 760
86 542
86 1312
86 911
86 745
86 1049
86 622
86 637
86 1381
86 467
86 1207
86 363
86 959
86 458
86 1175
86 708
86 856
86 954
86 339
86 526
86 283
86 399
86 1053
86 136
86 581
86 1289
86 823
86 1256
86 743
86 1024
86 113
86 1391
86 1201
86 258
86 525
86 978
86 1079
86 378
86 966
86 749
86 1011
86 942
86 690
86 980
86 1187
86 1247
86 493
86 866
86 1138
86 1278
86 439
86 75
86 335
86 1317
86 889
86 871
86 870
86 1239
86 811
86 137
86 987
86 1076
86 527
86 327
86 1307
86 1364
86 816
86 1022
86 679
86 1205
86 211
86 1377
86 1341
86 869
86 286
86 844
86 908
86 1124
86 1058
86 366
86 785
86 1140
86 732
86 89
86 1265
86 646
86 564
86 703
86 1035
86 1098
86 591
86 697
86 340
86 1277
86 797
86 810
86 632
86 1083
86 177
86 1315
86 245
86 750
86 356
86 329
86 1261
86 1245
86 974
86 1039
86 404
86 132
86 1275
86 55
86 427
86 583
86 891
86 1335
86 1038
86 1388
86 956
86 576
86 28
86 418
86 641
86 784
86 768
86 1
86 779
86 1184
86 787
86 130
86 481
86 886
86 1194
86 1129
86 657
86 1387
86 885
86 1254
86 288
86 1360
86 896
86 723
86 613
86 1105
86 615
86 1301
86 986
86 306
86 1356
86 388
86 895
86 111
86 139
86 270
86 936
86 759
86 13
86 1349
86 1046
86 236
86 819
86 693
86 550
86 218
86 1316
86 548
86 334
86 1174
86 445
86 803
86 1394
86 1127
86 1009
86 1069
86 1028
86 1392
86 491
86 279
86 1081
86 518
86 766
86 425
86 1135
86 1068
86 926
86 300
86 1397
86 1003
86 958
86 297
86 129
86 1281
86 621
86 92
86 1171
86 1128
86 1279
86 290
86 1234
86 379
86 562
86 549
86 144
86 1181
86 503
86 840
86 365
86 1208
86 1385
86 142
86 367
86 1369
86 1122
86 1139
86 255
86 204
86 73
86 998
86 653
86 762
86 446
86 965
86 390
86 521
86 1383
86 1010
86 18
86 308
86 614
86 77
86 1195
86 1087
86 1130
86 500
86 828
86 1209
86 8
86 858
86 873
86 452
86 275
86 1057
86 1015
86 266
86 1016
86 20
86 731
86 459
86 887
86 151
86 673
86 606
86 35
86 1237
86 342
86 1120
86 638
86 1396
86 152
86 1296
86 649
86 1165
86 517
86 162
86 1097
86 1179
86 573
86 839
86 540
86 17
86 328
86 370
86 1185
86 1095
86 857
86 34
86 1322
86 1177
86 721
86 94
86 610
86 421
86 1169
86 1330
86 1034
86 499
86 262
86 232
86 317
86 12
86 1250
86 1390
86 198
86 691
86 1298
86 43
86 504
86 894
86 705
86 859
86 830
86 276
86 304
86 1137
86 24
86 727
86 274
86 914
86 588
86 157
86 1047
86 624
86 257
86 219
86 827
86 1372
86 740
86 420
86 1070
86 85
86 826
86 964
86 881
86 164
86 695
86 1244
86 1172
86 640
86 47
86 992
86 453
86 825
86 696
86 209
86 282
86 417
86 70
86 976
86 720
86 115
86 101
86 764
86 82
86 1321
86 1167
86 1347
86 1147
86 846
86 277
86 712
86 156
