88 613
88 548
88 622
88 615
88 616
88 617
88 614
88 618
88 619
88 162
88 510
88 1150
88 449
88 314
88 143
88 621
88 1244
88 934
88 1103
88 1161
88 958
88 218
88 1345
88 448
88 874
88 1324
88 620
88 806
88 279
88 880
88 964
88 436
88 807
88 163
88 1291
88 882
88 719
88 275
88 164
88 1391
88 805
88 302
88 1348
88 983
88 401
88 969
88 554
88 1000
88 1380
88 424
88 1355
88 1344
88 860
88 944
88 799
88 1147
88 811
88 96
88 86
88 1166
88 1255
88 211
88 357
88 624
88 994
88 355
88 912
88 462
88 1011
88 438
88 1256
88 1278
88 992
88 1124
88 1266
88 421
88 233
88 710
88 1173
88 1394
88 308
88 7
88 991
88 976
88 821
88 226
88 816
88 1040
88 982
88 235
88 691
88 1212
88 1250
88 1163
88 184
88 1204
88 315
88 715
88 1219
88 186
88 1077
88 635
88 1157
88 1247
88 431
88 69
88 1188
88 547
88 32
88 85
88 1162
88 785
88 446
88 68
88 798
88 1274
88 77
88 1299
88 1319
88 67
88 716
88 750
88 718
88 578
88 225
88 1232
88 70
88 552
88 332
88 170
88 1092
88 100
88 1159
88 810
88 671
88 639
88 960
88 949
88 794
88 413
88 147
88 212
88 876
88 1351
88 1335
88 911
88 1042
88 513
88 1352
88 717
88 674
88 263
88 296
88 896
88 1336
88 566
88 1347
88 499
88 192
88 1239
88 1064
88 57
88 240
88 878
88 678
88 657
88 948
88 1218
88 1214
88 1373
88 146
88 737
88 1155
88 606
88 1096
88 283
88 628
88 43
88 541
88 972
88 1223
88 975
88 804
88 1290
88 1102
88 1302
88 571
88 885
88 227
88 573
88 651
88 567
88 172
88 526
88 25
88 998
88 757
88 1249
88 1292
88 1143
88 262
88 129
88 1076
88 416
88 185
88 1191
88 1229
88 1242
88 8
88 1323
88 1004
88 1065
88 583
88 1199
88 780
88 970
88 1341
88 1164
88 536
88 1343
88 1346
88 343
88 574
88 787
88 1091
88 124
88 1297
88 683
88 695
88 1043
88 481
88 246
88 812
88 1169
88 171
88 936
88 109
88 193
88 375
88 24
88 905
88 555
88 828
88 1156
88 1257
88 282
88 76
88 518
88 974
88 933
88 650
88 553
88 1236
88 1110
88 686
88 533
88 797
88 106
88 1209
88 913
88 1258
88 9
88 380
88 1185
88 837
88 383
88 1009
88 1170
88 90
88 938
88 1296
88 465
88 1230
88 1141
88 914
88 294
88 238
88 188
88 1080
88 1007
88 1081
88 1385
88 996
88 1393
88 138
88 232
88 323
88 1263
88 625
88 316
88 1144
88 317
88 255
88 796
88 442
88 1097
88 347
88 693
88 242
88 1216
88 631
88 791
88 576
88 248
88 673
88 675
88 483
88 1315
88 572
88 260
88 356
88 503
88 1145
88 33
88 114
88 456
88 411
88 92
88 239
88 159
88 338
88 1010
88 1280
88 1303
88 216
88 1287
88 776
88 141
88 946
88 922
88 505
88 187
88 102
88 488
88 1167
88 709
88 83
88 405
88 592
88 328
88 415
88 915
88 437
88 769
88 1356
88 440
88 340
88 359
88 1098
88 182
88 117
88 104
88 177
88 82
88 176
88 827
88 125
88 303
88 132
88 1325
88 528
88 727
88 638
88 637
88 27
88 793
88 901
88 142
88 540
88 754
88 690
88 502
88 61
88 1196
88 1227
88 352
88 1275
88 1353
88 1211
88 815
88 297
88 962
88 886
88 789
88 150
88 1201
88 696
88 384
88 406
88 596
88 54
88 908
88 1254
88 428
88 196
88 140
88 1044
88 1273
88 997
88 204
88 486
88 45
88 118
88 524
88 921
88 1151
88 1226
88 630
88 155
88 209
88 243
88 947
88 201
88 37
88 1237
88 50
88 139
88 156
88 360
88 1193
88 197
88 601
88 1374
88 595
88 309
88 330
88 1339
88 371
88 689
88 1001
88 370
88 200
88 602
88 179
88 645
88 300
88 966
88 267
88 325
88 1149
88 56
88 348
88 759
88 365
88 942
88 801
88 245
88 1337
88 1075
88 627
88 713
88 599
88 44
88 575
88 1002
88 414
88 707
88 304
88 72
88 558
88 1282
88 1018
88 1114
88 62
88 593
88 329
88 259
88 1265
88 1225
88 1398
88 1289
88 561
88 1127
88 1104
88 711
88 1279
88 721
88 560
88 1264
88 1224
88 1349
88 1300
88 692
88 636
88 364
88 1115
88 1165
88 423
88 270
88 773
88 1203
88 646
88 894
88 174
88 484
88 189
88 712
88 1313
88 110
88 49
88 766
88 529
88 14
88 89
88 845
88 927
88 173
88 753
88 272
88 588
