9 21
9 22
9 306
9 550
9 326
9 1215
9 571
9 528
9 102
9 846
9 45
9 763
9 398
9 5
9 983
9 564
9 554
9 872
9 838
9 662
9 123
9 145
9 566
9 142
9 347
9 1258
9 629
9 959
9 534
9 283
9 666
9 120
9 559
9 1393
9 873
9 784
9 55
9 303
9 1213
9 1071
9 49
9 989
9 435
9 1185
9 1107
9 962
9 1395
9 1192
9 1204
9 98
9 623
9 37
9 661
9 269
9 260
9 1161
9 47
9 839
9 378
9 101
9 348
9 848
9 707
9 754
9 295
9 1366
9 549
9 343
9 395
9 1391
9 310
9 1190
9 572
9 294
9 539
9 524
9 509
9 847
9 305
9 772
9 1263
9 270
9 81
9 1394
9 158
9 221
9 689
9 655
9 1307
9 525
9 168
9 1264
9 240
9 584
9 61
9 651
9 23
9 546
9 789
9 97
9 743
9 1002
9 668
9 1386
9 981
9 135
9 1282
9 606
9 670
9 144
9 963
9 387
9 1159
9 522
9 1104
9 1348
9 353
9 585
9 396
9 84
9 1126
9 74
9 1222
9 36
9 436
9 586
9 1073
9 1200
9 555
9 325
9 267
9 181
9 925
9 497
9 1147
9 1207
9 149
9 438
9 764
9 1039
9 354
9 1103
9 861
9 339
9 980
9 982
9 352
9 29
9 1268
9 579
9 912
9 560
9 1099
9 77
9 100
9 875
9 820
9 489
9 1097
9 366
9 71
9 139
9 83
9 507
9 44
9 1295
9 166
9 236
9 403
9 154
9 407
9 128
9 13
9 1355
9 51
9 266
9 775
9 1328
9 646
9 207
9 274
9 159
9 421
9 428
9 2
9 344
9 1106
9 1236
9 1051
9 24
9 406
9 756
9 399
9 62
9 164
9 383
9 338
9 944
9 1063
9 1061
9 1379
9 1205
9 1152
9 895
9 1052
9 328
9 493
9 570
9 119
9 365
9 1040
9 1084
9 1279
9 667
9 1004
9 1226
9 94
9 1283
9 105
9 792
9 635
9 89
9 1198
9 1217
9 690
9 1083
9 193
9 869
9 1191
9 333
9 997
9 565
9 50
9 822
9 1281
9 1314
9 645
9 46
9 1088
9 485
9 542
9 364
9 110
9 131
9 1181
9 66
9 329
9 538
9 907
9 146
9 1134
9 1054
9 500
9 630
9 342
9 437
9 1158
9 941
9 185
9 1156
9 332
9 576
9 414
9 464
9 481
9 385
9 1184
9 979
9 6
9 607
9 575
9 369
9 1269
9 1232
9 1381
9 1245
9 1252
9 256
9 527
9 773
9 928
9 660
9 967
9 472
9 553
9 1250
9 978
9 297
9 1006
9 865
9 1183
9 1267
9 1047
9 223
9 281
9 899
9 1154
9 73
9 388
9 798
9 514
9 1383
9 425
9 304
9 657
9 268
9 88
9 173
9 418
9 1300
9 112
9 206
9 906
9 470
9 523
9 1182
9 1303
9 628
9 439
9 975
9 739
9 1098
9 1301
9 162
9 1253
9 588
9 716
9 228
9 350
9 1178
9 167
9 684
9 892
9 594
9 1111
9 160
9 1284
9 293
9 577
9 1219
9 1234
9 1336
9 461
9 1329
9 1239
9 54
9 1241
9 862
9 587
9 644
9 706
9 540
9 1125
9 717
9 118
9 1399
9 767
9 204
9 856
9 728
9 1287
9 1021
9 557
9 12
9 544
9 991
9 935
9 860
9 736
9 1056
9 625
9 467
9 933
9 1273
9 1246
9 695
9 1227
9 580
9 966
9 360
9 1110
9 877
9 574
9 556
9 563
9 801
9 186
9 781
9 216
9 56
9 730
9 1078
9 680
9 491
9 735
9 1278
9 1026
9 828
9 35
9 95
9 257
9 1345
9 612
9 626
9 33
9 41
9 170
9 17
9 1057
9 603
9 262
9 1354
9 422
9 1079
9 1344
9 1233
9 1375
9 1133
9 198
9 319
9 840
9 375
9 91
9 1136
9 1177
9 39
9 896
9 182
9 1277
9 1153
9 355
9 72
9 337
9 1096
9 653
9 582
9 70
9 176
9 302
9 277
9 1237
9 1327
9 1304
9 897
9 953
9 1058
9 1100
9 610
9 82
9 190
9 1216
9 314
9 404
9 1220
9 327
9 157
9 722
9 541
9 456
9 1148
9 480
9 1108
9 1321
9 1309
9 371
9 15
9 1361
9 1396
9 1255
9 1194
9 581
9 1288
9 42
9 1041
9 1270
9 578
9 1334
9 829
9 779
9 817
9 11
9 28
9 307
9 1388
9 197
9 515
9 420
9 974
9 761
9 725
9 1143
9 552
9 1117
9 727
9 715
9 171
9 1081
9 902
9 1235
9 1167
9 1224
9 957
9 443
9 811
9 604
9 757
9 1164
9 462
9 367
9 3
9 1044
9 852
9 782
9 289
9 903
9 163
9 675
9 952
9 455
9 649
9 1140
9 368
9 279
9 518
9 711
9 1346
9 1225
9 25
9 488
9 891
9 836
9 1197
9 919
9 884
9 531
9 85
9 148
9 917
9 195
9 225
9 486
9 272
9 777
9 1001
9 890
9 75
9 726
9 1015
9 733
9 242
9 508
9 90
9 797
9 740
9 911
9 547
9 1089
9 1251
9 1003
9 9
9 942
9 1
9 1305
9 859
9 640
9 1337
9 639
9 454
9 446
9 290
9 222
9 390
9 1302
9 758
9 1109
9 275
9 886
9 613
9 998
9 245
9 169
9 188
9 827
9 774
9 1330
9 115
9 1119
9 844
9 1179
9 487
9 825
9 401
9 526
9 697
9 830
9 1335
9 1315
9 363
9 1128
9 220
9 419
9 1169
9 1265
9 349
9 498
9 620
9 334
9 993
9 78
9 179
9 1195
9 889
9 1027
9 494
9 729
9 379
9 1275
9 900
9 4
9 68
9 1214
9 1351
9 417
9 1010
9 276
9 1149
9 760
9 1080
9 8
9 121
9 30
9 968
9 1122
9 1008
9 440
9 1313
9 1144
9 393
9 263
9 561
9 746
9 888
9 804
9 1362
9 466
9 99
9 987
9 278
9 720
9 1199
9 92
9 1101
9 318
9 537
9 803
9 79
9 18
9 633
9 996
9 1244
9 309
9 96
9 732
9 1018
9 1380
9 1228
9 583
9 614
9 133
9 994
9 463
9 665
9 341
9 217
9 984
9 876
9 386
9 373
9 1294
9 134
9 805
9 48
9 1007
9 1025
9 427
9 1377
9 151
9 1072
9 452
9 468
9 273
9 1290
9 20
9 335
9 19
9 490
9 921
9 927
9 209
9 34
9 1077
9 870
9 535
9 874
9 187
9 621
9 793
9 372
9 569
9 394
9 857
9 191
9 602
9 637
9 27
9 300
9 669
9 1271
9 562
9 389
9 59
9 1390
9 1353
9 299
9 965
9 124
9 949
9 1160
9 1187
9 1310
9 1210
9 377
9 753
9 1139
9 63
9 189
9 530
9 1180
9 548
9 298
9 317
9 313
9 180
9 26
9 1367
9 1324
9 1019
9 458
9 106
9 117
9 410
9 382
9 794
9 1249
9 659
9 1189
9 601
9 433
9 183
9 1274
9 901
9 376
9 683
9 211
9 1256
9 652
9 1319
9 751
9 1323
9 370
9 459
9 592
9 663
9 86
9 771
9 1009
9 1142
9 109
9 465
9 1259
9 231
9 1035
9 38
9 430
9 1356
9 590
9 990
9 340
9 1238
9 1203
9 476
9 469
9 196
9 265
9 521
9 1242
9 116
9 656
9 1262
9 324
9 248
9 814
9 1186
9 1272
9 356
9 503
9 920
9 1201
9 213
9 802
9 918
9 1297
9 258
9 600
9 308
9 536
9 495
9 721
9 624
9 922
9 87
9 1193
9 1074
9 945
9 1105
9 103
9 1254
9 818
9 785
9 292
9 1082
9 227
9 1151
9 322
9 567
9 1221
9 799
9 770
9 450
9 445
9 1165
9 351
9 1076
9 533
9 1231
9 682
9 545
9 261
9 1374
9 988
9 916
9 280
9 1112
9 161
9 205
9 992
9 192
9 795
9 1306
9 311
9 632
9 504
9 175
9 58
9 1223
9 977
9 241
9 7
9 483
9 1370
9 529
9 203
9 201
9 381
9 719
9 475
9 1371
9 1248
9 710
9 57
9 312
9 315
9 423
9 1339
9 701
9 93
9 1014
9 208
9 672
9 122
9 687
9 970
9 1209
9 1202
9 705
9 1296
9 224
9 1325
9 212
9 1349
9 323
9 316
9 1141
9 460
9 1368
9 1124
9 1266
9 696
9 915
9 986
9 940
9 691
9 591
9 237
9 53
9 501
9 1086
9 358
9 597
9 426
9 700
9 1289
9 1280
9 1230
9 511
9 444
9 750
9 1260
9 1365
9 688
9 413
9 939
9 138
9 714
9 1085
9 125
9 126
9 415
9 457
9 608
9 243
9 589
9 361
9 16
9 800
9 380
9 1318
9 132
9 69
9 346
9 496
9 402
9 1373
9 634
9 150
9 960
9 52
9 147
9 1385
9 184
9 391
9 627
9 748
9 60
9 1332
9 244
9 247
9 287
9 155
9 1157
9 943
9 593
9 985
9 214
9 259
9 442
9 152
9 477
9 165
9 1261
9 964
9 749
9 702
9 693
9 1229
9 1093
9 1322
9 232
9 699
9 1382
9 686
9 1247
9 894
9 177
9 64
9 1341
9 1326
9 453
9 1212
9 1343
9 1024
9 296
9 1064
9 252
9 288
9 658
9 230
9 234
9 692
9 704
9 947
9 229
9 174
9 484
9 1166
9 199
