90 358
90 959
90 240
90 187
90 996
90 53
90 1216
90 311
90 1106
90 1187
90 1295
90 1367
90 265
90 455
90 1385
90 1228
90 45
90 457
90 1384
90 316
90 294
90 293
90 461
90 798
90 1281
90 487
90 651
90 204
90 55
90 527
90 1121
90 1051
90 411
90 892
90 1382
90 773
90 291
90 972
90 839
90 979
90 901
90 1278
90 464
90 459
90 1160
90 347
90 866
90 150
90 28
90 940
90 1351
90 534
90 393
90 1364
90 1383
90 503
90 155
90 1005
90 385
90 295
90 812
90 418
90 524
90 89
90 1151
90 1045
90 974
90 601
90 1233
90 1122
90 378
90 655
90 285
90 96
90 1378
90 932
90 111
90 124
90 154
90 1299
90 799
90 757
90 435
90 1290
90 793
90 484
90 953
90 394
90 690
90 292
90 598
90 670
90 907
90 260
90 675
90 489
90 1376
90 440
90 304
90 562
90 1336
90 947
90 574
90 46
90 205
90 577
90 439
90 1386
90 87
90 386
90 1104
90 514
90 416
90 498
90 623
90 957
90 173
90 371
90 480
90 222
90 1191
90 97
90 630
90 902
90 315
90 63
90 819
90 6
90 1350
90 1118
90 1174
90 797
90 1264
90 966
90 1182
90 441
90 68
90 751
90 1258
90 1257
90 1190
90 955
90 19
90 1068
90 746
90 1239
90 370
90 1318
90 1185
90 900
90 645
90 961
90 1349
90 465
90 460
90 1080
90 186
90 38
90 437
90 90
90 784
90 134
90 17
90 1366
90 147
90 2
90 1211
90 1114
90 794
90 1381
90 390
90 43
90 406
90 1196
90 1052
90 792
90 62
90 936
90 145
90 1091
90 950
90 918
90 105
90 91
90 1013
90 1287
90 136
90 1303
90 256
90 890
90 919
90 566
90 438
90 1074
90 708
90 327
90 1372
90 740
90 520
90 122
90 1198
90 179
90 563
90 813
90 415
90 8
90 906
90 278
90 526
90 1256
90 1093
90 16
90 663
90 1011
90 942
90 254
90 44
90 273
90 555
90 983
90 1310
90 730
90 705
90 1081
90 251
90 590
90 1059
90 230
90 402
90 863
90 1040
90 1395
90 453
90 1192
90 810
90 501
90 1156
90 791
90 904
90 1171
90 54
90 198
90 1337
90 1186
90 1161
90 190
90 951
90 99
90 156
90 502
90 428
90 92
90 977
90 658
90 1150
90 756
90 790
90 965
90 908
90 943
90 1375
90 568
90 108
90 1251
90 860
90 1119
90 600
90 569
90 197
90 1269
90 191
90 1209
90 121
90 1103
90 572
90 1193
90 557
90 300
90 1204
90 567
90 971
90 1027
90 182
90 913
90 410
90 899
90 59
90 35
90 1237
90 50
90 1396
90 809
90 456
90 360
90 836
90 32
90 884
90 1102
90 1374
90 75
90 69
90 346
90 467
90 780
90 1101
90 237
90 614
90 894
90 753
90 641
90 927
90 1043
90 1390
90 1007
90 462
90 1225
90 783
90 276
90 357
90 883
90 933
90 196
90 1298
90 1019
90 504
90 443
90 616
90 683
90 1188
90 110
90 49
90 344
90 891
90 434
90 1134
90 1284
90 149
90 1130
90 1162
90 349
90 40
90 458
90 929
90 262
90 710
90 729
90 257
90 1263
90 1339
90 552
90 94
90 1340
90 103
90 986
90 211
90 621
90 1163
90 881
90 334
90 1056
90 79
90 189
90 1098
90 212
90 72
90 686
90 1018
90 869
90 696
90 1047
90 47
90 993
90 522
90 1277
90 140
90 1212
90 805
90 1230
90 1199
90 282
90 628
90 688
90 486
90 564
90 976
90 709
90 115
90 1338
90 1213
90 636
90 704
90 33
90 1164
90 767
90 635
90 174
90 1392
90 928
90 857
90 536
90 712
90 811
90 766
90 640
90 856
90 1144
90 620
90 165
90 589
90 272
90 244
90 329
90 1313
90 673
