91 610
91 252
91 503
91 1062
91 799
91 526
91 801
91 795
91 468
91 1153
91 431
91 1075
91 1154
91 672
91 1074
91 879
91 516
91 924
91 197
91 469
91 440
91 925
91 313
91 520
91 312
91 38
91 496
91 780
91 1290
91 467
91 1341
91 335
91 876
91 923
91 233
91 1243
91 800
91 1338
91 880
91 124
91 179
91 188
91 141
91 1350
91 404
91 971
91 114
91 521
91 118
91 993
91 917
91 1006
91 214
91 60
91 791
91 918
91 1224
91 903
91 230
91 797
91 991
91 1292
91 415
91 803
91 1169
91 709
91 229
91 815
91 1320
91 685
91 1239
91 916
91 1093
91 750
91 235
91 315
91 41
91 266
91 696
91 121
91 578
91 874
91 429
91 216
91 156
91 242
91 226
91 568
91 1092
91 1349
91 316
91 792
91 927
91 695
91 1111
91 484
91 238
91 12
91 1385
91 796
91 970
91 904
91 439
91 919
91 1114
91 638
91 997
91 798
91 52
91 688
91 671
91 1263
91 588
91 658
91 466
91 1212
91 430
91 490
91 1063
91 251
91 670
91 433
91 1316
91 334
91 655
91 166
91 297
91 757
91 629
91 33
91 27
91 40
91 700
91 80
91 211
91 606
91 1305
91 442
91 1303
91 157
91 176
91 1211
91 435
91 878
91 1324
91 593
91 712
91 1310
91 976
91 1339
91 453
91 774
91 19
91 1147
91 683
91 1084
91 204
91 600
91 328
91 666
91 493
91 1285
91 280
91 342
91 914
91 345
91 1279
91 1328
91 632
91 9
91 513
91 1393
91 986
91 96
91 576
91 101
91 142
91 814
91 746
91 380
91 1215
91 129
91 438
91 239
91 203
91 708
91 508
91 1346
91 36
91 781
91 222
91 634
91 711
91 253
91 982
91 217
91 1311
91 1274
91 311
91 676
91 870
91 182
91 209
91 481
91 1319
91 1219
91 826
91 406
91 1064
91 378
91 201
91 193
91 1076
91 240
91 464
91 592
91 663
91 174
91 324
91 1095
91 1011
91 172
91 465
91 416
91 1124
91 139
91 326
91 759
91 624
91 94
91 1110
91 23
91 565
91 288
91 25
91 783
91 749
91 1337
91 293
91 69
91 321
91 678
91 1309
91 631
91 894
91 1380
91 248
91 1300
91 637
91 1088
91 998
91 981
91 623
91 2
91 502
91 681
91 436
91 92
91 646
91 1271
91 447
91 70
91 26
91 58
91 7
91 823
91 287
91 1094
91 1155
91 650
91 886
91 529
91 686
91 697
91 1282
91 550
91 566
91 53
91 945
91 961
91 362
91 811
91 966
91 679
91 1356
91 261
91 675
91 1151
91 1289
91 1362
91 519
91 494
91 1142
91 410
91 1177
91 296
91 589
91 331
91 79
91 1218
91 572
91 518
91 1229
91 337
91 168
91 1374
91 67
91 263
91 1100
91 169
91 309
91 43
91 1167
91 975
91 763
91 443
91 352
91 1321
91 1051
91 353
91 979
91 710
91 1002
91 421
91 1322
91 1244
91 329
91 707
91 553
91 187
91 1043
91 85
91 302
91 755
91 1007
91 1227
91 747
91 391
91 105
91 258
91 299
91 444
91 812
91 714
91 1180
91 8
91 208
91 267
91 921
91 319
91 371
91 306
91 24
91 536
91 719
91 1087
91 110
91 899
91 897
91 51
91 195
91 1082
91 569
91 573
91 1255
91 973
91 807
91 245
91 1221
91 1173
91 1391
91 552
91 660
91 95
91 183
91 445
91 103
91 1317
91 987
91 762
91 1030
91 809
91 81
91 517
91 1203
91 44
91 244
91 1172
91 14
91 292
91 441
91 286
91 1355
91 905
91 1352
91 1246
91 189
91 4
91 645
91 32
91 857
91 1009
91 1232
91 1381
91 806
91 664
91 933
91 455
91 990
91 699
91 1096
91 784
91 1131
91 766
91 959
91 1296
91 78
91 146
91 177
91 274
91 21
91 1386
91 856
91 1223
91 206
91 1364
91 1039
91 1213
91 1188
91 1250
91 1139
91 1004
91 304
91 125
91 1361
91 1343
91 875
91 943
91 790
91 1367
91 1
91 57
91 133
91 594
91 291
91 972
91 701
91 375
91 559
91 715
91 102
91 262
91 1097
91 275
91 364
91 74
91 173
91 751
91 704
91 448
91 848
91 132
91 123
91 42
91 254
91 992
91 865
91 983
91 437
91 1069
91 892
91 598
91 347
91 1307
91 693
91 1165
91 590
91 340
91 1395
91 534
91 1098
91 822
91 1313
91 953
91 476
91 1247
91 1160
91 909
91 838
91 318
91 597
91 303
91 847
91 649
91 1373
91 1205
91 260
91 205
91 633
91 145
91 667
91 1159
91 1126
91 55
91 1265
91 1371
91 282
91 737
91 11
91 1287
91 82
91 355
91 939
91 49
91 225
91 87
91 657
91 210
91 434
91 1191
91 120
91 896
91 849
91 486
91 1031
91 692
91 198
91 1099
91 954
91 769
91 1331
91 1268
91 773
91 1106
91 449
91 117
91 887
91 68
91 547
91 546
91 450
91 1249
91 1237
91 846
91 1164
91 1396
91 528
91 535
91 1008
91 1132
91 403
91 171
91 186
91 754
91 690
91 1323
91 249
91 1001
91 397
91 1325
91 602
91 782
91 930
91 346
91 604
91 61
91 1066
91 1259
91 1196
91 489
91 941
91 956
91 562
91 269
91 548
91 1241
91 1366
91 147
91 1281
91 184
91 190
91 390
91 1400
91 1273
91 1091
91 653
91 1109
91 765
91 912
91 946
91 417
91 613
91 615
91 128
91 580
91 377
91 1295
91 344
91 1207
91 543
91 574
91 39
91 220
91 395
91 1157
91 1217
91 1297
91 1251
91 506
91 349
91 338
91 1013
91 259
91 308
91 729
91 618
91 794
91 867
91 601
91 363
91 1220
91 760
91 1077
91 1184
91 661
91 152
91 59
91 1128
91 620
91 1163
91 290
91 1264
91 839
91 964
91 1107
91 942
91 456
91 531
91 788
91 73
91 1115
91 713
91 1018
91 317
91 29
91 1156
91 614
91 170
91 673
91 828
91 541
91 1326
91 1225
91 276
91 974
91 1057
91 511
91 1342
91 151
91 628
91 1235
91 625
91 131
91 962
91 560
91 662
91 764
91 219
91 858
91 999
91 636
91 1375
91 1351
91 100
91 270
91 1204
91 996
91 66
91 994
91 928
91 603
91 401
91 753
91 1277
91 140
91 1019
91 1144
91 859
91 165
91 83
91 1040
91 199
91 721
91 163
91 1201
