92 810
92 804
92 809
92 758
92 806
92 1219
92 1247
92 683
92 1373
92 807
92 808
92 741
92 1331
92 1071
92 1252
92 783
92 235
92 805
92 1243
92 1093
92 1217
92 711
92 811
92 1147
92 575
92 731
92 1002
92 713
92 357
92 164
92 1201
92 1220
92 209
92 221
92 971
92 409
92 178
92 688
92 1077
92 218
92 523
92 444
92 141
92 918
92 915
92 747
92 39
92 880
92 709
92 790
92 1001
92 355
92 579
92 124
92 535
92 77
92 1135
92 1086
92 515
92 834
92 1142
92 363
92 1293
92 870
92 625
92 1341
92 726
92 708
92 717
92 317
92 429
92 945
92 414
92 1108
92 627
92 1380
92 192
92 127
92 552
92 302
92 157
92 1060
92 1124
92 1075
92 684
92 836
92 1051
92 993
92 1162
92 172
92 354
92 378
92 972
92 1151
92 1224
92 54
92 663
92 76
92 1074
92 774
92 643
92 673
92 728
92 1259
92 306
92 772
92 231
92 36
92 762
92 691
92 719
92 1349
92 555
92 87
92 1136
92 1222
92 304
92 1039
92 1164
92 314
92 682
92 640
92 629
92 160
92 184
92 839
92 521
92 1056
92 665
92 833
92 472
92 895
92 753
92 70
92 65
92 481
92 694
92 321
92 860
92 1225
92 868
92 415
92 292
92 1111
92 1207
92 727
92 1033
92 608
92 1285
92 1005
92 1054
92 102
92 581
92 395
92 1101
92 1270
92 1246
92 985
92 1377
92 47
92 309
92 718
92 198
92 263
92 28
92 227
92 592
92 878
92 37
92 397
92 1044
92 212
92 443
92 326
92 704
92 960
92 269
92 782
92 1169
92 1100
92 658
92 1242
92 893
92 1298
92 1153
92 27
92 442
92 1202
92 128
92 674
92 814
92 364
92 830
92 1104
92 543
92 435
92 417
92 194
92 1362
92 1353
92 612
92 724
92 341
92 577
92 288
92 1119
92 1378
92 907
92 676
92 257
92 932
92 968
92 1329
92 1272
92 559
92 539
92 986
92 1110
92 948
92 1360
92 44
92 556
92 151
92 468
92 454
92 981
92 1287
92 83
92 1361
92 456
92 696
92 234
92 1062
92 174
92 837
92 419
92 246
92 675
92 530
92 534
92 9
92 1248
92 1159
92 1192
92 372
92 85
92 602
92 832
92 976
92 599
92 318
92 248
92 1343
92 941
92 78
92 215
92 931
92 925
92 116
92 1338
92 626
92 1390
92 681
92 1227
92 55
92 851
92 514
92 600
92 195
92 367
92 388
92 1038
92 329
92 58
92 495
92 118
92 1055
92 1310
92 939
92 1280
92 777
92 697
92 586
92 1319
92 1183
92 1320
92 249
92 368
92 1347
92 301
92 319
92 262
92 659
92 849
92 1018
92 25
92 253
92 351
92 163
92 135
92 140
92 1351
92 448
92 101
92 272
92 1078
92 312
92 650
92 94
92 966
92 56
92 14
92 504
92 1292
92 819
92 1350
92 519
92 114
92 1015
92 576
92 924
92 792
92 232
92 528
92 906
92 1313
92 613
92 30
92 970
92 987
92 517
92 1399
92 730
92 1176
92 497
92 1081
92 942
92 251
92 801
92 400
92 964
92 190
92 280
92 935
92 536
92 297
92 1386
92 421
92 1069
92 90
92 228
92 911
92 1200
92 798
92 150
92 223
92 281
92 52
92 544
92 204
92 1007
92 1186
92 984
92 797
92 1397
92 947
92 384
92 129
92 584
92 1095
92 1284
92 1400
92 1091
92 49
92 1250
92 605
92 40
92 1205
92 244
92 1228
92 580
92 773
92 1383
92 977
92 603
92 503
92 230
92 73
92 1019
92 1294
92 220
92 1152
92 1370
92 213
92 574
92 217
92 201
92 891
92 588
92 158
92 239
92 1274
92 168
92 1251
92 734
92 779
92 1105
92 152
92 256
92 1303
92 125
92 869
92 873
92 957
92 1053
92 794
92 769
92 572
92 1291
92 859
92 1193
92 1134
92 210
92 896
92 614
92 100
92 1312
92 1016
92 479
92 630
92 997
92 1309
92 529
92 270
92 1037
92 1203
92 484
92 620
92 15
92 1261
92 710
92 373
92 702
92 32
92 273
92 1342
92 722
92 1290
92 540
92 716
92 1067
92 1354
92 928
92 42
92 86
92 1009
92 778
92 725
92 872
92 705
92 173
92 905
92 746
92 107
92 738
92 958
92 563
92 951
92 1117
92 633
92 356
92 453
92 1072
92 712
92 1122
92 1289
92 1131
92 821
92 12
92 615
92 596
92 1384
92 1092
92 525
92 1012
92 883
92 1139
92 1388
92 1187
92 374
92 564
92 1210
92 560
92 876
92 554
92 1215
92 1188
92 149
92 927
92 1268
92 277
92 921
92 919
92 1263
92 845
92 785
92 1375
92 969
92 1013
92 122
92 729
92 980
92 1040
92 275
92 770
92 1194
92 621
92 546
92 526
92 733
92 143
92 1396
92 1035
92 379
92 1047
92 865
92 186
92 917
92 330
92 1279
92 934
92 589
92 926
92 1036
92 328
92 1322
92 930
92 1382
92 979
92 610
92 202
92 84
92 1156
92 768
92 80
92 1175
92 787
92 1366
92 205
92 923
92 446
92 390
92 667
92 60
92 1393
92 1113
92 113
92 287
92 426
92 1059
92 1265
92 144
92 936
92 110
92 344
92 155
92 1057
92 720
92 486
92 511
92 282
92 222
92 1240
92 349
92 458
92 593
92 162
92 628
92 1
92 133
92 259
92 193
92 1339
92 375
92 109
92 416
92 1387
92 1089
92 571
92 903
92 488
92 661
92 294
92 123
92 427
92 334
92 820
92 799
92 1344
92 1160
92 132
92 707
92 553
92 857
92 695
92 542
92 646
92 433
92 1326
92 1088
92 904
92 962
92 115
92 649
92 1335
92 756
92 33
92 1204
92 996
92 826
92 685
92 165
92 767
92 1271
92 638
92 1066
92 401
92 721
92 874
92 225
92 1321
92 1371
92 1209
92 1325
