94 283
94 1393
94 559
94 1104
94 366
94 365
94 101
94 1161
94 438
94 983
94 1394
94 662
94 537
94 564
94 84
94 142
94 1213
94 1258
94 572
94 689
94 369
94 655
94 524
94 1107
94 35
94 44
94 666
94 294
94 24
94 398
94 1307
94 36
94 1159
94 668
94 123
94 555
94 626
94 1348
94 1040
94 1006
94 670
94 522
94 1319
94 571
94 5
94 318
94 1395
94 323
94 1253
94 509
94 211
94 1263
94 959
94 1097
94 554
94 962
94 1185
94 295
94 324
94 1274
94 1002
94 55
94 872
94 501
94 303
94 354
94 566
94 1099
94 347
94 784
94 269
94 435
94 273
94 717
94 553
94 606
94 145
94 1151
94 1300
94 332
94 688
94 25
94 240
94 93
94 661
94 387
94 754
94 120
94 1204
94 158
94 1062
94 539
94 1065
94 49
94 1198
94 816
94 1386
94 1106
94 873
94 146
94 37
94 949
94 20
94 1239
94 1192
94 523
94 1344
94 372
94 1236
94 1112
94 1318
94 1378
94 497
94 544
94 979
94 623
94 353
94 1179
94 575
94 260
94 789
94 976
94 1005
94 98
94 1101
94 1003
94 552
94 1157
94 329
94 348
94 421
94 378
94 1366
94 160
94 102
94 410
94 343
94 560
94 493
94 328
94 635
94 61
94 876
94 21
94 1147
94 546
94 597
94 437
94 1264
94 498
94 1383
94 233
94 1222
94 1377
94 574
94 161
94 1191
94 352
94 488
94 196
94 981
94 154
94 58
94 266
94 1074
94 370
94 1311
94 1328
94 395
94 1243
94 556
94 272
94 81
94 541
94 584
94 1207
94 646
94 630
94 62
94 803
94 45
94 645
94 533
94 651
94 325
94 1098
94 982
94 1105
94 305
94 1241
94 565
94 587
94 707
94 197
94 861
94 1215
94 349
94 27
94 576
94 59
94 1182
94 1193
94 1381
94 54
94 562
94 181
94 6
94 394
94 1009
94 625
94 364
94 333
94 808
94 134
94 85
94 186
94 773
94 396
94 1224
94 557
94 963
94 667
94 424
94 599
94 1247
94 135
94 1238
94 29
94 1282
94 1279
94 1226
94 1158
94 634
94 946
94 759
94 550
94 23
94 122
94 978
94 767
94 585
94 436
94 483
94 456
94 409
94 1096
94 947
94 414
94 13
94 1197
94 469
94 1046
94 527
94 1010
94 1021
94 432
94 1229
94 1301
94 1124
94 234
94 1298
94 595
94 656
94 248
94 992
94 815
94 1188
94 629
94 1027
94 144
94 306
94 1199
94 401
94 1073
94 1075
94 525
94 339
94 923
94 1061
94 1000
94 94
94 1317
94 609
94 77
94 802
94 267
94 1259
94 447
94 1200
94 542
94 97
94 580
94 628
94 1302
94 1255
94 465
94 980
94 360
94 922
94 1281
94 568
94 371
94 1218
94 927
94 119
94 994
94 582
94 1384
94 106
94 1355
94 103
94 162
94 192
94 1254
94 147
94 1385
94 433
94 51
94 274
94 164
94 232
94 176
94 399
94 1309
94 473
94 307
94 168
94 1268
94 899
94 508
94 82
94 338
94 891
94 11
94 292
94 1001
94 231
94 310
94 944
94 1004
94 912
94 334
94 974
94 1217
94 925
94 1391
94 157
94 480
94 178
94 570
94 1007
94 423
94 344
94 577
94 88
94 110
94 747
94 869
94 593
94 1108
94 47
94 1201
94 126
94 1246
94 1100
94 966
94 79
94 487
94 616
94 605
94 74
94 89
94 1183
94 66
94 383
94 243
94 801
94 320
94 1283
94 1284
94 531
94 519
94 26
94 1310
94 988
94 489
94 373
94 973
94 375
94 50
94 1397
94 300
94 1087
94 1352
94 521
94 321
94 485
94 1297
94 690
94 809
94 330
94 397
94 355
94 1231
94 71
94 1373
94 342
94 538
94 997
94 993
94 1304
94 422
94 999
94 1214
94 125
94 549
94 1146
94 579
94 924
94 500
94 528
94 434
94 1082
94 1296
94 228
94 1211
94 406
94 486
94 1039
94 1356
94 603
94 713
94 494
94 954
94 989
94 454
94 340
94 1143
94 235
94 428
94 1195
94 151
94 766
94 322
94 481
94 1234
94 1051
94 832
94 967
94 1257
94 345
94 1140
94 858
94 115
94 185
94 1250
94 1295
94 384
94 1186
94 206
94 657
94 1114
94 714
94 463
94 991
94 939
94 22
94 270
94 247
94 1262
94 829
94 407
94 1372
94 1374
94 91
94 520
94 753
94 1017
94 249
94 529
94 921
94 350
94 1178
94 610
94 1219
94 202
94 677
94 167
94 942
94 715
94 159
94 150
94 1306
94 569
94 1305
94 596
94 665
94 166
94 1342
94 578
94 744
94 1337
94 659
94 499
94 289
94 901
94 30
94 950
94 261
94 443
94 886
94 870
94 1292
94 685
94 56
94 287
94 849
94 1286
94 1216
94 12
94 1149
94 241
94 139
94 586
94 179
94 518
94 268
94 1320
94 1362
94 969
94 1209
94 1110
94 860
94 155
94 644
94 468
94 1088
94 739
94 10
94 898
94 222
94 1367
94 193
94 189
94 624
94 19
94 28
94 877
94 317
94 919
94 279
94 800
94 229
94 547
94 1066
94 1072
94 865
94 163
94 660
94 536
94 116
94 95
94 1345
94 928
94 814
94 128
94 1116
94 1020
94 297
94 326
94 663
94 224
94 1273
94 225
94 57
94 1109
94 736
94 460
94 259
94 331
94 833
94 615
94 512
94 38
94 1390
94 1069
94 1351
94 2
94 251
94 940
94 124
94 1177
94 400
94 446
94 863
94 1308
94 1382
94 972
94 794
94 640
94 778
94 236
94 476
94 1314
94 642
94 431
94 78
94 302
94 838
94 1145
94 230
94 1050
94 1047
94 618
94 453
94 503
94 336
94 72
94 1369
94 1122
94 1361
94 1111
94 188
94 182
94 148
94 756
94 1137
94 314
94 612
94 1350
94 678
94 813
94 1155
94 1237
94 827
94 1184
94 1359
94 761
94 492
94 327
94 540
94 121
94 686
94 1205
94 452
94 990
94 699
94 111
94 823
94 457
94 996
94 479
94 14
94 1071
94 1156
94 614
94 1113
94 952
94 811
94 177
94 907
94 1121
94 902
94 843
94 1396
94 1148
94 16
94 1271
94 199
94 131
94 1346
94 948
94 617
94 171
94 955
94 1336
94 205
94 1160
94 1270
94 356
94 695
94 474
94 496
94 491
94 725
94 918
94 1196
94 956
94 105
94 911
94 296
94 1043
94 311
94 495
94 986
94 1334
94 743
94 1029
94 87
94 391
94 1277
94 852
94 859
94 1187
94 1400
94 60
94 1332
94 466
94 1220
94 1052
94 977
94 275
94 830
94 220
94 1248
94 100
94 1335
94 1130
94 108
94 1392
94 195
94 1
94 216
94 359
94 620
94 729
94 798
94 622
94 1015
94 442
94 601
94 1329
94 363
94 68
94 760
94 740
94 420
94 173
94 1153
94 1245
94 1354
94 916
94 1125
94 17
94 588
94 464
94 293
94 69
94 548
94 968
94 1379
94 448
94 1008
94 1313
94 839
94 263
94 964
94 169
94 746
94 888
94 788
94 844
94 799
94 92
94 604
94 934
94 589
94 455
94 43
94 187
94 237
94 730
94 889
94 204
94 975
94 828
94 563
94 943
94 825
94 719
94 675
94 1240
94 805
94 1057
94 1280
94 304
94 1294
94 1303
94 1025
94 731
94 1315
94 221
94 1064
94 1127
94 1235
94 99
94 720
94 1244
94 1290
94 1119
94 288
94 416
94 1194
94 727
94 573
94 1077
94 262
94 621
94 73
94 845
94 718
94 1212
94 277
94 792
94 212
94 172
94 80
94 252
94 874
94 129
94 417
94 711
94 1380
94 1321
94 1375
94 174
94 1134
94 198
94 1202
94 721
94 427
94 244
