95 662
95 689
95 635
95 535
95 1191
95 1395
95 1002
95 564
95 272
95 370
95 1104
95 690
95 398
95 628
95 554
95 872
95 123
95 283
95 566
95 1258
95 1393
95 101
95 1263
95 800
95 959
95 49
95 145
95 1204
95 435
95 142
95 1213
95 120
95 962
95 260
95 559
95 1378
95 1161
95 1158
95 1192
95 1106
95 1274
95 1107
95 55
95 873
95 666
95 1319
95 983
95 497
95 294
95 295
95 571
95 347
95 1185
95 784
95 1366
95 954
95 623
95 1307
95 546
95 37
95 661
95 98
95 269
95 348
95 378
95 102
95 343
95 556
95 303
95 555
95 5
95 655
95 21
95 154
95 1183
95 524
95 509
95 606
95 158
95 789
95 29
95 572
95 395
95 240
95 981
95 553
95 539
95 81
95 584
95 1097
95 45
95 754
95 1394
95 25
95 1386
95 1100
95 305
95 861
95 522
95 668
95 670
95 1062
95 354
95 1348
95 353
95 84
95 651
95 396
95 963
95 135
95 1157
95 1282
95 387
95 550
95 23
95 1159
95 352
95 436
95 982
95 144
95 1222
95 1200
95 36
95 1046
95 1021
95 767
95 438
95 1207
95 325
95 1355
95 306
95 1073
95 525
95 339
95 1317
95 1264
95 1099
95 1382
95 197
95 980
95 707
95 1199
95 646
95 560
95 338
95 44
95 585
95 62
95 13
95 465
95 1074
95 366
95 383
95 1039
95 1283
95 61
95 274
95 344
95 1328
95 243
95 538
95 399
95 24
95 891
95 95
95 1205
95 443
95 1229
95 493
95 94
95 542
95 512
95 1040
95 944
95 1004
95 1226
95 912
95 307
95 57
95 549
95 1217
95 1268
95 1236
95 570
95 38
95 51
95 147
95 365
95 1381
95 869
95 645
95 47
95 194
95 581
95 579
95 500
95 267
95 407
95 74
95 565
95 66
95 77
95 544
95 1231
95 50
95 1397
95 485
95 333
95 1334
95 437
95 580
95 1374
95 329
95 355
95 1332
95 71
95 459
95 1261
95 414
95 1280
95 409
95 342
95 997
95 977
95 971
95 1384
95 927
95 1080
95 85
95 181
95 1178
95 1146
95 1237
95 860
95 679
95 773
95 406
95 6
95 193
95 310
95 1075
95 978
95 674
95 54
95 1311
95 680
95 56
95 808
95 481
95 1215
95 1051
95 328
95 91
95 642
95 222
95 1257
95 185
95 1385
95 1250
95 1145
95 683
95 364
95 632
95 369
95 1300
95 447
95 22
95 270
95 717
95 829
95 514
95 1098
95 1017
95 162
95 203
95 350
95 552
95 610
95 202
95 678
95 159
95 582
95 164
95 1306
95 312
95 887
95 657
95 1337
95 979
95 1352
95 30
95 950
95 1271
95 489
95 836
95 695
95 287
95 126
95 545
95 12
95 241
95 586
95 652
95 518
95 1241
95 268
95 249
95 119
95 1320
95 1362
95 1281
95 952
95 587
95 363
95 10
95 898
95 345
95 332
95 168
95 1367
95 671
95 667
95 335
95 82
95 1266
95 609
95 877
95 250
95 88
95 1279
95 314
95 901
95 865
95 1246
95 1090
95 178
95 1345
95 1262
95 496
95 128
95 1198
95 248
95 1216
95 1116
95 1377
95 1234
95 637
95 205
95 663
95 187
95 920
95 39
95 694
95 1344
95 273
95 681
95 603
95 1182
95 196
95 612
95 251
95 1177
95 400
95 899
95 257
95 863
95 1255
95 1339
95 428
95 640
95 386
95 1096
95 131
95 469
95 1314
95 1147
95 78
95 228
95 302
95 574
95 838
95 151
95 1050
95 108
95 195
95 97
95 453
95 1
95 503
95 480
95 72
95 1248
95 604
95 415
95 80
95 1369
95 575
95 567
95 1122
95 1361
95 182
95 148
95 278
95 423
95 89
95 19
95 11
95 1276
95 659
95 351
95 907
95 827
95 1076
95 464
95 498
95 714
95 1359
95 761
95 327
95 226
95 540
95 1285
95 121
95 1219
95 4
95 715
95 467
95 625
95 966
95 576
95 235
95 557
95 1151
95 823
95 1302
95 90
95 562
95 31
95 70
95 1121
95 163
95 233
95 843
95 1396
95 1072
95 110
95 1267
95 1243
95 1148
95 809
95 138
95 698
95 1140
95 199
95 1346
95 289
95 171
95 186
95 261
95 330
95 1149
95 955
95 1383
95 1160
95 397
95 1270
95 234
95 474
95 491
95 725
95 475
95 1196
95 1006
95 956
95 458
95 911
95 225
95 288
95 743
95 794
95 486
95 747
95 391
95 433
95 1061
95 362
95 1305
95 629
95 1277
95 859
95 1400
95 60
95 521
95 647
95 470
95 466
95 1220
95 946
95 1052
95 687
95 492
95 1399
95 1336
95 275
95 886
95 814
95 830
95 850
95 705
95 292
95 900
95 573
95 224
95 1335
95 456
95 1130
95 736
95 788
95 1253
95 605
95 1368
95 593
95 430
95 478
95 620
95 693
95 729
95 928
95 232
95 919
95 990
95 1175
95 699
95 703
95 796
95 442
95 1027
95 372
95 842
95 68
95 760
95 1372
95 740
95 547
95 321
95 735
95 631
95 1354
95 1125
95 513
95 968
95 1379
95 448
95 206
95 1008
95 1313
95 675
95 1212
95 1005
95 411
95 677
95 1398
95 839
95 263
95 964
95 169
95 334
95 746
95 888
95 918
95 904
95 844
95 799
95 92
95 654
95 1038
95 1101
95 665
95 421
95 455
95 1155
95 922
95 28
95 115
95 561
95 65
95 1233
95 730
95 1003
95 48
95 1301
95 889
95 219
95 1143
95 756
95 529
95 692
95 975
95 769
95 1327
95 636
95 1088
95 463
95 825
95 611
95 704
95 805
95 468
95 876
95 457
95 1092
95 996
95 304
95 449
95 1294
95 1025
95 1295
95 770
95 1315
95 221
95 688
95 1127
95 99
95 279
95 994
95 624
95 349
95 720
95 1244
95 434
95 1290
95 1119
95 473
95 1190
95 905
95 166
95 20
95 375
95 739
95 1077
95 262
95 192
95 1082
95 870
95 1179
95 621
95 641
95 1043
95 1032
95 947
95 626
95 1390
95 1238
95 787
95 783
95 1091
95 73
95 845
95 58
95 247
95 432
95 1239
95 155
95 220
95 644
95 277
95 1197
95 943
95 508
95 381
95 212
95 989
95 253
95 985
95 1363
95 753
95 1303
95 974
95 972
95 160
95 129
95 266
95 733
95 601
95 1329
95 183
95 903
95 711
95 211
95 59
95 477
95 379
95 1224
95 1325
95 1321
95 1310
95 917
95 1056
95 934
95 1375
95 781
95 588
95 762
95 682
95 894
95 1209
95 1059
95 673
95 1289
95 476
95 1343
95 157
95 1064
95 1235
95 252
95 246
95 416
95 991
95 757
95 173
95 484
95 1195
95 132
95 696
95 209
95 811
95 427
95 96
95 1019
95 417
95 710
95 721
