98 673
98 638
98 1163
98 1393
98 368
98 631
98 1265
98 1343
98 245
98 748
98 1285
98 792
98 1095
98 1091
98 772
98 1356
98 969
98 1373
98 1169
98 704
98 1064
98 222
98 559
98 1338
98 757
98 238
98 1162
98 815
98 1385
98 1094
98 690
98 1246
98 717
98 1349
98 1089
98 1334
98 182
98 1332
98 451
98 1211
98 747
98 712
98 85
98 996
98 217
98 187
98 76
98 1328
98 1080
98 200
98 265
98 252
98 1195
98 1390
98 411
98 482
98 190
98 700
98 992
98 669
98 880
98 1044
98 1340
98 213
98 685
98 570
98 38
98 206
98 433
98 946
98 917
98 1205
98 905
98 196
98 601
98 708
98 919
98 670
98 505
98 1239
98 637
98 1250
98 295
98 1380
98 692
98 1381
98 790
98 114
98 297
98 521
98 666
98 176
98 774
98 797
98 141
98 1326
98 693
98 947
98 798
98 1155
98 54
98 624
98 315
98 36
98 367
98 876
98 758
98 1009
98 711
98 759
98 781
98 773
98 52
98 465
98 1106
98 924
98 658
98 10
98 101
98 1224
98 578
98 1031
98 221
98 409
98 226
98 683
98 145
98 167
98 1339
98 33
98 445
98 1341
98 1124
98 916
98 415
98 416
98 1084
98 498
98 721
98 125
98 1394
98 710
98 671
98 43
98 643
98 1288
98 676
98 746
98 870
98 37
98 442
98 288
98 139
98 243
98 273
98 632
98 799
98 1254
98 1225
98 137
98 1279
98 675
98 40
98 526
98 918
98 9
98 921
98 234
98 25
98 207
98 895
98 569
98 1320
98 292
98 535
98 203
98 1222
98 1274
98 380
98 208
98 1271
98 1391
98 593
98 156
98 80
98 342
98 1
98 214
98 504
98 522
98 1151
98 878
98 453
98 987
98 129
98 651
98 775
98 1292
98 976
98 41
98 410
98 55
98 816
98 363
98 199
98 211
98 681
98 74
98 374
98 668
98 925
98 1145
98 1303
98 202
98 264
98 171
98 49
98 1324
98 874
98 588
98 972
98 493
98 630
98 812
98 375
98 1006
98 204
98 142
98 429
98 61
98 991
98 1201
98 338
98 242
98 836
98 431
98 977
98 1038
98 209
98 240
98 1215
98 568
98 440
98 218
98 184
98 1319
98 640
98 236
98 636
98 316
98 564
98 516
98 481
98 1377
98 183
98 1111
98 1307
98 319
98 306
98 296
98 1290
98 78
98 1075
98 212
98 1122
98 12
98 467
98 783
98 1203
98 557
98 1167
98 600
98 435
98 1098
98 1057
98 1229
98 472
98 974
98 7
98 941
98 902
98 1289
98 216
98 537
98 686
98 427
98 311
98 791
98 197
98 867
98 1154
98 359
98 79
98 247
98 988
98 674
98 437
98 103
98 971
98 701
98 697
98 680
98 702
98 96
98 1345
98 550
98 811
98 707
98 989
98 1395
98 534
98 933
98 60
98 677
98 484
98 927
98 803
98 1115
98 1082
98 1374
98 1263
98 1105
98 667
98 1336
98 1065
98 23
98 287
98 413
98 576
98 239
98 903
98 14
98 1147
98 88
98 154
98 805
98 782
98 1255
98 466
98 1212
98 961
98 1165
98 430
98 490
98 1063
98 1000
98 634
98 678
98 56
98 251
98 694
98 331
98 814
98 364
98 536
98 1191
98 679
98 500
98 779
98 755
98 94
98 334
98 964
98 655
98 672
98 172
98 166
98 645
98 562
98 982
98 793
98 625
98 47
98 165
98 629
98 27
98 705
98 853
98 69
98 970
98 606
98 1278
98 503
98 771
98 764
98 574
98 719
98 1305
98 230
98 589
98 1208
98 70
98 856
98 105
98 258
98 1223
98 1073
98 146
98 186
98 837
98 77
98 266
98 261
98 1323
98 801
98 1322
98 761
98 254
98 565
98 1306
98 58
98 1220
98 1062
98 229
98 347
98 232
98 169
98 1310
98 738
98 1218
98 566
98 1092
98 274
98 695
98 147
98 205
98 514
98 82
98 1164
98 520
98 894
98 19
98 174
98 97
98 95
98 455
98 302
98 898
98 745
98 381
98 360
98 110
98 328
98 1231
98 1157
98 177
98 753
98 280
98 86
98 727
98 923
98 259
98 879
98 795
98 518
98 647
98 227
98 470
98 178
98 914
98 687
98 904
98 1138
98 345
98 784
98 766
98 294
98 959
98 1097
98 446
98 267
98 513
98 371
98 935
98 173
98 986
98 1331
98 231
98 682
98 1054
98 250
98 544
98 438
98 307
98 168
98 546
98 198
98 426
98 233
98 508
98 469
98 372
98 1346
98 373
98 501
98 253
98 244
98 1311
98 358
98 1132
98 1158
98 1280
98 1161
98 124
98 951
98 179
98 1219
98 1172
98 826
98 930
98 406
98 346
98 378
98 201
98 193
98 990
98 1325
98 802
98 1196
98 541
98 489
98 1076
98 525
98 464
98 1150
98 1348
98 1388
98 592
98 99
98 663
98 1093
98 324
98 586
98 1011
98 1281
98 1040
98 1183
98 1359
98 327
98 326
98 765
98 162
98 610
98 613
98 1269
98 1110
98 441
98 818
98 560
98 377
98 1118
98 877
98 1295
98 1316
98 611
98 752
98 800
98 1207
98 543
98 111
98 395
98 1213
98 1244
98 749
98 1337
98 293
98 567
98 321
98 1309
98 1297
98 248
98 1300
98 225
98 1257
98 806
98 35
98 1088
98 279
98 843
98 998
98 981
98 623
98 808
98 2
98 502
98 829
98 436
98 901
98 92
98 1025
98 540
98 330
98 716
98 1258
98 646
98 994
98 955
98 447
98 1068
98 26
98 1268
98 370
98 823
98 1112
98 277
98 650
98 886
98 529
98 958
98 192
98 725
98 1282
98 53
98 945
98 362
98 960
98 531
98 132
98 283
98 966
98 743
98 1160
98 468
98 950
98 1362
98 519
98 494
98 1142
98 1177
98 89
98 1313
98 112
98 644
98 369
98 572
98 262
98 337
98 276
98 1130
98 67
98 263
98 1100
98 309
98 824
98 1198
98 136
98 975
98 763
98 622
98 341
98 443
98 352
98 1053
98 1321
98 1051
98 353
98 979
98 628
98 235
98 1002
98 421
98 329
98 300
98 571
98 553
98 796
98 1066
98 1125
98 1043
98 1007
98 1227
98 391
98 299
98 444
98 188
98 844
98 714
98 1180
98 8
98 1382
98 24
98 1087
98 899
98 897
98 51
98 195
98 889
98 573
98 973
98 807
98 1221
98 1173
98 563
98 552
98 660
98 357
98 160
98 1317
98 1230
98 762
98 1030
98 809
98 81
98 1137
98 517
98 44
98 286
98 1153
98 1355
98 1352
98 189
98 4
98 32
98 115
98 993
98 857
98 496
98 1232
98 1028
98 664
98 699
98 1096
98 739
98 1131
98 1114
98 1296
98 272
98 1248
98 21
98 1386
98 423
98 1364
98 1039
98 1188
98 1139
98 1004
98 304
98 968
98 1361
98 289
98 997
98 875
98 943
98 595
98 1367
98 57
98 133
98 594
98 291
98 709
98 1350
98 715
98 102
98 275
98 751
98 448
98 848
98 123
98 42
98 865
98 983
98 1069
98 892
98 598
98 590
98 340
98 163
98 822
98 953
98 476
98 1247
98 909
98 838
98 318
98 597
98 303
98 847
98 649
98 260
98 633
98 1159
98 1126
98 1371
98 282
98 737
98 11
98 1287
98 355
98 939
98 87
98 657
98 210
98 434
98 1074
98 120
98 896
98 849
98 486
98 1099
98 954
98 769
98 449
98 117
98 887
98 68
98 547
98 450
98 1249
98 1237
98 846
98 1396
98 528
98 1243
98 1008
98 403
98 754
98 249
98 1001
98 397
98 602
98 604
98 780
98 1259
98 956
98 269
98 548
98 1241
98 1366
98 390
98 1400
98 1273
98 653
98 1109
98 912
98 417
98 615
98 128
98 580
98 344
98 39
98 220
98 1217
98 1251
98 506
98 349
98 1013
98 308
98 729
98 618
98 794
98 760
98 1077
98 1184
98 661
98 152
98 59
98 1128
98 620
98 290
98 1264
98 839
98 1107
98 942
98 456
98 788
98 73
98 713
98 1018
98 317
98 29
98 1156
98 614
98 170
98 828
98 511
98 1342
98 151
98 688
98 1235
98 131
98 962
98 662
98 219
98 858
98 999
98 1375
98 1351
98 100
98 270
98 1204
98 66
98 928
98 603
98 401
98 1277
98 140
98 1019
98 1144
98 859
98 83
